2.091343896835499809e-03
2.196308996919999791e-03
2.328897495825599240e-03
2.482038775999998847e-03
2.659820453619999008e-03
2.829737656304437583e-03
3.037689053021699545e-03
3.181518692475649238e-03
3.397716857846400096e-03
3.658293674459199823e-03
3.877457288224377043e-03
4.163844085572264431e-03
4.464768265318400098e-03
4.736073823483349585e-03
5.065055017233299588e-03
5.415267445387250168e-03
5.801603797773701061e-03
6.271381534962787961e-03
6.704858973933101006e-03
7.272425383749800930e-03
7.871811633572997277e-03
7.970190694812449156e-03
8.143050163921281698e-03
8.211586850880980143e-03
8.370866376724359417e-03
8.463103401220001265e-03
8.602579786033254933e-03
8.712268582195314970e-03
8.929568601233282485e-03
9.113950125239944286e-03
9.285444019638397148e-03
9.352691739781610752e-03
9.470201798440503957e-03
9.673512312535915980e-03
9.829433018332936131e-03
1.002577471432031589e-02
1.017316522385288899e-02
1.034757919301460515e-02
1.066023379566100569e-02
1.074763071211841045e-02
1.090569442113280274e-02
1.114538423612871330e-02
1.140133231343487541e-02
1.150163963971951968e-02
1.178505772177500938e-02
1.186098281671875421e-02
1.213851617065962556e-02
1.246082589074455974e-02
1.258657813839741783e-02
1.285072996060118884e-02
1.314659408327429647e-02
1.325014120903124717e-02
1.356755081371828313e-02
1.388988020362571726e-02
1.408609320201503583e-02
1.435899751146785253e-02
1.456068931033164399e-02
1.481317229105932193e-02
1.522538379824461829e-02
1.556682384559582126e-02
1.582486241544314026e-02
1.618426051179655198e-02
1.650867009525018927e-02
1.681597205913153842e-02
1.717170172614399665e-02
1.740237455516764273e-02
1.803174058067813154e-02
1.822384441640371999e-02
1.876813244444352005e-02
1.908497774345276066e-02
1.956333688812212507e-02
2.011587602653892165e-02
2.057239578155167434e-02
2.094166852974191362e-02
2.116053531012787592e-02
2.185588988787460704e-02
2.222999653140599399e-02
2.300284676143055443e-02
2.334786168269234116e-02
2.390437868943660546e-02
2.457366494052959718e-02
2.548482696579098747e-02
2.577748720396548857e-02
2.650529050012271834e-02
2.728766791994789026e-02
2.765050303315439578e-02
2.852268186354256496e-02
2.949707026646324753e-02
3.015549480976448260e-02
3.095138751610715735e-02
3.188186372357208059e-02
3.258168466766015597e-02
3.352197991912511665e-02
3.453733933537374984e-02
3.522636307320063664e-02
3.654829864619155849e-02
3.733212138260863511e-02
3.858978388494874179e-02
3.980287867944685282e-02
4.079032939850257139e-02
4.233809834000078903e-02
4.344128653032530707e-02
4.480501437970510481e-02
4.644917534095087397e-02
4.759656318744576176e-02
4.986715213537654123e-02
5.105987763717531602e-02
5.301140636959104230e-02
5.430862274496701253e-02
5.677270629789898937e-02
5.875480697921638129e-02
6.089094801787880984e-02
6.284049178593550944e-02
6.543963423934032186e-02
6.782134347457471901e-02
7.059531100749856514e-02
7.294316356446668703e-02
7.662657242920221934e-02
7.838402545715440761e-02
8.303476422292742354e-02
8.643175675243901235e-02
8.949246450569378619e-02
9.345188642186876005e-02
9.789621705043080602e-02
1.019860427061709818e-01
1.064167960391779744e-01
1.124069599740253889e-01
1.178822902917879972e-01
1.240388253203671409e-01
1.296681684929831546e-01
1.349539175868283702e-01
1.418731469803732048e-01
1.488470646322518354e-01
1.574951548209291563e-01
1.643410183219052856e-01
1.734467256200626639e-01
1.818358298893499869e-01
1.916670369435354293e-01
2.026682505848676208e-01
2.116995658719154627e-01
2.206099128431844858e-01
2.315479139086214777e-01
2.425582960429636947e-01
2.515290432158536760e-01
2.623698117249154693e-01
2.733728127409978947e-01
2.827714273049455329e-01
2.898066166543976641e-01
2.975369474737520892e-01
3.029801550918617137e-01
3.052758850595588824e-01
3.065479582074691622e-01
3.064756682054781134e-01
3.031022578189354610e-01
2.973753372191870747e-01
2.889667360579913358e-01
2.747943377353527783e-01
2.627840682419283480e-01
2.507029450416806138e-01
2.387087583897801735e-01
2.145547134888253493e-01
1.994117346429880033e-01
1.838998528082485262e-01
1.641664819223165872e-01
1.493263965906027890e-01
1.376074717309562212e-01
1.186177208048175696e-01
1.059708673830655618e-01
9.435616349779139822e-02
9.101852552938816121e-02
7.449656288191192077e-02
7.037654057628300874e-02
6.249973816992564213e-02
5.336176332720658083e-02
5.073909236104424958e-02
4.660118080198950852e-02
3.960219992421886576e-02
3.602804891684001365e-02
3.470481601214389644e-02
2.975940493617465141e-02
2.820064420415899567e-02
2.745573623990053835e-02
2.267907456773891189e-02
2.261786604837342021e-02
2.072192466209088479e-02
1.865885428658135489e-02
1.738580696684475721e-02
1.665781150671464053e-02
1.488114936589183049e-02
1.507603017870461255e-02
1.315414025608189694e-02
1.251787258463368802e-02
1.189743325423859091e-02
1.131371231389639506e-02
1.056769728712899162e-02
1.003488971156625206e-02
9.571826469325351444e-03
9.243484378901557427e-03
8.714681970714720574e-03
8.371868789271104394e-03
7.871536780596670793e-03
7.703713285907010794e-03
7.368078796085235187e-03
7.054335385527700161e-03
6.770616795222146080e-03
6.536834569669221565e-03
6.164430429931247110e-03
5.845988403059364409e-03
5.794512385898713085e-03
5.501000622859745365e-03
5.350015041656490389e-03
5.140072772360234667e-03
4.910208694961205877e-03
4.802382715875333843e-03
4.671855540793473302e-03
4.532082562356664485e-03
4.371264821631456153e-03
4.345605596700776244e-03
4.131612892956915660e-03
3.967464771987754511e-03
3.850729259899488000e-03
3.592665648192738728e-03
2.929755030081793426e-03
2.581190556902015522e-03
2.286553411706861941e-03
2.036896539288557666e-03
1.818590332153817825e-03
1.642664835102048120e-03
1.504660459882245678e-03
1.371682394895046286e-03
1.263214455710670722e-03
1.142605170435810960e-03
1.054850792405091168e-03
9.711544066828902777e-04
8.960251065824208954e-04
8.359472060933459186e-04
7.715874376131991608e-04
7.257858525202109511e-04
6.712791472342161331e-04
6.290624554463785300e-04
5.835288394671067635e-04
5.522829279687080286e-04
5.203979036816974236e-04
4.899479287850195056e-04
4.595791065319332304e-04
4.352069111857037598e-04
4.052509645982382640e-04
3.825773204665594237e-04
3.588078040002073889e-04
3.437253142780871901e-04
3.240699809372138526e-04
3.065597000930164674e-04
2.917291707248281666e-04
2.763116828089362954e-04
2.603979567535219422e-04
2.480888887463895119e-04
2.358386996353090386e-04
2.233995823795709124e-04
2.122109013899020668e-04
2.025658328443213766e-04
1.928571575549042634e-04
1.836882278472451338e-04
1.750677069292727389e-04
1.665981065877275558e-04
1.582803762923390401e-04
1.523499198605282438e-04
1.467707005491725245e-04
1.375757909273023270e-04
1.320974665543417294e-04
1.255567815688607392e-04
1.200121470001924706e-04
1.157928088165061125e-04
1.107432465543922658e-04
1.066547508745330279e-04
1.015792386054492662e-04
9.626701753560063511e-05
9.213830252523536317e-05
8.776633590445117217e-05
8.527759578345951740e-05
8.077589483149516850e-05
7.747928563190953084e-05
