2.073258513099520469e-03
2.207615266111199494e-03
2.356072153948464941e-03
2.510723259610600239e-03
2.680249370270208591e-03
2.848270300119000367e-03
3.001204983701568491e-03
3.172910719580935776e-03
3.407996524550782960e-03
3.672316732274230524e-03
3.847856563359599615e-03
4.116464466114049502e-03
4.408045569680897266e-03
4.704770312565016016e-03
5.032763613787392433e-03
5.434098684600959309e-03
5.852601173276929074e-03
6.219727527176375018e-03
6.710659180089345241e-03
7.257222602955432783e-03
7.839136119552000265e-03
8.001498404632902822e-03
8.223964438514331024e-03
8.258575465483680017e-03
8.407204789746073811e-03
8.505897172047966262e-03
8.670253415531670865e-03
8.747454152000002855e-03
8.885971386858721593e-03
9.058204681455519006e-03
9.344534335872062628e-03
9.391374745626067042e-03
9.548793363205325055e-03
9.719895644022182035e-03
9.870853259866326987e-03
1.000548348377961437e-02
1.025555889985600017e-02
1.040419675451974800e-02
1.056366213418271846e-02
1.070176373975885616e-02
1.092636064817920083e-02
1.123637837412275013e-02
1.131939228581111713e-02
1.157805832442018387e-02
1.161070164364717480e-02
1.204123189067500196e-02
1.213000225533814903e-02
1.255698059260444525e-02
1.265918744323992276e-02
1.288845039698828868e-02
1.327437099795364742e-02
1.343312187739766246e-02
1.357837607821499835e-02
1.388026616820266582e-02
1.408780494122016322e-02
1.441399206782169318e-02
1.478958630777599433e-02
1.488277594690983439e-02
1.528449766249548314e-02
1.550175605037399512e-02
1.596354666148247156e-02
1.623262521525821456e-02
1.653030210625412721e-02
1.686001729170052976e-02
1.726883593996636143e-02
1.761039943024290955e-02
1.806477035891938462e-02
1.830340338878927789e-02
1.864573337099095784e-02
1.932010340804619572e-02
1.968878458321543859e-02
1.986416746496674768e-02
2.051662061761888936e-02
2.106837068546385180e-02
2.145667157576052961e-02
2.169840493706267498e-02
2.251548634684593861e-02
2.323656630440218418e-02
2.327251857868799581e-02
2.421105484192674975e-02
2.456657667384825119e-02
2.506584457654956188e-02
2.577372725636193143e-02
2.656299313272152129e-02
2.692055250102634925e-02
2.799720568052998029e-02
2.885364521983683345e-02
2.958597089181648834e-02
3.038151943853653267e-02
3.092989725715271712e-02
3.210978872837445125e-02
3.252297438938254320e-02
3.347650365791355470e-02
3.454973905311498755e-02
3.540379940849423812e-02
3.685755377482561462e-02
3.797701221504369562e-02
3.873463621382584182e-02
3.971452571776327989e-02
4.117953554242672481e-02
4.260122343207999041e-02
4.387949614046502550e-02
4.545440691635144193e-02
4.679434779407792844e-02
4.816235750522818160e-02
5.006167471264959951e-02
5.156908231507106866e-02
5.349843042958985634e-02
5.515886100163909511e-02
5.684164123555584397e-02
5.987342390390340552e-02
6.187117077135606547e-02
6.362797988120734438e-02
6.653374240609691292e-02
6.936686625320218069e-02
7.162536916339719284e-02
7.430409977555661738e-02
7.689095836513751281e-02
8.066959587741409643e-02
8.484653613927377325e-02
8.800188423039999319e-02
9.187849364208924841e-02
9.707534666545336588e-02
1.007014328241479934e-01
1.052523848854409055e-01
1.100723378597187191e-01
1.159250768541156273e-01
1.209255491264950161e-01
1.282775065732065789e-01
1.354168108592740671e-01
1.420173133448932867e-01
1.529171031241749745e-01
1.610254856892854025e-01
1.684599970126768043e-01
1.775159877314620438e-01
1.873025344408315029e-01
2.024104277199107182e-01
2.107272917950920865e-01
2.290275991510730969e-01
2.412383500598931363e-01
2.584274388887548013e-01
2.707808098679863607e-01
2.892161156836517422e-01
3.079643932797195838e-01
3.262742161167220822e-01
3.473598230193826741e-01
3.671227831194346369e-01
3.858555914378106744e-01
4.072970768343398551e-01
4.231772651208961511e-01
4.354490953369644091e-01
4.428601172533683239e-01
4.552301239092164664e-01
4.560187727698820082e-01
4.418425994849789484e-01
4.461505080856724148e-01
4.233581197864995649e-01
4.113992386240091781e-01
3.766018296199365456e-01
3.562330001244753963e-01
3.258125944257275197e-01
2.906501235286950702e-01
2.580007870534978265e-01
2.294560500143816018e-01
2.021419572909584073e-01
1.807390572711725929e-01
1.560143730402963613e-01
1.416459022985917804e-01
1.205691920826234692e-01
1.005374521244663394e-01
9.211379895166890708e-02
7.696223627825929392e-02
7.233084212354798370e-02
5.547043234230036868e-02
5.466879667463311887e-02
4.532042474510565577e-02
4.026616233586468446e-02
3.631885937166653283e-02
3.343537452397525589e-02
3.181258381971362181e-02
2.734411548045467821e-02
2.654961084978054234e-02
2.425218660432578235e-02
2.187265167208738564e-02
2.035445877865229430e-02
1.756534679005105140e-02
1.659605468205731585e-02
1.570640760422167825e-02
1.491393027535252783e-02
1.380575505470778806e-02
1.307243447518699302e-02
1.262017029544813471e-02
1.187361533860799984e-02
1.110635627351377365e-02
1.060018094791080265e-02
1.008250419637979345e-02
9.664509728019120630e-03
9.172416489287193303e-03
8.774835890044834635e-03
8.374872498727115380e-03
7.980323081011597708e-03
7.719202434881786493e-03
7.352163968091528917e-03
7.012058893675301996e-03
6.708368330332791646e-03
6.527758396691646370e-03
6.234424884294520117e-03
5.993167224172607326e-03
5.833809226224851048e-03
5.474102493228419700e-03
5.359079738321337327e-03
5.450180590362696878e-03
4.964850653216745270e-03
4.821207103233558083e-03
4.628093290462115088e-03
4.518590109086867423e-03
4.368550060169918217e-03
4.158837243683252693e-03
4.115469875761862406e-03
3.952146500201324936e-03
3.844785045335752383e-03
3.324300526385104426e-03
2.909162678548071757e-03
2.553490284985859837e-03
2.282214566985518722e-03
2.051930821112268877e-03
1.835655464513780144e-03
1.653859586843290036e-03
1.517799829373778220e-03
1.367096468603876125e-03
1.241707277799542148e-03
1.150970144426624597e-03
1.053335510598829789e-03
9.757175210417661252e-04
9.020444679754823251e-04
8.319070175952236745e-04
7.710669190106878013e-04
7.218369651881827468e-04
6.761904444812505410e-04
6.236792424788029088e-04
5.898139705956539913e-04
5.538778118925058447e-04
5.194675174179097521e-04
4.855489630059828254e-04
4.576957557955729783e-04
4.292749012750618487e-04
4.112283738827993140e-04
3.837808895358757466e-04
3.617361131844631927e-04
3.789202756631776525e-04
3.235981588384229655e-04
3.044151633972841386e-04
2.929644873143621986e-04
2.762162553178737490e-04
2.632433600165962062e-04
2.476053641582710006e-04
2.371848090380046785e-04
2.238317757616847814e-04
2.126460316577427623e-04
2.024964781724564178e-04
1.917885420862907870e-04
1.845289866254928857e-04
1.741460180488541010e-04
1.663067246263222332e-04
1.581969182431475218e-04
1.515857732985875783e-04
1.454137393299415049e-04
1.392286986945934224e-04
1.320818209095686591e-04
1.271335633760140027e-04
1.209872369997699870e-04
1.156358566525711451e-04
1.102677520951056422e-04
1.058281683327250280e-04
1.011901885390187328e-04
9.700811945193010821e-05
9.236315830729591170e-05
8.792013427970370133e-05
8.447021526741817189e-05
8.116800807220214686e-05
7.805218774636912826e-05
