2.070271887872001011e-03
2.186751645795000174e-03
2.301185148990000321e-03
2.470292895139999684e-03
2.610613751600800170e-03
2.788211879424000710e-03
2.960339877120001396e-03
3.144420901145601483e-03
3.320682921945601173e-03
3.545180557811199347e-03
3.776728367960000173e-03
4.040606119357800091e-03
4.287520243926399438e-03
4.571076822616598409e-03
4.883258290654799404e-03
5.231743469876001459e-03
5.586216107852801094e-03
5.970408803289601468e-03
6.432904404710399447e-03
6.952018935779998542e-03
7.370041612500000290e-03
7.476437619238837130e-03
7.616925616000000225e-03
7.676148892632478175e-03
7.834712502387836813e-03
7.949660202290197500e-03
8.003215182908158393e-03
8.194534769633915472e-03
8.239699606957280945e-03
8.458690127574240714e-03
8.505105122113601132e-03
8.602849905185639204e-03
8.713116176743678637e-03
8.997155787284319070e-03
9.040909141094000817e-03
9.293948197014602342e-03
9.261579945536004346e-03
9.454274949131999048e-03
9.583196830798078325e-03
9.777012631673760029e-03
9.853826149120002362e-03
1.005633258293243786e-02
1.021530310296887671e-02
1.040119047850932357e-02
1.047368780403696437e-02
1.067416923866799754e-02
1.082560098466663762e-02
1.099066587305232330e-02
1.113390791800831711e-02
1.138049924372956483e-02
1.147946236799999957e-02
1.171457553980884483e-02
1.181202772564799927e-02
1.207993935302891994e-02
1.228731377264583730e-02
1.242574084775440423e-02
1.252901314769663821e-02
1.277894811897200417e-02
1.307918691284087886e-02
1.319566299299604686e-02
1.350767398415040482e-02
1.350188862690096872e-02
1.386035534072448810e-02
1.403313418875200280e-02
1.426894916415103950e-02
1.446531200742780243e-02
1.466657149527423459e-02
1.478757788893300153e-02
1.514012921010431632e-02
1.536929079499884353e-02
1.562371704857599443e-02
1.581061369973904215e-02
1.606946233692800249e-02
1.631737106747390906e-02
1.655369642575415731e-02
1.669959898079379987e-02
1.693191877760001282e-02
1.723366364799409217e-02
1.750160303333800002e-02
1.783805927625535873e-02
1.797261416177760307e-02
1.828413707559036969e-02
1.842213499639167723e-02
1.890887157940308871e-02
1.900968576169936863e-02
1.928572238792640448e-02
1.955261867404296111e-02
1.971758818154627918e-02
2.010196465691200043e-02
2.025846626314175419e-02
2.053301832588000711e-02
2.077936886140416620e-02
2.111053633771199298e-02
2.143188608319852168e-02
2.145581405384999057e-02
2.178020410258499351e-02
2.202274542551585154e-02
2.224578183955451538e-02
2.250016691392512161e-02
2.281502349170175942e-02
2.313851374975120848e-02
2.315807321006015801e-02
2.349380491004552859e-02
2.372140051935301211e-02
2.373162896418816795e-02
2.414513927608860286e-02
2.430896665970401493e-02
2.452561301941811461e-02
2.464123071457648834e-02
2.495356504516234655e-02
2.498431301458559420e-02
2.521834308417598980e-02
2.526977952851967857e-02
2.543135741458799753e-02
2.578711825921025172e-02
2.564603538210879358e-02
2.591322539983053133e-02
2.582251943690801188e-02
2.604009729474887971e-02
2.607450173159996804e-02
2.609478762558396781e-02
2.624683837389505878e-02
2.617181686561153436e-02
2.629821795392948969e-02
2.633874944796861170e-02
2.634006433949998699e-02
2.605911667644264865e-02
2.609843164205509491e-02
2.616395066585086235e-02
2.620988503681082049e-02
2.592193535511037872e-02
2.605952021601682864e-02
2.585510711419407304e-02
2.554211047533064965e-02
2.558287690754185162e-02
2.535292764665056375e-02
2.507454587607423069e-02
2.501396611006329734e-02
2.479034950696566361e-02
2.449528150078417524e-02
2.452927693917118096e-02
2.413038053400576657e-02
2.395486881345002678e-02
2.376687930570001855e-02
2.331117415466492024e-02
2.308048537401200667e-02
2.285282982864982396e-02
2.261590460907985170e-02
2.219136109360132433e-02
2.198039205476397598e-02
2.154639680596677487e-02
2.131357509962592336e-02
2.100414411402045864e-02
2.068325895213374635e-02
2.020617228269021987e-02
1.987467262708499799e-02
1.938548651519021032e-02
1.923918517887497626e-02
1.909986620181285469e-02
1.850585421235599257e-02
1.809590352796160498e-02
1.775113996791741894e-02
1.735052492277203151e-02
1.695501218216470193e-02
1.665293509771537117e-02
1.625813311655502011e-02
1.609555754753098575e-02
1.572975743209188357e-02
1.515885025600514739e-02
1.499406404799998212e-02
1.473286975372803051e-02
1.407522482783819980e-02
1.376359721083633865e-02
1.361969951306699934e-02
1.323653329210500509e-02
1.284120135172419144e-02
1.257821868785375698e-02
1.221344432948186752e-02
1.198409897307230881e-02
1.162841822364564168e-02
1.128217158850001144e-02
1.102926739671295994e-02
1.078519355004165133e-02
1.048631410253974237e-02
1.009547052875777069e-02
9.817908077654442095e-03
9.385570458196214674e-03
9.265688411132722707e-03
9.145157110333906186e-03
8.831055722810990730e-03
8.539014712436822363e-03
8.256826763075975767e-03
8.172308683188436035e-03
7.856060683175288689e-03
7.748234432237014954e-03
7.473095799184017486e-03
7.322902447002223487e-03
7.140733296927504956e-03
6.864549417031969025e-03
6.643582035673742045e-03
6.553782986880029270e-03
6.386290222380658355e-03
6.183532392755137705e-03
6.008988572422894504e-03
5.709033357660223129e-03
5.623340537633418797e-03
5.544457769500580474e-03
5.412892177119089238e-03
5.347136515992010133e-03
5.141654145716759682e-03
4.970819306353597457e-03
4.814594183566023658e-03
4.764538986084474945e-03
4.563050310814453954e-03
4.436850973855023528e-03
4.292070612112826831e-03
4.124686778944008057e-03
4.085439613888965441e-03
4.020485135431639719e-03
3.840096710909029435e-03
3.771696017919989874e-03
3.272605981096752496e-03
2.959977826022440039e-03
2.590156437124999534e-03
2.295059998212889418e-03
2.079436453835978391e-03
1.876658656403250563e-03
1.696418073126352514e-03
1.549391039229552989e-03
1.423774278408901882e-03
1.269196448938087005e-03
1.202716535344166074e-03
1.068738323049638539e-03
9.839802673784119134e-04
9.103493782908443632e-04
8.272060543519504927e-04
7.785699522048083890e-04
7.269657257303540569e-04
6.833650072500063819e-04
6.271176472049816170e-04
6.038697215999588646e-04
5.561282236861441776e-04
5.305715817264077937e-04
4.800313466249695165e-04
4.503634649727672229e-04
4.290664758999779282e-04
4.018892862852396558e-04
3.716812073600234199e-04
3.605022236416033496e-04
3.480317140302718686e-04
3.226102480640647080e-04
3.106471454311882465e-04
2.856152640000831017e-04
2.735672471349515056e-04
2.631103399999779264e-04
2.464026824519710774e-04
2.315562319807584995e-04
2.252031578173274760e-04
2.134356610224041775e-04
2.002081174631320265e-04
1.897595740319335425e-04
1.873259102549962286e-04
1.730828916543747321e-04
1.659820571266268450e-04
1.600338621312680319e-04
1.524030383359770092e-04
1.441424640751764975e-04
1.374937310586304951e-04
1.295695978584055017e-04
1.248491739608770181e-04
1.198859699699517112e-04
1.168959072008307723e-04
1.097118945600605828e-04
1.072986049855145812e-04
1.021226576831646383e-04
9.757762752405918234e-05
9.323869872724711329e-05
8.751683502132735900e-05
8.409667801653865425e-05
8.098415319127083513e-05
7.752335587198900515e-05
