2.075329163950000166e-03
2.194099235038749450e-03
2.340749383473900245e-03
2.474395529162650657e-03
2.640362151248801508e-03
2.809051603629750260e-03
3.009467247692800777e-03
3.190502284300848930e-03
3.377021085840000488e-03
3.599720919541949359e-03
3.847350921990001088e-03
4.128888341509051770e-03
4.390862191039999508e-03
4.732097060642401903e-03
5.069758809330000317e-03
5.417915119845250621e-03
5.763355203379199286e-03
6.270740475314999507e-03
6.654896526585101467e-03
7.211228207383198370e-03
7.730669258973000939e-03
7.942188962369763072e-03
7.973176035602000736e-03
8.158388364468478759e-03
8.260395167171358591e-03
8.335355417576949602e-03
8.556812318039039994e-03
8.715218030295677695e-03
8.778617192132479041e-03
9.019324838022984778e-03
9.112462395040000704e-03
9.251614958849437367e-03
9.463142261801277613e-03
9.627972935205671851e-03
9.664031837183999218e-03
9.953221690931402313e-03
1.006305132130064055e-02
1.016754473611666994e-02
1.041390791228928234e-02
1.062061742278801006e-02
1.079717791199999964e-02
1.094717977907774809e-02
1.119849716262647649e-02
1.134961624335797080e-02
1.143818316980603662e-02
1.172035829561674826e-02
1.192586625355146306e-02
1.222496904571977391e-02
1.239894832547199649e-02
1.258582479508150997e-02
1.292857277571749647e-02
1.307023535330099386e-02
1.332911715671251940e-02
1.359145841635683340e-02
1.388767779292434355e-02
1.404197181447760026e-02
1.441086786308399918e-02
1.457744177008223237e-02
1.480975224257021459e-02
1.528080463898100899e-02
1.558314171165440382e-02
1.576899816140276203e-02
1.618762425549498049e-02
1.650355523797393531e-02
1.678209738255399819e-02
1.710137059438079574e-02
1.728570890407776089e-02
1.767829775540396067e-02
1.812310461711491225e-02
1.855874568856875212e-02
1.899988183693599939e-02
1.940459954062500117e-02
1.958365174999199959e-02
2.006065886402575923e-02
2.075359870696014131e-02
2.124541409688719337e-02
2.155441051206043179e-02
2.229818195665199745e-02
2.248831086695847470e-02
2.314199502949225440e-02
2.344435020812160597e-02
2.409059885457600150e-02
2.469870991678582012e-02
2.511402262708051919e-02
2.590339979994675870e-02
2.659222702089035842e-02
2.695192833722375933e-02
2.777914314361823803e-02
2.832503613984768340e-02
2.913720538266711263e-02
2.986593840688481910e-02
3.044615886035828556e-02
3.120712284323627281e-02
3.223376801328683289e-02
3.307030595853600180e-02
3.352380376138500845e-02
3.459818358987775538e-02
3.543275460190064424e-02
3.637866338768087904e-02
3.735676078872659372e-02
3.801359184543779551e-02
3.899922554516735418e-02
4.042484856740609367e-02
4.158964349977701397e-02
4.230331605098496678e-02
4.343350199264615907e-02
4.455087368295296280e-02
4.637378438665318292e-02
4.752456628808194444e-02
4.854391488502606683e-02
4.987315947615691969e-02
5.140210377688062687e-02
5.274243508958202653e-02
5.415411551024833237e-02
5.573357943826610927e-02
5.686033585545807734e-02
5.845575130432886790e-02
5.986016471511590442e-02
6.176285259446050863e-02
6.320232429415045816e-02
6.468677974028398669e-02
6.671767885680926491e-02
6.805835119602528238e-02
6.979265946627984107e-02
7.141714914960579919e-02
7.266202206220391535e-02
7.467077897756554949e-02
7.611532572062179591e-02
7.736217139261986064e-02
7.875675228152256846e-02
8.025761267419508072e-02
8.221210824918735727e-02
8.344313290158046625e-02
8.443486782476125607e-02
8.543799139435648282e-02
8.686878313194561219e-02
8.766965009659995200e-02
8.828514493195199764e-02
8.928298609776118278e-02
8.985610012616113140e-02
9.007952277742319047e-02
9.057929645096622628e-02
9.069569683610280431e-02
9.009429320791907669e-02
8.919554295683553014e-02
8.897251438476701246e-02
8.921066147680542513e-02
8.779341981404926998e-02
8.672981050114765555e-02
8.530873648397097053e-02
8.351319893949260553e-02
8.198907893749475539e-02
8.057317057300790453e-02
7.848091349827183982e-02
7.610752157678887797e-02
7.449239916143990392e-02
7.230774938574464905e-02
6.966254912798068577e-02
6.749621671374318732e-02
6.574169526420610421e-02
6.293342817149945312e-02
5.944794070132065206e-02
5.783563719179996704e-02
5.406351152897991702e-02
5.241017854487604877e-02
4.948897697522545297e-02
4.838737459476484537e-02
4.606642492872993488e-02
4.366142592157246094e-02
4.154264951191195127e-02
3.901567985459562099e-02
3.789720129838698021e-02
3.511965290386285382e-02
3.383436796373968936e-02
3.122646529126179085e-02
3.017071826495550807e-02
2.818818114683257700e-02
2.680510786127046977e-02
2.577354450042522796e-02
2.377579562283147971e-02
2.237730909508495181e-02
2.138865741719265037e-02
2.006493272273962916e-02
1.899822932616995752e-02
1.801591053904284812e-02
1.689111778163771005e-02
1.580048699048930763e-02
1.553494812108314159e-02
1.490042949106616318e-02
1.365207981429132460e-02
1.281016047220502087e-02
1.269909888912011328e-02
1.160381456955032232e-02
1.108543110527314239e-02
1.082176909545884413e-02
1.007999193506079437e-02
9.672777158544232021e-03
9.602209075205779543e-03
8.880240433244562803e-03
8.592000039544973877e-03
8.024787762235091257e-03
7.598164192862369437e-03
7.419283555022024475e-03
7.151934871198604993e-03
6.974294628852676335e-03
6.554652374923288817e-03
6.354461662439967948e-03
5.983302620938818830e-03
5.679250503099229214e-03
5.602539453613419526e-03
5.508823115023635079e-03
5.180343350896250872e-03
5.185497604574334889e-03
5.000008688225406582e-03
4.806797107096513755e-03
4.529003688000059029e-03
4.305086872975934231e-03
4.213813669886028873e-03
4.070118923589242585e-03
4.016334965488863214e-03
3.905796302995145908e-03
3.400800530536738069e-03
2.899256232577976204e-03
2.536161160278545094e-03
2.250163413674677315e-03
2.049111488502630869e-03
1.827359904619001423e-03
1.657675078877600796e-03
1.512705763562305437e-03
1.370629377172647443e-03
1.245600430354843044e-03
1.148131660031037572e-03
1.049050452973645728e-03
9.729024778102090317e-04
9.008091810570605399e-04
8.374687152332138673e-04
7.671093631801273330e-04
7.335759741337931437e-04
6.718084597700623838e-04
6.314666737787931906e-04
5.861351263137138268e-04
5.529562937917553104e-04
5.215610180396623502e-04
4.834278430657823651e-04
4.583337550339994107e-04
4.304268744004247083e-04
4.076372298035124556e-04
3.881297099914537822e-04
3.654131199934340592e-04
3.456120295800912761e-04
3.217797827336666295e-04
3.055573401799960179e-04
2.901474010976290538e-04
2.742212481416306724e-04
2.608135121890464768e-04
2.447205031193666722e-04
2.361018859710739656e-04
2.222162525476112566e-04
2.151793692683945294e-04
2.019428028801173284e-04
1.945271368318568289e-04
1.836790727962611669e-04
1.751042752221731861e-04
1.661375199411474404e-04
1.599315190198424689e-04
1.515816285823423431e-04
1.457905229889089327e-04
1.387646941980879992e-04
1.320177181023396429e-04
1.271113218127317734e-04
1.199991449927217957e-04
1.162238349513500317e-04
1.095357331262114591e-04
1.051170716441474187e-04
1.009814691960819716e-04
9.672642133227161141e-05
9.181380745676648520e-05
8.794502253463678046e-05
8.468486983083335553e-05
8.111089240087966147e-05
7.856222296780402119e-05
