2.077927664781333526e-03
2.217508411761688961e-03
2.331710569809600404e-03
2.495734679167045406e-03
2.639419044508888815e-03
2.832136177500001097e-03
2.999790889319998294e-03
3.212750862623843344e-03
3.407954901366399853e-03
3.622579363464442908e-03
3.856008093749999695e-03
4.146369963386667759e-03
4.379432572846933894e-03
4.741439274215377905e-03
5.051776674469201853e-03
5.439941701527666040e-03
5.789842833306310145e-03
6.266113681124067976e-03
6.802555787573332131e-03
7.271658041975911750e-03
7.843785035941333930e-03
7.931221773677592929e-03
8.000859361071251813e-03
8.252752873017320245e-03
8.373149769955552310e-03
8.567053356983465179e-03
8.617308972251840407e-03
8.680292740305305815e-03
8.879552520387606895e-03
9.025164309208336469e-03
9.217996169512224572e-03
9.374604691299623371e-03
9.421691105935676297e-03
9.663572332715654120e-03
9.810741585641128901e-03
1.015705315474639547e-02
1.027363204218197275e-02
1.029004138932849803e-02
1.043753456543871673e-02
1.067362011404949552e-02
1.093641368856889014e-02
1.109682476085930777e-02
1.123718546081755448e-02
1.147390502019145220e-02
1.170120502971503870e-02
1.193490900667866679e-02
1.216486939619318419e-02
1.236307710260800378e-02
1.250932279390378800e-02
1.276227319966844256e-02
1.308568631222454051e-02
1.326342493934229427e-02
1.354411883303061059e-02
1.386927418215088033e-02
1.397501400403122242e-02
1.421988076259282814e-02
1.466004922649343650e-02
1.480025918657538846e-02
1.500498268709532859e-02
1.550336186346100084e-02
1.574946443715129554e-02
1.609225103556307171e-02
1.630108622750367844e-02
1.675638161755385602e-02
1.720853099617464591e-02
1.761788521588719333e-02
1.770054242365036792e-02
1.812119085134714092e-02
1.865228344470592353e-02
1.905359646754409622e-02
1.934181696874155004e-02
1.991348148835344473e-02
2.016410077295914538e-02
2.083838233618147753e-02
2.137008920257975689e-02
2.160007112371131396e-02
2.202914125898224745e-02
2.280572430102101311e-02
2.323266989386934059e-02
2.378488578581760410e-02
2.439383861100640621e-02
2.474270234501032770e-02
2.555380223240976897e-02
2.626836417443699501e-02
2.667447375057273654e-02
2.727944760068548580e-02
2.819237253541375526e-02
2.902285283104721891e-02
2.945489046223027235e-02
3.045370160094556383e-02
3.099609458200657322e-02
3.215857470517076433e-02
3.292953701621781359e-02
3.364575910966643296e-02
3.476594519634249730e-02
3.597503591562501574e-02
3.678595908334710007e-02
3.785398609380610097e-02
3.894643153061472934e-02
4.073056919048438640e-02
4.130103686116666506e-02
4.273384423306176433e-02
4.352238453639453719e-02
4.458996729081656646e-02
4.692500203310933510e-02
4.816161074107971202e-02
4.980576205255279193e-02
5.146648437390453912e-02
5.345130621092979845e-02
5.487803996008322471e-02
5.701037678890663596e-02
5.884771532708923947e-02
6.086939485792355886e-02
6.277017032926655860e-02
6.530706016176734963e-02
6.729367583249423745e-02
6.990580709001294191e-02
7.250680047852799126e-02
7.542867727049172577e-02
7.773346886628032526e-02
8.019952433286935134e-02
8.389817561865159368e-02
8.707402600418465144e-02
9.076751387147578842e-02
9.449719944636936209e-02
9.787483408629421566e-02
1.016624974085232613e-01
1.058690256895280513e-01
1.097992103534792402e-01
1.136711735394090456e-01
1.185227285646905104e-01
1.215864930945049355e-01
1.281299425872208519e-01
1.332871654333056544e-01
1.375596801439286088e-01
1.430036798751761762e-01
1.463016744641938705e-01
1.512919687795613866e-01
1.564666440996780594e-01
1.599407240257937346e-01
1.655680275375000232e-01
1.703833566043143344e-01
1.742134062906821046e-01
1.774996580002413671e-01
1.802226761395375187e-01
1.827202266153873933e-01
1.833901380222452693e-01
1.848144827180111249e-01
1.840983720128261114e-01
1.844675161086928861e-01
1.824958775385231158e-01
1.810286447835421919e-01
1.766612002630964240e-01
1.716083947249796016e-01
1.668059479402487777e-01
1.639989056309039961e-01
1.581376054102709428e-01
1.508931411511629794e-01
1.451233767976840283e-01
1.377395128664759827e-01
1.287072580583290826e-01
1.212401746905981820e-01
1.140427720656050220e-01
1.068614492130127436e-01
9.821925048917734546e-02
9.054155798795286703e-02
8.386422253793639203e-02
7.804367976106697802e-02
7.225360216479972952e-02
6.764289936221873356e-02
6.266114777354998833e-02
5.696804327573250920e-02
5.161156128136463322e-02
4.645754460853525336e-02
4.409371526802667585e-02
3.946599821212309206e-02
3.687581803154456328e-02
3.387646290954209743e-02
3.114872444757385561e-02
2.884232455419434918e-02
2.708638173635475460e-02
2.495708153393932233e-02
2.322045248847208823e-02
2.101081307568830603e-02
1.982724048993965427e-02
1.917457105834754691e-02
1.726365850562842225e-02
1.588082834178661251e-02
1.548392891760807556e-02
1.408877018688842186e-02
1.346780620499055982e-02
1.283935093692368037e-02
1.184323544762975848e-02
1.111151538055850894e-02
1.110308573761267271e-02
1.057945521169639802e-02
9.632933572041566667e-03
9.195265781074872524e-03
8.842619576574605247e-03
8.291815574296401356e-03
7.951612476908759275e-03
7.686155340486407368e-03
7.353850654610598683e-03
6.998080447020988207e-03
6.652438399065150818e-03
6.470551179949621777e-03
6.150752273863288599e-03
6.031838538232776360e-03
5.720325032447507417e-03
5.535667561091624743e-03
5.359832197681951675e-03
5.071796850505187054e-03
4.976173018734540363e-03
4.782256060539055893e-03
4.606364308059056507e-03
4.540077523412910238e-03
4.350357189811529350e-03
4.174977890092501295e-03
4.056472764091575804e-03
3.954897841024365354e-03
3.878315274657706535e-03
3.332054475345290565e-03
2.955585604321439401e-03
2.572064053297559282e-03
2.270474728740840865e-03
2.059749126808535502e-03
1.863062035684034468e-03
1.651263877651414471e-03
1.485300684938384384e-03
1.355432285925065039e-03
1.242473938520621910e-03
1.139020380138434756e-03
1.067209737890371154e-03
9.705183798243854519e-04
9.039545026319838845e-04
8.384713700694962357e-04
7.720846531487123368e-04
7.258294201501296321e-04
6.750261085190123640e-04
6.274032933882156418e-04
5.884264468245082409e-04
5.512763884793908664e-04
5.186560472181167211e-04
4.847078500740586906e-04
4.555173849221083571e-04
4.270550668438594100e-04
4.082827607012484575e-04
3.820957403050833962e-04
3.594727593953450586e-04
3.434472347025907296e-04
3.256176993300664000e-04
3.043890754819206430e-04
2.898528783163456545e-04
2.749788252714274717e-04
2.611360409823304594e-04
2.492100282128040353e-04
2.351914205530292418e-04
2.243698890409401292e-04
2.127586099735090245e-04
2.035410899660639039e-04
1.919947147257405787e-04
1.825486432606909847e-04
1.747919288272159466e-04
1.675007492601871028e-04
1.578440115708623528e-04
1.518899576248594510e-04
1.456689348609341370e-04
1.386457636563581588e-04
1.317043726173117190e-04
1.260726816067092473e-04
1.212330871471767324e-04
1.162752466930933016e-04
1.103113209628503406e-04
1.061178819810415595e-04
1.016277588343272918e-04
9.648092482714143436e-05
9.271147641264799327e-05
8.876483533819979493e-05
8.451161232561511664e-05
8.077598486009808152e-05
7.718645253351752444e-05
