1.112289640857302801e-03
1.229719264786718370e-03
1.295938848130163490e-03
1.503748236556591653e-03
1.459547396653214889e-03
1.788432237271805674e-03
1.978871134599182596e-03
1.878747664785490818e-03
1.900034903631527775e-03
2.153430748164384193e-03
2.288911657978335255e-03
2.474249220515899357e-03
3.015795791848901054e-03
2.805915710577461860e-03
2.979744812619497616e-03
3.034388774358013317e-03
3.918820350833978998e-03
3.446647102702767897e-03
3.686256921610650376e-03
4.538599512022275205e-03
4.719458951402968720e-03
4.879960950698218093e-03
4.912046416431783795e-03
5.092720044734616418e-03
4.698326728820898662e-03
4.375287711031236766e-03
5.124628432910023797e-03
5.001786094997725217e-03
4.867972872341244303e-03
6.064583350640292969e-03
6.265199892160213703e-03
5.652175180126205352e-03
5.300495039510418060e-03
5.918755801218191122e-03
5.160077257541208738e-03
5.302998324233547736e-03
5.609046227975956166e-03
6.303460373996696772e-03
6.122067308613685956e-03
6.202107479185763224e-03
6.171859720805494311e-03
6.479444867572133060e-03
6.611639739527722798e-03
6.824875512450641162e-03
6.765676871577184538e-03
7.843557578844802952e-03
6.420575742310699434e-03
7.008610479821116186e-03
8.198864194364715446e-03
7.719691036819290551e-03
7.601440817276245918e-03
7.474096277915402882e-03
7.718622495291719600e-03
8.737257221339179633e-03
7.960855993479037940e-03
8.567811982757697967e-03
7.081592976558204362e-03
8.123767283532330047e-03
9.230070289738831826e-03
8.662629682293776848e-03
9.429114147302599530e-03
9.094389808598760463e-03
9.283661445695359435e-03
9.204033251981661584e-03
8.901742621832270386e-03
9.115665779694788126e-03
1.072102993794453799e-02
1.026146439315382686e-02
1.031724403779310517e-02
1.155934504248267401e-02
1.154639001659773200e-02
1.151796737239166313e-02
1.164704290842965423e-02
1.175663024873471393e-02
1.101704958077955911e-02
1.211994302623453472e-02
1.352794291157905469e-02
1.498275565448921667e-02
1.437818235352063788e-02
1.426279522919062827e-02
1.546399658106937906e-02
1.481577137250108915e-02
1.460465605279034386e-02
1.511305309962710647e-02
1.885031902778751614e-02
1.490627493429388592e-02
1.565845224298638080e-02
1.781341953473459735e-02
1.604344995548539349e-02
1.741983436026951423e-02
1.593051854127469982e-02
1.838755390358314673e-02
2.126674007829794377e-02
1.888114783688008697e-02
1.844802675388781954e-02
1.945661163528119436e-02
2.038057714741947982e-02
2.098423610829406455e-02
2.111623049707449240e-02
2.401072166710527950e-02
2.090734955210572094e-02
2.354217889198346667e-02
2.553217000172478685e-02
2.403939726510481711e-02
2.480698752046763683e-02
2.637305545155972306e-02
3.083371456081689804e-02
2.853901657021365793e-02
2.825847742845934499e-02
3.286135347013697389e-02
3.349177280562549985e-02
3.405338588584116977e-02
3.758337321777054790e-02
3.504579053242797698e-02
3.565546543302365590e-02
4.144718962434534859e-02
3.885840351166470336e-02
4.207645427766491808e-02
4.544621664188375210e-02
4.535634650022550562e-02
4.817724670652048791e-02
5.098600077058586255e-02
4.774600417309062678e-02
5.354015969502076699e-02
5.647122509844196281e-02
5.851324607147138229e-02
6.089154113984884820e-02
6.690100923866380833e-02
6.854205102563848406e-02
7.273725879648643144e-02
6.425346553017223517e-02
8.610706569122575371e-02
8.171198031438065001e-02
8.010905748315347297e-02
9.387900186609496322e-02
9.047952539310645526e-02
8.386634709613191574e-02
1.052823251216361139e-01
1.050972089836117174e-01
1.017289011234493862e-01
9.682288762061043441e-02
1.066510123246118408e-01
1.041319991501597625e-01
1.053659072992881029e-01
1.059010951709837001e-01
1.177027387470702541e-01
1.060082588109399621e-01
1.116494961573987338e-01
1.241282673249843593e-01
1.470057192346886088e-01
1.552084098712749327e-01
1.814321048677806358e-01
1.954796036280402050e-01
2.568156898133914234e-01
2.205174584304735175e-01
2.575349667142057819e-01
2.544135737047962253e-01
3.148894723013456187e-01
3.043829300830222517e-01
3.489278304738679948e-01
3.879482730145881186e-01
3.329943065683490522e-01
3.756612208325958990e-01
3.152250424753245128e-01
3.394954872338011853e-01
3.485850635396109953e-01
2.683078964921004061e-01
2.759019352313069606e-01
2.407159222621080286e-01
2.745970332721729967e-01
2.055197654836650734e-01
1.949293814776546230e-01
1.896647509389524366e-01
1.525229854510345429e-01
1.657424107464900986e-01
1.858196830143928613e-01
1.201159405561207233e-01
1.116863080846479256e-01
1.028544051448217894e-01
1.183198436117075814e-01
7.527065625691008177e-02
1.027964321958402677e-01
5.808162595946880086e-02
9.112021810549558731e-02
6.252065963860645170e-02
4.673778300130845831e-02
3.788757748175648060e-02
4.085160491209532951e-02
2.086531696090340032e-02
8.121684776184891208e-02
1.646512021705608467e-02
2.417790343604480849e-02
1.640930250349930189e-02
1.522452300069215662e-02
1.437041916239389060e-02
1.174129670625433629e-02
1.081086644356236103e-02
2.093343809377620421e-02
8.395527437961028405e-03
9.123027342219643815e-03
7.348751073093448549e-03
1.111422182594640727e-02
9.240937130195575958e-03
6.413763286780606483e-03
5.476960210418570056e-03
6.879973868781956263e-03
5.485840694475991111e-03
4.848949599168482158e-03
5.504868678321194787e-03
4.157642238745561970e-03
4.158141763341120963e-03
4.161285656342598137e-03
3.596780822462943613e-03
4.230631355466483827e-03
3.789186757731160312e-03
4.410211484414546489e-03
3.478602073871484793e-03
4.208843263190549522e-03
2.918202803956919649e-03
2.876753918253537132e-03
2.864926546908938988e-03
4.508384410589609016e-03
1.875011088063620194e-03
1.758907514513546660e-03
1.588606343592929935e-03
1.320831221786610520e-03
1.169521355187490503e-03
9.561263535546365901e-04
9.764264973415680672e-04
9.153118939273707441e-04
7.226425116984390570e-04
6.683398907309571991e-04
6.237096097248103150e-04
6.377407632340646292e-04
6.113404318451857349e-04
4.952507075556599261e-04
4.462150179600481311e-04
4.038749690364631896e-04
3.620560923422680324e-04
3.965569120583509384e-04
4.118301313867128353e-04
3.303346438726932253e-04
2.823100898992377114e-04
2.468232877487461273e-04
2.256379949082346222e-04
2.627372081682649899e-04
2.373714118742767105e-04
2.308198752686319054e-04
1.989195090276190845e-04
1.951211690156991457e-04
1.821942844257806141e-04
1.638459754501582564e-04
1.751201409800120514e-04
1.706628246184308309e-04
1.413031516180889187e-04
1.288029233805155409e-04
1.381096793441945073e-04
1.201857452904681094e-04
1.306316831560865813e-04
1.219353547187176733e-04
1.026981255846416290e-04
9.125389581047083467e-05
1.092876268025821132e-04
8.151251527203460937e-05
8.518623894739257363e-05
8.741996046884804774e-05
8.471145567968000668e-05
7.519994263441148188e-05
7.182677941284163999e-05
6.738930231649147636e-05
7.454638919367561982e-05
6.490453008514606640e-05
6.400363608497332550e-05
6.404736584764429870e-05
5.804278714956164132e-05
5.741174930396962338e-05
5.264217485879355701e-05
4.986876003035866701e-05
5.704268799985179875e-05
4.514932221681622126e-05
4.777528876886759861e-05
