6.341117682081493130e-03
6.862087810438718960e-03
6.676978374273927035e-03
6.159384476499179042e-03
7.774139846053514796e-03
8.166260774447816478e-03
6.913197027952499955e-03
8.327553829413223557e-03
8.575380370198140006e-03
8.099452638052605583e-03
8.868192527433736011e-03
1.066258716797362401e-02
1.038682707382525792e-02
1.139673546720935265e-02
1.036378175559399088e-02
1.198313682037011572e-02
1.113181961924518230e-02
1.232808884781984998e-02
1.346979666989964707e-02
1.432722550508399792e-02
1.534431821801170853e-02
1.581013648973289554e-02
1.479835031152839341e-02
1.536914882493944055e-02
1.504942810836174504e-02
1.726762059733719101e-02
1.571191886357264228e-02
1.683115287754428924e-02
1.518593713668426812e-02
1.807514854612145283e-02
1.706981683435147487e-02
1.714608836169428940e-02
1.668872943278105689e-02
1.855239543646936343e-02
1.884591957964140696e-02
1.982111697685419449e-02
1.803430930288001804e-02
1.884447919624580164e-02
1.842316323742430526e-02
2.135361767266855462e-02
1.852410613205832113e-02
2.312703633247306309e-02
2.206864122285634791e-02
2.090915315475333838e-02
2.101385881310344206e-02
2.272976105436747690e-02
2.287898800572691835e-02
2.014305613275961526e-02
2.048033082212058834e-02
2.108223529256077894e-02
2.167379727308547943e-02
2.259719653604809475e-02
2.605327445188481555e-02
2.898599858158500478e-02
2.144781765361264067e-02
2.270746130409929606e-02
2.373860115266185691e-02
2.631251106790254146e-02
2.345142961292710770e-02
2.598592809350631916e-02
2.901507132729121141e-02
2.611103777865325659e-02
2.834229396472627213e-02
2.578922906559793712e-02
2.952571746188346197e-02
2.711765637977591598e-02
2.618470114587523670e-02
2.796614584900283806e-02
2.830841452849400253e-02
3.516926404669529910e-02
3.385979710803465464e-02
3.424392071408808441e-02
2.952398329954710604e-02
3.262973541917053855e-02
2.927347876716087857e-02
3.529572234155100435e-02
3.589988542419109141e-02
3.290431042855469779e-02
3.613136373590495470e-02
3.582478288991140097e-02
4.247151755513239174e-02
4.066270118872433725e-02
4.470420591346791622e-02
4.234523980608190935e-02
3.652970135750564090e-02
3.990569545392786549e-02
4.785392425078141554e-02
4.166468964662371766e-02
4.598100410467047955e-02
5.366617701320583467e-02
4.688342185098966913e-02
4.727306595402554906e-02
4.129807953235529322e-02
4.443389074454746901e-02
4.650588714002786006e-02
5.200326234647687645e-02
5.330870643137843728e-02
4.763660927271611001e-02
5.625835545006028365e-02
5.701362304075268533e-02
5.939618221782633212e-02
5.837792853819702421e-02
5.781775151273296776e-02
6.078499311094557461e-02
5.846021063273268425e-02
6.145041468951945030e-02
6.106824752542126811e-02
7.209752355379585309e-02
7.259890702353224978e-02
8.644871433088027746e-02
8.041807553255671259e-02
7.398193163391458826e-02
8.329053676391622030e-02
7.329874371483481588e-02
9.519102084001231090e-02
7.852539905925179364e-02
8.467894621770936936e-02
8.787423255604871752e-02
9.335239520787237677e-02
8.963512679002105799e-02
9.544458088621615710e-02
1.022935279367129802e-01
9.382737221989982668e-02
9.800288230237232112e-02
1.099273916358231712e-01
9.858506341745754131e-02
1.046563874350001366e-01
1.140148473415954766e-01
1.238375253501276668e-01
1.117406564566583993e-01
1.218942678664219625e-01
1.143216444393594655e-01
1.140010616244276909e-01
1.269596792027220533e-01
1.219656784416448397e-01
1.240401813346416887e-01
1.257393727259910332e-01
1.345827939859574607e-01
1.389672969111897249e-01
1.321083268026470026e-01
1.172367285258235081e-01
1.398967726254826127e-01
1.438329198739851933e-01
1.461561637245824830e-01
1.435009180816867180e-01
1.412944055279455879e-01
1.810349915216451222e-01
1.865611456860916950e-01
2.201554056443272012e-01
2.260557925131105872e-01
2.163760311778305800e-01
2.411421363468023438e-01
2.468036063685055681e-01
2.682505857255549353e-01
3.302288455258736155e-01
2.998013876769146102e-01
3.729025960688046593e-01
3.295246056725812389e-01
3.180469127787315942e-01
3.699082889690787357e-01
3.545128072553216936e-01
3.463782250919199557e-01
3.927020502718602257e-01
3.705902112771051748e-01
3.867678828013217385e-01
3.145484635802032747e-01
3.310341085139561490e-01
2.871061052209999964e-01
3.090505258143025902e-01
2.734108328434627921e-01
2.981739743463576731e-01
2.476356631372455264e-01
2.356519693059960507e-01
2.193199911682260916e-01
2.305498487390140738e-01
1.959387448393697384e-01
1.877343761460931182e-01
1.570183919103600723e-01
1.657387258113676154e-01
1.416693693282412569e-01
1.534437025382602016e-01
1.315117928320889695e-01
1.235105457138727519e-01
1.018069222568539905e-01
1.008341188496694601e-01
1.127396232038503504e-01
8.030793486142209781e-02
8.234850288552139630e-02
8.040798092408513176e-02
6.021731140117038417e-02
5.597232741335166767e-02
6.154703407149073741e-02
5.029906937828369090e-02
4.994419348634004246e-02
5.663740507457930284e-02
6.104430261561800269e-02
4.199148006528884147e-02
4.291954111615935152e-02
2.768934639190651081e-02
2.434562945161402106e-02
2.263489795675908967e-02
2.107471802960109511e-02
3.539172472340620240e-02
1.674169574210261288e-02
1.412976554558534326e-02
1.809411026674329764e-02
1.232908501689835776e-02
1.308453295132549349e-02
1.163170900849630138e-02
1.191429997205443320e-02
1.204053490980046791e-02
1.165159437831866929e-02
1.024529800275355944e-02
8.838524362830000800e-03
9.239979728366997519e-03
1.095027379445578757e-02
7.509477177378352103e-03
7.914527606984389160e-03
7.813116227467191074e-03
7.454442962662988746e-03
7.124499460753898859e-03
5.533976929699663087e-03
4.500636389142920711e-03
3.400501654433978147e-03
3.442270539352228122e-03
2.983867909268598205e-03
2.408166956935971648e-03
2.394458969682861267e-03
1.761081514184719603e-03
1.721680608356365239e-03
1.361936392298004417e-03
1.287378263226442859e-03
1.194343820102132091e-03
1.218039720573835596e-03
1.058367686626663024e-03
8.842226967072986700e-04
7.872543322790914299e-04
7.617087275023720844e-04
7.739928406352369157e-04
6.261014695757834234e-04
6.725925429192468460e-04
5.913739827533254050e-04
5.892704579999573236e-04
4.747234273318926652e-04
4.250848702721023186e-04
4.025009544439775997e-04
3.841405989452207227e-04
3.759290777787299611e-04
3.313288873005266013e-04
4.423143947121454763e-04
2.960654309431210102e-04
2.844767027965302598e-04
2.715437921600127283e-04
2.720968722510251430e-04
2.213817178079811995e-04
2.153504373858855698e-04
2.121532049103559627e-04
1.989222869561167500e-04
1.901491268947672075e-04
1.598922556412386668e-04
1.868848322565350726e-04
1.611214137433137977e-04
1.505798831477615958e-04
1.371432333054723514e-04
1.480606772476370826e-04
1.309824616854078411e-04
1.249002755462667391e-04
1.276167237397586270e-04
1.060226371831784624e-04
1.124552357685099872e-04
9.745753439593823919e-05
9.584827104716258696e-05
8.348328660373919522e-05
8.690874251832621830e-05
9.057876017440619611e-05
7.920152553574220553e-05
7.743514353408603116e-05
7.767339091760362604e-05
7.513092817764419409e-05
6.089553138372576409e-05
6.483710887278672469e-05
