1.221634591125107935e-03
1.252207877873117922e-03
1.297373232403746307e-03
1.466918179707101194e-03
1.519188911578026047e-03
1.733015100256322201e-03
1.724351922406736114e-03
1.663186732402896668e-03
1.755109128555542653e-03
2.342507541695037099e-03
2.291647525588657187e-03
2.269286260118264301e-03
2.762946502180744102e-03
2.770557461951153860e-03
2.813502688000803307e-03
3.282669948956089701e-03
3.262728286104104713e-03
3.511237670824926375e-03
4.429197063323235713e-03
4.083167530037048500e-03
4.547474604027650948e-03
4.775178656817882783e-03
4.585664051203094428e-03
5.218045962672127926e-03
5.254892739610198329e-03
5.089633896372571312e-03
4.855792585652334188e-03
6.126743085479008886e-03
5.344874590161802566e-03
5.405611400563809822e-03
4.891489545171569080e-03
6.604864575553378615e-03
6.246597309812083540e-03
6.006279330543378044e-03
6.173824780375604913e-03
5.374819014228240412e-03
5.854803190875777427e-03
6.409358204301007951e-03
6.747037313377808945e-03
6.033367132573886314e-03
6.222676903305119842e-03
7.064190467886583349e-03
7.856714415324917572e-03
6.247215924301051902e-03
6.271328611206970945e-03
6.727047037482181309e-03
7.469476280522557507e-03
7.881681424098473110e-03
9.113837320138694700e-03
7.412325008000025112e-03
8.557825832379451630e-03
7.664712240149837257e-03
8.423232451091645923e-03
8.119671135401084622e-03
8.878952667748511718e-03
9.112448286819426271e-03
8.741530415096759876e-03
8.123578041421906926e-03
1.033905203358223383e-02
9.271991615468442097e-03
9.625783501789327706e-03
9.543530181311210558e-03
8.545000395493282733e-03
8.990093303317335874e-03
9.603795786619488337e-03
1.149235342603092090e-02
1.116121225451883504e-02
1.065692707777697937e-02
1.138758413713257707e-02
1.087068995527709463e-02
1.024938737532626182e-02
1.189814660368919766e-02
1.182894130141354770e-02
1.201707154859253841e-02
1.386396148333634767e-02
1.284939129505893382e-02
1.175997146078203159e-02
1.377676919740658534e-02
1.429260056932764832e-02
1.325568010409999310e-02
1.437064018056101629e-02
1.492189170160657975e-02
1.422431019901736031e-02
1.470618673842074078e-02
1.566667340601532801e-02
1.850471949166811875e-02
1.585417865295348991e-02
1.521580219449884634e-02
1.592912873899891835e-02
1.750315446721240759e-02
1.819671628076371603e-02
1.689836642517848070e-02
2.162712728498168702e-02
2.040637135629531917e-02
1.793572594502212958e-02
2.410769582773861566e-02
2.428924829417205070e-02
2.089654499819159142e-02
2.880302841940512310e-02
2.583588955762308736e-02
2.536650703683667601e-02
2.829791043647759963e-02
2.667241021597079043e-02
2.651808461649183407e-02
2.726070723694509410e-02
2.598623662772035076e-02
2.826313728065202313e-02
2.966412367906230002e-02
3.243146189754384651e-02
3.208256794508424631e-02
3.299311448759868065e-02
3.585687387409927651e-02
3.585501100591202694e-02
3.808157217963988733e-02
3.830386949864651724e-02
4.856243449390346828e-02
4.592093200886636362e-02
4.627187572934495646e-02
4.304115778789033980e-02
5.044360439392332057e-02
5.048164630077091319e-02
5.635350112561226393e-02
5.596309343667449365e-02
6.453106020864031456e-02
6.711583819639116433e-02
6.558614019142859630e-02
7.187282559034004203e-02
7.060800114686226203e-02
7.259041272668957656e-02
9.472698220044088735e-02
8.540001438958942648e-02
8.996606360196564289e-02
9.981192752453130201e-02
1.063984895142833231e-01
1.118606856776364761e-01
1.287421801318795467e-01
1.325941684622048700e-01
1.322547917553533459e-01
1.431019261816204313e-01
1.501197258035326942e-01
1.485113191061541438e-01
1.420703603124308934e-01
1.735226110217212292e-01
1.640916356138197307e-01
1.689927488360769836e-01
1.643409451513654362e-01
1.620356246635887010e-01
2.015179892506235304e-01
1.891890840771998372e-01
1.944234657506551389e-01
2.189261307340762963e-01
2.562523359100012388e-01
2.630846336676002095e-01
3.207574756060524446e-01
3.407703893936501194e-01
4.150334471215624821e-01
4.650249402354580397e-01
7.092383549959596634e-01
5.733969889646066687e-01
6.134447168503732728e-01
6.833207950505064687e-01
5.589957371552426446e-01
6.183057200936966646e-01
5.654964211160057319e-01
6.558277723012060356e-01
5.545502905751347189e-01
5.315303944489961907e-01
5.703923170877868154e-01
4.800154500941705149e-01
3.030663945216892641e-01
4.003059579472473817e-01
3.803993666220227277e-01
2.748699191635157191e-01
1.926296863624632205e-01
2.317632872397632215e-01
1.682365249266625506e-01
1.279371683597473885e-01
1.080251761039117131e-01
9.613279954593215160e-02
1.143250830388051614e-01
1.213904680140434761e-01
1.077257792106797590e-01
8.595927048124557546e-02
6.487792070926284849e-02
8.323409281987394215e-02
2.145620607676297642e-02
2.261305341093508212e-02
1.785977365151009133e-02
1.678518174413346289e-02
1.679231209228400704e-02
1.326220610899635916e-02
1.763548590194204124e-02
1.375094157194740527e-02
1.150277808963703387e-02
1.233201596723257007e-02
1.283875680686205438e-02
1.111696715885469172e-02
9.788317879196251764e-03
8.935590469394641411e-03
9.634135106278451585e-03
7.832169300818663318e-03
6.648235744388861050e-03
6.008044810104312336e-03
6.547042527397995380e-03
6.258105481766412272e-03
6.058322920660330624e-03
4.827220082176018716e-03
4.468811313882955702e-03
5.087908332034154005e-03
4.176723378648982202e-03
4.147087743093601231e-03
5.108387907079111299e-03
3.530647693166437482e-03
3.648351134126326563e-03
3.097875239670628764e-03
2.886057114315129443e-03
2.874576311142966207e-03
2.505943235474423440e-03
2.861117871458801649e-03
2.482206119104447481e-03
2.391439757661986080e-03
2.069927401164286737e-03
1.810968306454692391e-03
1.518861279783320899e-03
1.656572493673033912e-03
1.121574074993186539e-03
1.032576934977230514e-03
1.008659771339951838e-03
8.791468951877987005e-04
7.068683818148826983e-04
6.862865021609983662e-04
6.966087729409801369e-04
5.568254635531432947e-04
5.624536712973788807e-04
4.932109944411027088e-04
4.112886110673769254e-04
4.251176827353063078e-04
3.822372869603315884e-04
3.755142552958738744e-04
3.251102078289459297e-04
2.894557551104701230e-04
2.982660229021062031e-04
2.687065983069305956e-04
2.613355374351965699e-04
2.718234116426538043e-04
2.733367318289899863e-04
2.157771290987411689e-04
2.468704624668452549e-04
1.895505441291421068e-04
7.425310291299168450e-04
1.785528991523299377e-04
1.540391413831121610e-04
1.563952753437356684e-04
1.499815060343600171e-04
1.369484277821269593e-04
1.110411511071245712e-04
1.321828415418713470e-04
1.181144024255730365e-04
1.034605237357028663e-04
1.167184627662282538e-04
1.041896484477794146e-04
1.068137913495832426e-04
1.064949049650093835e-04
8.721395374120919795e-05
7.907441298608933232e-05
9.020949138339186518e-05
8.672008135099634318e-05
7.718357956341552516e-05
7.383315457482349090e-05
6.986223703630474479e-05
6.175165936009867796e-05
6.215564807354178874e-05
6.137763455064563578e-05
6.036072851588985112e-05
5.500805392621328647e-05
5.406093735665738883e-05
5.344056970894934459e-05
5.302932307973535185e-05
5.294295350151444809e-05
5.260024859376753080e-05
4.180108354697059951e-05
