5.718348389772843175e-03
6.593871919449661653e-03
5.973870767321558771e-03
5.511707797566665727e-03
6.709661448150545764e-03
6.954446637637430248e-03
8.145379360536572286e-03
6.784165647217473179e-03
8.106482108229355957e-03
7.772453953373607838e-03
8.312867234260076441e-03
8.887852074351354839e-03
7.920176743473382810e-03
8.760483203253692855e-03
1.017554215050953462e-02
9.240220683797012446e-03
9.396101000621550139e-03
1.081286567315399745e-02
1.193866722632013454e-02
1.181842927055611579e-02
1.298793209755464036e-02
1.069440788080582190e-02
1.264479040561804733e-02
1.467236469377257956e-02
1.251462556890897346e-02
1.266611675604804345e-02
1.304492430076442319e-02
1.473045681106041442e-02
1.183822693845956731e-02
1.274330186945900160e-02
1.377290436204232568e-02
1.292178393264464473e-02
1.262527772057508123e-02
1.449820987809009344e-02
1.321091805221280731e-02
1.326155233264211981e-02
1.423658710340427146e-02
1.364537245698594671e-02
1.331290841827346798e-02
1.499756144048173742e-02
1.396903434382751330e-02
1.403107259028159824e-02
1.504517707405160672e-02
1.506459445018386474e-02
1.522674002327262070e-02
1.611614032111064951e-02
1.396056477471535953e-02
1.634892785621730113e-02
1.398209384616493946e-02
1.371453902621834822e-02
1.591981917062556054e-02
1.763916659120780273e-02
1.565715608224815814e-02
1.608278749052804296e-02
1.570144725346169293e-02
1.513838404018855860e-02
1.483359551551986961e-02
1.643875307062404520e-02
1.781039021525517019e-02
1.616292272316606146e-02
1.736803590516993248e-02
1.616070446660577975e-02
1.732925192043015608e-02
1.599114746167978537e-02
1.858121014797806114e-02
1.537461902090745194e-02
1.726479561240457788e-02
2.095631377206073204e-02
2.070263213738397085e-02
1.786557968241046790e-02
1.661497362311494669e-02
1.703844798110633330e-02
2.077562891849550272e-02
1.765280986479334305e-02
1.765952049554688624e-02
1.902046920189025617e-02
1.718146861911248532e-02
1.844409400641847108e-02
1.852903096824442750e-02
1.745951096980978209e-02
1.841130288375195101e-02
1.765757628977565954e-02
1.835300924865491956e-02
1.873768644079200352e-02
2.060054182886261742e-02
1.974757687623778998e-02
1.768746105138704547e-02
1.829575443661815917e-02
2.047354368847525974e-02
1.932218423013838671e-02
2.057720282275103327e-02
1.954296729067298011e-02
2.154153677193700392e-02
1.906380292500594459e-02
2.117508777318039340e-02
1.877308325373048051e-02
1.813501924146680711e-02
1.926691426823922901e-02
2.156440099405200830e-02
2.159679446913493825e-02
2.150697016276067672e-02
2.288651942134813447e-02
1.929975473778178241e-02
2.116155468487474975e-02
2.053026638743848942e-02
2.136021548594587913e-02
1.991108047973500980e-02
2.202869969701574948e-02
2.147023468956931261e-02
2.270771973460084317e-02
2.089610544411381679e-02
2.425853018687282661e-02
2.376658512782957658e-02
2.252075154033946272e-02
2.524114009174288978e-02
2.342153255695224312e-02
2.282136218627538876e-02
2.165891003151690711e-02
2.104234188824000845e-02
2.061756529744566621e-02
2.073968851651866729e-02
2.200274965482970635e-02
3.013338506824249016e-02
2.308512895694560599e-02
2.438473193783860168e-02
2.544908871604929790e-02
2.299099630739955685e-02
2.311502855530012807e-02
2.523977022789593988e-02
2.885580026390603334e-02
2.621815751012314052e-02
2.997986740294180177e-02
2.710618262308044438e-02
2.839796158076585836e-02
2.772550931036971145e-02
2.506847531779953994e-02
2.853288593395677045e-02
2.838143464073161759e-02
3.246652476467167675e-02
2.894723469988557882e-02
3.242460959555468203e-02
2.822541180387416748e-02
2.841359216953898842e-02
2.965390516183597988e-02
3.123383793304818773e-02
3.012821324546764712e-02
3.030203606365786118e-02
2.992787601840721234e-02
3.284662495896228940e-02
3.263432714964074194e-02
3.200499766725210804e-02
3.587359433961318650e-02
2.810303623858311992e-02
2.905607090646626645e-02
3.120868011805725054e-02
2.973733280115173697e-02
3.407319416930242040e-02
2.938870835293123929e-02
2.807504133840714108e-02
2.818970221380553282e-02
2.750503759293650846e-02
2.961440391098281444e-02
2.887105201598187676e-02
2.550502938564357461e-02
2.733998940109888531e-02
2.712285850028075054e-02
2.611126736586990432e-02
2.892525609247885085e-02
2.638811999269177061e-02
2.745079582439897276e-02
2.888360158485778900e-02
2.808160552293696016e-02
2.652312510466159345e-02
2.534566186107223285e-02
2.452689758498407396e-02
2.433032026597630945e-02
2.535534211395372092e-02
2.608097731382271259e-02
2.402431034389177281e-02
2.263599144139503277e-02
2.285721704123294673e-02
2.453990423538746080e-02
2.435484168024097673e-02
2.350258699636337267e-02
2.355279959540742749e-02
2.146249130415317855e-02
2.201204135478105131e-02
2.045313143674111142e-02
2.292916699497371188e-02
2.320772116584901221e-02
1.910352627723999053e-02
2.041131791037061743e-02
1.865740206234576398e-02
1.982704144638256297e-02
1.917011862815683546e-02
2.017218984807993623e-02
1.921948240227442511e-02
1.885791342251601221e-02
1.927499595075110594e-02
1.657778745601733508e-02
1.481918834465002430e-02
1.758041448074021060e-02
1.669618487249389938e-02
1.622398349773154433e-02
1.840377276785783167e-02
1.563724389731167841e-02
1.882901254703413241e-02
1.523648563218708493e-02
1.780682930418400062e-02
1.396497374659458161e-02
1.378678271605274577e-02
1.390890938235784559e-02
1.256430379152991689e-02
1.390604851864515185e-02
1.294893616013194533e-02
1.204977245350856777e-02
1.282816165244558999e-02
1.226626348605123519e-02
1.474596886901768412e-02
1.132123900157637648e-02
1.149496358847164335e-02
9.408357212618581600e-03
9.105161551455104307e-03
7.495767280647542934e-03
6.895782443109706519e-03
6.655830570787181141e-03
6.094411778363322679e-03
5.260597219050053806e-03
4.786387688599677732e-03
4.293101683770296148e-03
3.403093438633893360e-03
3.643831931843209086e-03
2.788337644071165432e-03
2.259144923839247112e-03
2.508942315927875991e-03
1.892117563525656928e-03
2.199095427920099398e-03
2.100860651129639756e-03
1.749295221314006938e-03
1.272285238808229437e-03
1.635898796354388462e-03
1.060147206956043231e-03
1.191272456756282917e-03
1.016282347614040496e-03
8.368264476183554000e-04
8.051221486657428230e-04
7.671525369005452932e-04
7.386505187311207584e-04
7.728963962885447526e-04
6.137693078684308473e-04
6.942218244212796903e-04
5.842057731032710387e-04
4.734981982015220203e-04
4.765101598509124308e-04
5.494064006227201155e-04
4.062680191569960787e-04
4.059753789005355554e-04
3.746774614523764365e-04
3.509106847230766455e-04
3.736455540089432992e-04
3.376815938832542548e-04
3.287659584227780587e-04
3.599648863655971281e-04
2.852556569697384768e-04
2.899020785107934918e-04
2.472774321471757483e-04
2.173516903175811061e-04
2.324173218006046174e-04
2.087850253269422180e-04
1.978923155615274518e-04
2.302513248273583993e-04
2.009520037764137891e-04
1.801952753047778542e-04
1.626751143300981877e-04
1.884823678320059724e-04
2.128268019207412353e-04
1.856388211366108963e-04
1.320842311821348550e-04
1.626811677558003498e-04
1.229144150625214173e-04
1.355934127659110921e-04
