1.249760026591072160e-03
1.359200468778989012e-03
1.424251598336420200e-03
1.460834863707888460e-03
1.986792529855735921e-03
1.567491581757742523e-03
1.728438472651193034e-03
1.868619320398456646e-03
1.815824298000301689e-03
1.912960401699723622e-03
2.405632408460998527e-03
2.338939033009654420e-03
2.610061680076054824e-03
2.585358763246950291e-03
2.989145841178192549e-03
3.090384655366722102e-03
2.824621012203907405e-03
3.466201606988814164e-03
3.801501376123648818e-03
3.721188592259717671e-03
4.091369163811374270e-03
5.280617168252051651e-03
4.186464701122691139e-03
4.944930560126886872e-03
4.532504994314127261e-03
4.603449617709227427e-03
4.686145107427009196e-03
4.834054320621510199e-03
4.628021049570567660e-03
5.625204625105550624e-03
5.337004219232888147e-03
4.854484243923387621e-03
5.599654690103561885e-03
5.772176405314018849e-03
4.891138866452279452e-03
5.492737495324667707e-03
5.518181301938204081e-03
5.782728629407692632e-03
5.876164509252453268e-03
6.722319301492804718e-03
7.034165450426520944e-03
5.887386553484506152e-03
6.421975976012956125e-03
6.571933559115434795e-03
6.130965368049310152e-03
6.346975824363009638e-03
6.900054303725790261e-03
6.567659056582227615e-03
6.937181531199173787e-03
6.681838797003079693e-03
6.286598112601928662e-03
6.818240728665297089e-03
7.273373314444120559e-03
7.470096133484145466e-03
8.175938796966904579e-03
7.423696981854546913e-03
8.382155972361046356e-03
8.045157771008776618e-03
8.803666894156163963e-03
9.292080808008546661e-03
9.587747563186166735e-03
8.044209917154187747e-03
9.282311734956515473e-03
8.748307589520189914e-03
9.301214126964182580e-03
9.711842861717301725e-03
1.068205863785641821e-02
8.509697733332554498e-03
1.007307000599517825e-02
9.283823486610286863e-03
1.081944032886056339e-02
1.058407816180759360e-02
1.045573773088639968e-02
1.222231616046343290e-02
1.168793467738793099e-02
1.083864054341677173e-02
1.090027452502178099e-02
1.204133487148958265e-02
1.327839486649270116e-02
1.283297649484289003e-02
1.135388293816726873e-02
1.177651538847728115e-02
1.226921367839500440e-02
1.271387403505671448e-02
1.381716603981688642e-02
1.330357572367686647e-02
1.261842037414827832e-02
1.610662695157310045e-02
1.520548053306115636e-02
1.468517581973434460e-02
1.483920594731798562e-02
1.455828432174741636e-02
1.553707328464179471e-02
1.611018651927115589e-02
1.487736691795698944e-02
1.591216861755973336e-02
1.751861738908462585e-02
1.631107350739377168e-02
1.699049598280578943e-02
1.646216386932456907e-02
1.747782896192613331e-02
1.813357950222049472e-02
1.752606452984135574e-02
1.923236218439008938e-02
1.746472447358541485e-02
1.832614502997705411e-02
1.709234349689963545e-02
2.024391289964277280e-02
2.288841332504604198e-02
1.953631312895798625e-02
2.187171059329544656e-02
2.063506783276977327e-02
2.315069563694127988e-02
2.239771237323454067e-02
2.193452815069291822e-02
2.141083710192152531e-02
2.500441937173266196e-02
2.528626576089675407e-02
2.410788013261840404e-02
2.736393037006167039e-02
2.486477955997658598e-02
2.255992335092681447e-02
2.523111748701965459e-02
2.625477547132158349e-02
2.860387450527629091e-02
2.689005211482660765e-02
2.681160334826441366e-02
2.871474326333238111e-02
2.621685761753238600e-02
2.548192661652882995e-02
2.761757696546261742e-02
2.731613733039728667e-02
2.962629492507914269e-02
2.728254570047251165e-02
3.359171226777282054e-02
3.082059810651121071e-02
3.111954127207378074e-02
2.918607901265759738e-02
2.901784790778797959e-02
3.380054149710463862e-02
3.227473361227839455e-02
3.301232196097943217e-02
3.778983018460187193e-02
3.729658972542240075e-02
3.887614587545722145e-02
3.675957100264905242e-02
3.940545238242409987e-02
3.821640857977541550e-02
4.278134715559398643e-02
4.521854693715811335e-02
4.571469031242957753e-02
5.068155840723946592e-02
5.115582960922214484e-02
5.242475775438056734e-02
5.120588876395843619e-02
5.545018759412144449e-02
4.985194562690396791e-02
5.062760340282897870e-02
5.729990463722000466e-02
5.249998784970026644e-02
5.368205795309737710e-02
5.648668751587065245e-02
5.219933720957293383e-02
5.031310704243783377e-02
5.161237558023983735e-02
4.925183860992266710e-02
4.961692416974941566e-02
4.856771843363595631e-02
4.994516155177628619e-02
4.998872401015429234e-02
5.955477516677232935e-02
4.450689010028280324e-02
4.609685831298094422e-02
4.422027298303153608e-02
4.765599448291388263e-02
4.685001608555407898e-02
3.741914852600215086e-02
3.748429169542796813e-02
3.930117054230522489e-02
3.456839824378561687e-02
3.478069525044726051e-02
3.212914792395982211e-02
3.215272661341021798e-02
3.202845489966821280e-02
3.145342171583670465e-02
2.965474905607655073e-02
2.257950027919311889e-02
2.559206952668538135e-02
2.648290757429114586e-02
2.382285798238423929e-02
2.054142692076623214e-02
2.225749359697914986e-02
2.021072993729320505e-02
2.268542929635437161e-02
2.090607772636745784e-02
1.612659208952756107e-02
1.762852035137768558e-02
1.960285280009354050e-02
1.736352855090533137e-02
1.596354709180121054e-02
1.470991873409955956e-02
1.416602787590745191e-02
1.059715334296720823e-02
1.434014911240783126e-02
1.278432564565309959e-02
1.127390860368696589e-02
9.104042537714285982e-03
9.094511107044617529e-03
7.047617656887188685e-03
8.896008759861816217e-03
9.108214322933117640e-03
7.808023039299972871e-03
8.353421832599489116e-03
9.222919863958518871e-03
7.641981485310886044e-03
6.938698951671142152e-03
5.054501503662946725e-03
4.988991823901602236e-03
6.858165848496060139e-03
5.633490892257740461e-03
5.501139426305969200e-03
4.772241390024464965e-03
2.912206838826152718e-03
2.423353657994991445e-03
2.582694533287685241e-03
2.300110320162209853e-03
1.616204433998124539e-03
1.487798393490087114e-03
1.312945939755485059e-03
1.067677724355566146e-03
1.075663616434964628e-03
8.566727134740446557e-04
9.318183740867502394e-04
7.782270902324521945e-04
8.085547795102248801e-04
6.765256007970865378e-04
6.813213763945996562e-04
5.155904756474291193e-04
5.043490054551879155e-04
4.239471643831607683e-04
4.154771014382114343e-04
4.068445611231337532e-04
3.728838106047510886e-04
3.911180142673233574e-04
3.186498350479286500e-04
2.908196228844580375e-04
3.618450551078238107e-04
2.751453810306738325e-04
3.130351443459281416e-04
3.261910528045300979e-04
2.442267747295726521e-04
2.191854237923044951e-04
2.337783970115412605e-04
1.839337699326054393e-04
1.896164665869923586e-04
1.779767986168327037e-04
1.775092370887705834e-04
1.587062216951131354e-04
1.629337715567439032e-04
1.290092330731266871e-04
1.566545653221735083e-04
1.459288062838823817e-04
1.190064220423238644e-04
1.243849114220369162e-04
1.072742129513279478e-04
1.114324451938363989e-04
1.180968546970462805e-04
1.018237941791875052e-04
1.042080419074857984e-04
1.070436456035584859e-04
8.499741837159366191e-05
9.725462777375466609e-05
8.489047312352556850e-05
9.075947495595404512e-05
8.835747706895781897e-05
7.476530723970406251e-05
8.853305882901582418e-05
6.733716174839059676e-05
6.560288740380789340e-05
6.856850179084581149e-05
6.193315950785434451e-05
