2.077927664781333561e-01
2.217508411761688891e-01
2.331710569809600508e-01
2.495734679167045389e-01
2.639419044508888312e-01
2.832136177500000906e-01
2.999790889319998710e-01
3.212750862623843795e-01
3.407954901366400113e-01
3.622579363464443203e-01
3.856008093749999643e-01
4.146369963386667412e-01
4.379432572846934102e-01
4.741439274215378252e-01
5.051776674469202755e-01
5.439941701527666318e-01
5.789842833306310110e-01
6.266113681124068080e-01
6.802555787573332235e-01
7.271658041975911368e-01
7.843785035941334138e-01
7.931221773677592513e-01
8.000859361071250841e-01
8.252752873017320523e-01
8.373149769955553490e-01
8.567053356983466150e-01
8.617308972251840338e-01
8.680292740305305399e-01
8.879552520387606895e-01
9.025164309208336677e-01
9.217996169512224780e-01
9.374604691299622816e-01
9.421691105935676713e-01
9.663572332715654190e-01
9.810741585641129525e-01
1.015705315474639603e+00
1.027363204218197268e+00
1.029004138932849921e+00
1.043753456543871527e+00
1.067362011404949573e+00
1.093641368856888896e+00
1.109682476085930736e+00
1.123718546081755365e+00
1.147390502019145275e+00
1.170120502971503829e+00
1.193490900667866672e+00
1.216486939619318308e+00
1.236307710260800219e+00
1.250932279390378987e+00
1.276227319966844354e+00
1.308568631222454037e+00
1.326342493934229427e+00
1.354411883303060948e+00
1.386927418215088137e+00
1.397501400403122318e+00
1.421988076259282918e+00
1.466004922649343678e+00
1.480025918657538853e+00
1.500498268709532734e+00
1.550336186346100042e+00
1.574946443715129485e+00
1.609225103556307213e+00
1.630108622750367831e+00
1.675638161755385713e+00
1.720853099617464466e+00
1.761788521588719236e+00
1.770054242365036945e+00
1.812119085134714203e+00
1.865228344470592381e+00
1.905359646754409830e+00
1.934181696874155199e+00
1.991348148835344389e+00
2.016410077295914594e+00
2.083838233618147573e+00
2.137008920257975841e+00
2.160007112371131299e+00
2.202914125898224551e+00
2.280572430102101311e+00
2.323266989386933989e+00
2.378488578581760216e+00
2.439383861100640427e+00
2.474270234501032562e+00
2.555380223240976800e+00
2.626836417443699556e+00
2.667447375057273362e+00
2.727944760068548469e+00
2.819237253541375221e+00
2.902285283104721891e+00
2.945489046223026985e+00
3.045370160094556411e+00
3.099609458200657031e+00
3.215857470517077044e+00
3.292953701621781359e+00
3.364575910966643324e+00
3.476594519634249814e+00
3.597503591562501768e+00
3.678595908334710174e+00
3.785398609380610235e+00
3.894643153061473129e+00
4.073056919048438473e+00
4.130103686116666672e+00
4.273384423306176849e+00
4.352238453639453830e+00
4.458996729081657229e+00
4.692500203310933315e+00
4.816161074107971451e+00
4.980576205255278666e+00
5.146648437390454411e+00
5.345130621092979872e+00
5.487803996008322471e+00
5.701037678890663152e+00
5.884771532708923836e+00
6.086939485792355775e+00
6.277017032926655027e+00
6.530706016176735851e+00
6.729367583249423745e+00
6.990580709001294579e+00
7.250680047852798182e+00
7.542867727049173077e+00
7.773346886628032415e+00
8.019952433286935189e+00
8.389817561865159590e+00
8.707402600418465255e+00
9.076751387147577788e+00
9.449719944636937541e+00
9.787483408629421788e+00
1.016624974085232580e+01
1.058690256895280513e+01
1.097992103534792463e+01
1.136711735394090539e+01
1.185227285646905315e+01
1.215864930945049238e+01
1.281299425872208708e+01
1.332871654333056455e+01
1.375596801439286310e+01
1.430036798751761573e+01
1.463016744641938693e+01
1.512919687795613832e+01
1.564666440996780494e+01
1.599407240257937346e+01
1.655680275375000221e+01
1.703833566043143222e+01
1.742134062906821157e+01
1.774996580002413538e+01
1.802226761395375121e+01
1.827202266153873822e+01
1.833901380222452815e+01
1.848144827180111349e+01
1.840983720128260970e+01
1.844675161086929194e+01
1.824958775385231391e+01
1.810286447835422052e+01
1.766612002630964184e+01
1.716083947249796182e+01
1.668059479402487710e+01
1.639989056309040194e+01
1.581376054102709183e+01
1.508931411511629861e+01
1.451233767976840205e+01
1.377395128664760016e+01
1.287072580583290637e+01
1.212401746905981881e+01
1.140427720656050070e+01
1.068614492130127402e+01
9.821925048917732326e+00
9.054155798795285648e+00
8.386422253793638149e+00
7.804367976106698634e+00
7.225360216479971953e+00
6.764289936221873134e+00
6.266114777354998111e+00
5.696804327573251392e+00
5.161156128136463295e+00
4.645754460853525281e+00
4.409371526802667418e+00
3.946599821212309234e+00
3.687581803154456495e+00
3.387646290954209327e+00
3.114872444757386116e+00
2.884232455419434960e+00
2.708638173635475432e+00
2.495708153393932260e+00
2.322045248847208754e+00
2.101081307568830603e+00
1.982724048993965704e+00
1.917457105834754705e+00
1.726365850562842308e+00
1.588082834178661251e+00
1.548392891760807633e+00
1.408877018688842186e+00
1.346780620499056225e+00
1.283935093692368135e+00
1.184323544762976077e+00
1.111151538055850985e+00
1.110308573761267237e+00
1.057945521169639802e+00
9.632933572041567638e-01
9.195265781074872802e-01
8.842619576574605178e-01
8.291815574296400593e-01
7.951612476908760385e-01
7.686155340486406917e-01
7.353850654610598614e-01
6.998080447020987860e-01
6.652438399065151442e-01
6.470551179949621812e-01
6.150752273863288044e-01
6.031838538232775493e-01
5.720325032447507452e-01
5.535667561091623945e-01
5.359832197681951849e-01
5.071796850505186915e-01
4.976173018734540432e-01
4.782256060539055165e-01
4.606364308059056611e-01
4.540077523412910376e-01
4.350357189811528968e-01
4.174977890092501087e-01
4.056472764091575423e-01
3.954897841024365701e-01
3.878315274657706535e-01
3.332054475345290756e-01
2.955585604321439019e-01
2.572064053297559161e-01
2.270474728740841108e-01
2.059749126808535502e-01
1.863062035684034390e-01
1.651263877651414358e-01
1.485300684938384297e-01
1.355432285925065039e-01
1.242473938520621962e-01
1.139020380138434790e-01
1.067209737890371241e-01
9.705183798243853521e-02
9.039545026319838195e-02
8.384713700694962357e-02
7.720846531487124409e-02
7.258294201501297449e-02
6.750261085190123467e-02
6.274032933882156549e-02
5.884264468245081758e-02
5.512763884793908664e-02
5.186560472181167558e-02
4.847078500740586993e-02
4.555173849221083593e-02
4.270550668438594100e-02
4.082827607012484705e-02
3.820957403050834200e-02
3.594727593953450651e-02
3.434472347025907535e-02
3.256176993300663458e-02
3.043890754819206235e-02
2.898528783163456524e-02
2.749788252714274739e-02
2.611360409823304529e-02
2.492100282128040245e-02
2.351914205530292179e-02
2.243698890409401639e-02
2.127586099735090386e-02
2.035410899660639039e-02
1.919947147257405895e-02
1.825486432606909792e-02
1.747919288272159477e-02
1.675007492601870984e-02
1.578440115708623637e-02
1.518899576248594618e-02
1.456689348609341295e-02
1.386457636563581675e-02
1.317043726173117157e-02
1.260726816067092582e-02
1.212330871471767324e-02
1.162752466930933037e-02
1.103113209628503455e-02
1.061178819810415508e-02
1.016277588343272864e-02
9.648092482714143436e-03
9.271147641264798622e-03
8.876483533819978788e-03
8.451161232561510417e-03
8.077598486009807122e-03
7.718645253351752444e-03
