2.070271887872000838e-01
2.186751645795000087e-01
2.301185148990000373e-01
2.470292895139999390e-01
2.610613751600800447e-01
2.788211879424000172e-01
2.960339877120001795e-01
3.144420901145601466e-01
3.320682921945601329e-01
3.545180557811199451e-01
3.776728367959999999e-01
4.040606119357800230e-01
4.287520243926399854e-01
4.571076822616598201e-01
4.883258290654799993e-01
5.231743469876001251e-01
5.586216107852801649e-01
5.970408803289600774e-01
6.432904404710398927e-01
6.952018935779998854e-01
7.370041612500000117e-01
7.476437619238837096e-01
7.616925615999999843e-01
7.676148892632478349e-01
7.834712502387838340e-01
7.949660202290198541e-01
8.003215182908158809e-01
8.194534769633915472e-01
8.239699606957281430e-01
8.458690127574240991e-01
8.505105122113600924e-01
8.602849905185638857e-01
8.713116176743678221e-01
8.997155787284318862e-01
9.040909141094001233e-01
9.293948197014602064e-01
9.261579945536003722e-01
9.454274949131998840e-01
9.583196830798078603e-01
9.777012631673759335e-01
9.853826149120001876e-01
1.005633258293243903e+00
1.021530310296887789e+00
1.040119047850932343e+00
1.047368780403696409e+00
1.067416923866799650e+00
1.082560098466663678e+00
1.099066587305232101e+00
1.113390791800831670e+00
1.138049924372956490e+00
1.147946236799999964e+00
1.171457553980884470e+00
1.181202772564799997e+00
1.207993935302891897e+00
1.228731377264583813e+00
1.242574084775440513e+00
1.252901314769663932e+00
1.277894811897200444e+00
1.307918691284087886e+00
1.319566299299604673e+00
1.350767398415040343e+00
1.350188862690096858e+00
1.386035534072448838e+00
1.403313418875200336e+00
1.426894916415103909e+00
1.446531200742780188e+00
1.466657149527423432e+00
1.478757788893300340e+00
1.514012921010431834e+00
1.536929079499884443e+00
1.562371704857599575e+00
1.581061369973904229e+00
1.606946233692800208e+00
1.631737106747390920e+00
1.655369642575415856e+00
1.669959898079379945e+00
1.693191877760001240e+00
1.723366364799409078e+00
1.750160303333800016e+00
1.783805927625536025e+00
1.797261416177760252e+00
1.828413707559036760e+00
1.842213499639167473e+00
1.890887157940308594e+00
1.900968576169936863e+00
1.928572238792640503e+00
1.955261867404295861e+00
1.971758818154627724e+00
2.010196465691199919e+00
2.025846626314175225e+00
2.053301832588000586e+00
2.077936886140416828e+00
2.111053633771199589e+00
2.143188608319852584e+00
2.145581405384999307e+00
2.178020410258499684e+00
2.202274542551585501e+00
2.224578183955451482e+00
2.250016691392512147e+00
2.281502349170176025e+00
2.313851374975120834e+00
2.315807321006015940e+00
2.349380491004552596e+00
2.372140051935301308e+00
2.373162896418817169e+00
2.414513927608860300e+00
2.430896665970401216e+00
2.452561301941811323e+00
2.464123071457648972e+00
2.495356504516234697e+00
2.498431301458559517e+00
2.521834308417598702e+00
2.526977952851968023e+00
2.543135741458799615e+00
2.578711825921025103e+00
2.564603538210879385e+00
2.591322539983053286e+00
2.582251943690800911e+00
2.604009729474888069e+00
2.607450173159996609e+00
2.609478762558397058e+00
2.624683837389505392e+00
2.617181686561153686e+00
2.629821795392948580e+00
2.633874944796861239e+00
2.634006433949998449e+00
2.605911667644265073e+00
2.609843164205509325e+00
2.616395066585086582e+00
2.620988503681081827e+00
2.592193535511038149e+00
2.605952021601682933e+00
2.585510711419407581e+00
2.554211047533065049e+00
2.558287690754185384e+00
2.535292764665056264e+00
2.507454587607423235e+00
2.501396611006329707e+00
2.479034950696566320e+00
2.449528150078417177e+00
2.452927693917118290e+00
2.413038053400576644e+00
2.395486881345002761e+00
2.376687930570001495e+00
2.331117415466492204e+00
2.308048537401200750e+00
2.285282982864982326e+00
2.261590460907985545e+00
2.219136109360132725e+00
2.198039205476397751e+00
2.154639680596677653e+00
2.131357509962592545e+00
2.100414411402045989e+00
2.068325895213374732e+00
2.020617228269022014e+00
1.987467262708499938e+00
1.938548651519021115e+00
1.923918517887497792e+00
1.909986620181285399e+00
1.850585421235599215e+00
1.809590352796160317e+00
1.775113996791741977e+00
1.735052492277203040e+00
1.695501218216470152e+00
1.665293509771537117e+00
1.625813311655502025e+00
1.609555754753098311e+00
1.572975743209188426e+00
1.515885025600514524e+00
1.499406404799998205e+00
1.473286975372802843e+00
1.407522482783819973e+00
1.376359721083634025e+00
1.361969951306700066e+00
1.323653329210500607e+00
1.284120135172419186e+00
1.257821868785375719e+00
1.221344432948186620e+00
1.198409897307231020e+00
1.162841822364564015e+00
1.128217158850001178e+00
1.102926739671296064e+00
1.078519355004165181e+00
1.048631410253974217e+00
1.009547052875777062e+00
9.817908077654441401e-01
9.385570458196214050e-01
9.265688411132722013e-01
9.145157110333905770e-01
8.831055722810990938e-01
8.539014712436823196e-01
8.256826763075976183e-01
8.172308683188437284e-01
7.856060683175288828e-01
7.748234432237015579e-01
7.473095799184017451e-01
7.322902447002224147e-01
7.140733296927505025e-01
6.864549417031969858e-01
6.643582035673741837e-01
6.553782986880030137e-01
6.386290222380658355e-01
6.183532392755137774e-01
6.008988572422894192e-01
5.709033357660223684e-01
5.623340537633418901e-01
5.544457769500580335e-01
5.412892177119089654e-01
5.347136515992010342e-01
5.141654145716759716e-01
4.970819306353597700e-01
4.814594183566023311e-01
4.764538986084475014e-01
4.563050310814453780e-01
4.436850973855023805e-01
4.292070612112827144e-01
4.124686778944008370e-01
4.085439613888965371e-01
4.020485135431639545e-01
3.840096710909030042e-01
3.771696017919989874e-01
3.272605981096752825e-01
2.959977826022439640e-01
2.590156437124999655e-01
2.295059998212889418e-01
2.079436453835978305e-01
1.876658656403250580e-01
1.696418073126352288e-01
1.549391039229552902e-01
1.423774278408901917e-01
1.269196448938086919e-01
1.202716535344166143e-01
1.068738323049638478e-01
9.839802673784119047e-02
9.103493782908443632e-02
8.272060543519504927e-02
7.785699522048084020e-02
7.269657257303541176e-02
6.833650072500063732e-02
6.271176472049816430e-02
6.038697215999588863e-02
5.561282236861442296e-02
5.305715817264078371e-02
4.800313466249694905e-02
4.503634649727672468e-02
4.290664758999779282e-02
4.018892862852396775e-02
3.716812073600234134e-02
3.605022236416033365e-02
3.480317140302718881e-02
3.226102480640646863e-02
3.106471454311882097e-02
2.856152640000830800e-02
2.735672471349515078e-02
2.631103399999779047e-02
2.464026824519710557e-02
2.315562319807584757e-02
2.252031578173275053e-02
2.134356610224041884e-02
2.002081174631320515e-02
1.897595740319335533e-02
1.873259102549962307e-02
1.730828916543747376e-02
1.659820571266268363e-02
1.600338621312680232e-02
1.524030383359770147e-02
1.441424640751765018e-02
1.374937310586304973e-02
1.295695978584054942e-02
1.248491739608770246e-02
1.198859699699517112e-02
1.168959072008307620e-02
1.097118945600605855e-02
1.072986049855145785e-02
1.021226576831646415e-02
9.757762752405918505e-03
9.323869872724710461e-03
8.751683502132734382e-03
8.409667801653863961e-03
8.098415319127083567e-03
7.752335587198899702e-03
