2.075329163950000444e-01
2.194099235038749762e-01
2.340749383473900436e-01
2.474395529162650709e-01
2.640362151248801248e-01
2.809051603629749705e-01
3.009467247692800829e-01
3.190502284300849034e-01
3.377021085840000714e-01
3.599720919541949393e-01
3.847350921990000949e-01
4.128888341509051041e-01
4.390862191040000306e-01
4.732097060642402320e-01
5.069758809330000560e-01
5.417915119845251315e-01
5.763355203379199043e-01
6.270740475314999784e-01
6.654896526585101224e-01
7.211228207383199029e-01
7.730669258973000835e-01
7.942188962369762795e-01
7.973176035601999834e-01
8.158388364468479592e-01
8.260395167171359354e-01
8.335355417576949533e-01
8.556812318039039855e-01
8.715218030295678320e-01
8.778617192132479596e-01
9.019324838022985125e-01
9.112462395040000773e-01
9.251614958849437853e-01
9.463142261801278377e-01
9.627972935205670879e-01
9.664031837183999496e-01
9.953221690931401966e-01
1.006305132130064006e+00
1.016754473611666931e+00
1.041390791228928192e+00
1.062061742278801013e+00
1.079717791199999999e+00
1.094717977907774920e+00
1.119849716262647732e+00
1.134961624335796948e+00
1.143818316980603766e+00
1.172035829561674847e+00
1.192586625355146257e+00
1.222496904571977350e+00
1.239894832547199899e+00
1.258582479508151053e+00
1.292857277571749730e+00
1.307023535330099406e+00
1.332911715671251995e+00
1.359145841635683416e+00
1.388767779292434446e+00
1.404197181447760068e+00
1.441086786308400036e+00
1.457744177008223341e+00
1.480975224257021550e+00
1.528080463898100927e+00
1.558314171165440465e+00
1.576899816140276300e+00
1.618762425549498118e+00
1.650355523797393253e+00
1.678209738255399541e+00
1.710137059438079365e+00
1.728570890407776117e+00
1.767829775540396220e+00
1.812310461711491349e+00
1.855874568856875184e+00
1.899988183693599897e+00
1.940459954062500048e+00
1.958365174999200153e+00
2.006065886402576215e+00
2.075359870696014131e+00
2.124541409688719629e+00
2.155441051206043124e+00
2.229818195665199898e+00
2.248831086695847858e+00
2.314199502949225273e+00
2.344435020812160708e+00
2.409059885457600192e+00
2.469870991678581706e+00
2.511402262708052113e+00
2.590339979994675801e+00
2.659222702089035995e+00
2.695192833722376058e+00
2.777914314361823678e+00
2.832503613984768354e+00
2.913720538266711291e+00
2.986593840688481993e+00
3.044615886035828556e+00
3.120712284323627461e+00
3.223376801328683428e+00
3.307030595853600374e+00
3.352380376138500928e+00
3.459818358987775788e+00
3.543275460190064230e+00
3.637866338768087626e+00
3.735676078872659733e+00
3.801359184543779524e+00
3.899922554516735751e+00
4.042484856740609089e+00
4.158964349977702035e+00
4.230331605098496262e+00
4.343350199264615519e+00
4.455087368295296280e+00
4.637378438665318292e+00
4.752456628808194417e+00
4.854391488502606045e+00
4.987315947615692302e+00
5.140210377688062771e+00
5.274243508958202931e+00
5.415411551024832626e+00
5.573357943826611205e+00
5.686033585545807512e+00
5.845575130432886901e+00
5.986016471511589998e+00
6.176285259446051334e+00
6.320232429415044706e+00
6.468677974028398836e+00
6.671767885680926824e+00
6.805835119602528849e+00
6.979265946627983830e+00
7.141714914960579641e+00
7.266202206220390813e+00
7.467077897756555060e+00
7.611532572062179369e+00
7.736217139261986731e+00
7.875675228152256402e+00
8.025761267419508016e+00
8.221210824918735227e+00
8.344313290158048346e+00
8.443486782476124830e+00
8.543799139435648726e+00
8.686878313194560164e+00
8.766965009659994479e+00
8.828514493195198654e+00
8.928298609776119221e+00
8.985610012616112030e+00
9.007952277742319325e+00
9.057929645096621130e+00
9.069569683610280819e+00
9.009429320791907614e+00
8.919554295683552070e+00
8.897251438476700969e+00
8.921066147680543068e+00
8.779341981404927608e+00
8.672981050114765722e+00
8.530873648397097497e+00
8.351319893949259665e+00
8.198907893749476372e+00
8.057317057300791063e+00
7.848091349827184260e+00
7.610752157678887464e+00
7.449239916143990392e+00
7.230774938574464628e+00
6.966254912798069299e+00
6.749621671374318232e+00
6.574169526420611476e+00
6.293342817149945034e+00
5.944794070132065400e+00
5.783563719179996454e+00
5.406351152897991952e+00
5.241017854487604488e+00
4.948897697522546046e+00
4.838737459476484482e+00
4.606642492872992989e+00
4.366142592157245872e+00
4.154264951191194655e+00
3.901567985459561960e+00
3.789720129838698437e+00
3.511965290386285687e+00
3.383436796373968658e+00
3.122646529126179349e+00
3.017071826495550724e+00
2.818818114683257825e+00
2.680510786127046963e+00
2.577354450042522949e+00
2.377579562283147929e+00
2.237730909508495181e+00
2.138865741719265134e+00
2.006493272273963235e+00
1.899822932616995752e+00
1.801591053904284978e+00
1.689111778163770783e+00
1.580048699048930860e+00
1.553494812108314083e+00
1.490042949106616277e+00
1.365207981429132467e+00
1.281016047220502330e+00
1.269909888912011287e+00
1.160381456955032364e+00
1.108543110527314246e+00
1.082176909545884413e+00
1.007999193506079472e+00
9.672777158544233478e-01
9.602209075205778710e-01
8.880240433244562803e-01
8.592000039544972489e-01
8.024787762235092714e-01
7.598164192862369992e-01
7.419283555022024856e-01
7.151934871198605270e-01
6.974294628852676370e-01
6.554652374923288782e-01
6.354461662439968572e-01
5.983302620938818484e-01
5.679250503099229075e-01
5.602539453613418763e-01
5.508823115023635530e-01
5.180343350896250421e-01
5.185497604574335062e-01
5.000008688225405784e-01
4.806797107096513200e-01
4.529003688000059480e-01
4.305086872975934509e-01
4.213813669886029012e-01
4.070118923589242099e-01
4.016334965488863040e-01
3.905796302995145908e-01
3.400800530536738364e-01
2.899256232577975823e-01
2.536161160278544990e-01
2.250163413674677315e-01
2.049111488502630696e-01
1.827359904619001441e-01
1.657675078877600683e-01
1.512705763562305350e-01
1.370629377172647434e-01
1.245600430354843052e-01
1.148131660031037754e-01
1.049050452973645658e-01
9.729024778102089710e-02
9.008091810570605096e-02
8.374687152332138673e-02
7.671093631801273460e-02
7.335759741337932738e-02
6.718084597700624272e-02
6.314666737787932860e-02
5.861351263137137835e-02
5.529562937917553711e-02
5.215610180396623718e-02
4.834278430657823478e-02
4.583337550339994237e-02
4.304268744004247083e-02
4.076372298035124686e-02
3.881297099914537974e-02
3.654131199934340657e-02
3.456120295800912956e-02
3.217797827336665861e-02
3.055573401799960287e-02
2.901474010976290430e-02
2.742212481416306247e-02
2.608135121890464703e-02
2.447205031193666613e-02
2.361018859710739548e-02
2.222162525476112371e-02
2.151793692683945380e-02
2.019428028801173447e-02
1.945271368318568506e-02
1.836790727962611669e-02
1.751042752221732002e-02
1.661375199411474490e-02
1.599315190198424830e-02
1.515816285823423648e-02
1.457905229889089327e-02
1.387646941980880122e-02
1.320177181023396429e-02
1.271113218127317701e-02
1.199991449927217957e-02
1.162238349513500246e-02
1.095357331262114542e-02
1.051170716441474084e-02
1.009814691960819744e-02
9.672642133227160599e-03
9.181380745676648303e-03
8.794502253463676311e-03
8.468486983083334252e-03
8.111089240087965280e-03
7.856222296780401848e-03
