2.073258513099520417e-01
2.207615266111199737e-01
2.356072153948464698e-01
2.510723259610599944e-01
2.680249370270208487e-01
2.848270300119000176e-01
3.001204983701568629e-01
3.172910719580935845e-01
3.407996524550783168e-01
3.672316732274230611e-01
3.847856563359599580e-01
4.116464466114049259e-01
4.408045569680897335e-01
4.704770312565015877e-01
5.032763613787392121e-01
5.434098684600958684e-01
5.852601173276928970e-01
6.219727527176375226e-01
6.710659180089344478e-01
7.257222602955433199e-01
7.839136119552000403e-01
8.001498404632901851e-01
8.223964438514329567e-01
8.258575465483680711e-01
8.407204789746075546e-01
8.505897172047967025e-01
8.670253415531671282e-01
8.747454152000002647e-01
8.885971386858722010e-01
9.058204681455519491e-01
9.344534335872063391e-01
9.391374745626066556e-01
9.548793363205324569e-01
9.719895644022182868e-01
9.870853259866326779e-01
1.000548348377961583e+00
1.025555889985599878e+00
1.040419675451974779e+00
1.056366213418271860e+00
1.070176373975885609e+00
1.092636064817920083e+00
1.123637837412275076e+00
1.131939228581111845e+00
1.157805832442018179e+00
1.161070164364717439e+00
1.204123189067500155e+00
1.213000225533814813e+00
1.255698059260444310e+00
1.265918744323992318e+00
1.288845039698828909e+00
1.327437099795364839e+00
1.343312187739766239e+00
1.357837607821499981e+00
1.388026616820266623e+00
1.408780494122016336e+00
1.441399206782169484e+00
1.478958630777599481e+00
1.488277594690983419e+00
1.528449766249548425e+00
1.550175605037399595e+00
1.596354666148247281e+00
1.623262521525821400e+00
1.653030210625412666e+00
1.686001729170052865e+00
1.726883593996635824e+00
1.761039943024290677e+00
1.806477035891938421e+00
1.830340338878927886e+00
1.864573337099095784e+00
1.932010340804619641e+00
1.968878458321544178e+00
1.986416746496674879e+00
2.051662061761888811e+00
2.106837068546385527e+00
2.145667157576053086e+00
2.169840493706267637e+00
2.251548634684593875e+00
2.323656630440218418e+00
2.327251857868799512e+00
2.421105484192675128e+00
2.456657667384825050e+00
2.506584457654956299e+00
2.577372725636192907e+00
2.656299313272151963e+00
2.692055250102634911e+00
2.799720568052998182e+00
2.885364521983683428e+00
2.958597089181648876e+00
3.038151943853653059e+00
3.092989725715271643e+00
3.210978872837445319e+00
3.252297438938254626e+00
3.347650365791355664e+00
3.454973905311498950e+00
3.540379940849424312e+00
3.685755377482561101e+00
3.797701221504369506e+00
3.873463621382584154e+00
3.971452571776328266e+00
4.117953554242672176e+00
4.260122343207998874e+00
4.387949614046502411e+00
4.545440691635143970e+00
4.679434779407793066e+00
4.816235750522817938e+00
5.006167471264959978e+00
5.156908231507107310e+00
5.349843042958985606e+00
5.515886100163909234e+00
5.684164123555583537e+00
5.987342390390340441e+00
6.187117077135606102e+00
6.362797988120735049e+00
6.653374240609690737e+00
6.936686625320218624e+00
7.162536916339719006e+00
7.430409977555663126e+00
7.689095836513749838e+00
8.066959587741409976e+00
8.484653613927376270e+00
8.800188423039999819e+00
9.187849364208924285e+00
9.707534666545337032e+00
1.007014328241479895e+01
1.052523848854409216e+01
1.100723378597187008e+01
1.159250768541156162e+01
1.209255491264950066e+01
1.282775065732065833e+01
1.354168108592740616e+01
1.420173133448932923e+01
1.529171031241749645e+01
1.610254856892854392e+01
1.684599970126767943e+01
1.775159877314620260e+01
1.873025344408315007e+01
2.024104277199107216e+01
2.107272917950920643e+01
2.290275991510731046e+01
2.412383500598931363e+01
2.584274388887547858e+01
2.707808098679863207e+01
2.892161156836517577e+01
3.079643932797195660e+01
3.262742161167220445e+01
3.473598230193826453e+01
3.671227831194346436e+01
3.858555914378106877e+01
4.072970768343398618e+01
4.231772651208961378e+01
4.354490953369644046e+01
4.428601172533683439e+01
4.552301239092165019e+01
4.560187727698820481e+01
4.418425994849788907e+01
4.461505080856724703e+01
4.233581197864995715e+01
4.113992386240092003e+01
3.766018296199364812e+01
3.562330001244753674e+01
3.258125944257275108e+01
2.906501235286950902e+01
2.580007870534977954e+01
2.294560500143816029e+01
2.021419572909583806e+01
1.807390572711726051e+01
1.560143730402963413e+01
1.416459022985917748e+01
1.205691920826234664e+01
1.005374521244663377e+01
9.211379895166890819e+00
7.696223627825929725e+00
7.233084212354799369e+00
5.547043234230037534e+00
5.466879667463311776e+00
4.532042474510565633e+00
4.026616233586468141e+00
3.631885937166653644e+00
3.343537452397526089e+00
3.181258381971362237e+00
2.734411548045467821e+00
2.654961084978054497e+00
2.425218660432578499e+00
2.187265167208738426e+00
2.035445877865229569e+00
1.756534679005104849e+00
1.659605468205731515e+00
1.570640760422167714e+00
1.491393027535252713e+00
1.380575505470778674e+00
1.307243447518699364e+00
1.262017029544813429e+00
1.187361533860800122e+00
1.110635627351377330e+00
1.060018094791080223e+00
1.008250419637979345e+00
9.664509728019121670e-01
9.172416489287193997e-01
8.774835890044835329e-01
8.374872498727115033e-01
7.980323081011597708e-01
7.719202434881785591e-01
7.352163968091529611e-01
7.012058893675301441e-01
6.708368330332792340e-01
6.527758396691646370e-01
6.234424884294520464e-01
5.993167224172607499e-01
5.833809226224850875e-01
5.474102493228418798e-01
5.359079738321337327e-01
5.450180590362696531e-01
4.964850653216745791e-01
4.821207103233557389e-01
4.628093290462115261e-01
4.518590109086867423e-01
4.368550060169917870e-01
4.158837243683252693e-01
4.115469875761862406e-01
3.952146500201325630e-01
3.844785045335752383e-01
3.324300526385104426e-01
2.909162678548071757e-01
2.553490284985859837e-01
2.282214566985518722e-01
2.051930821112268877e-01
1.835655464513780144e-01
1.653859586843289819e-01
1.517799829373778220e-01
1.367096468603876125e-01
1.241707277799542070e-01
1.150970144426624736e-01
1.053335510598829711e-01
9.757175210417660949e-02
9.020444679754822948e-02
8.319070175952236745e-02
7.710669190106878013e-02
7.218369651881828553e-02
6.761904444812505410e-02
6.236792424788029088e-02
5.898139705956539913e-02
5.538778118925058447e-02
5.194675174179097521e-02
4.855489630059828254e-02
4.576957557955729783e-02
4.292749012750618487e-02
4.112283738827993140e-02
3.837808895358757466e-02
3.617361131844631927e-02
3.789202756631776525e-02
3.235981588384229113e-02
3.044151633972841386e-02
2.929644873143621986e-02
2.762162553178737490e-02
2.632433600165962062e-02
2.476053641582709464e-02
2.371848090380046514e-02
2.238317757616848161e-02
2.126460316577427623e-02
2.024964781724564178e-02
1.917885420862908141e-02
1.845289866254928857e-02
1.741460180488541010e-02
1.663067246263222332e-02
1.581969182431475218e-02
1.515857732985875783e-02
1.454137393299415049e-02
1.392286986945934224e-02
1.320818209095686591e-02
1.271335633760140027e-02
1.209872369997699870e-02
1.156358566525711451e-02
1.102677520951056422e-02
1.058281683327250144e-02
1.011901885390187328e-02
9.700811945193010821e-03
9.236315830729591170e-03
8.792013427970368777e-03
8.447021526741815833e-03
8.116800807220214686e-03
7.805218774636912826e-03
