2.091343896835499983e-01
2.196308996919999756e-01
2.328897495825599517e-01
2.482038775999998725e-01
2.659820453619998748e-01
2.829737656304437410e-01
3.037689053021699892e-01
3.181518692475649446e-01
3.397716857846400096e-01
3.658293674459199840e-01
3.877457288224376852e-01
4.163844085572264153e-01
4.464768265318400653e-01
4.736073823483349376e-01
5.065055017233299761e-01
5.415267445387250689e-01
5.801603797773701165e-01
6.271381534962788828e-01
6.704858973933101041e-01
7.272425383749800964e-01
7.871811633572997069e-01
7.970190694812447907e-01
8.143050163921281559e-01
8.211586850880980837e-01
8.370866376724360736e-01
8.463103401220001265e-01
8.602579786033256459e-01
8.712268582195314970e-01
8.929568601233283109e-01
9.113950125239944633e-01
9.285444019638396940e-01
9.352691739781610059e-01
9.470201798440504026e-01
9.673512312535916813e-01
9.829433018332935923e-01
1.002577471432031464e+00
1.017316522385288913e+00
1.034757919301460438e+00
1.066023379566100493e+00
1.074763071211841003e+00
1.090569442113280108e+00
1.114538423612871254e+00
1.140133231343487541e+00
1.150163963971951864e+00
1.178505772177500743e+00
1.186098281671875476e+00
1.213851617065962341e+00
1.246082589074455793e+00
1.258657813839741735e+00
1.285072996060118822e+00
1.314659408327429668e+00
1.325014120903124759e+00
1.356755081371828320e+00
1.388988020362571740e+00
1.408609320201503534e+00
1.435899751146785253e+00
1.456068931033164482e+00
1.481317229105932221e+00
1.522538379824461829e+00
1.556682384559582077e+00
1.582486241544314165e+00
1.618426051179655101e+00
1.650867009525018858e+00
1.681597205913153870e+00
1.717170172614399526e+00
1.740237455516764342e+00
1.803174058067813279e+00
1.822384441640372277e+00
1.876813244444352158e+00
1.908497774345276232e+00
1.956333688812212701e+00
2.011587602653892137e+00
2.057239578155167337e+00
2.094166852974191251e+00
2.116053531012787481e+00
2.185588988787460885e+00
2.222999653140599552e+00
2.300284676143055318e+00
2.334786168269233908e+00
2.390437868943660504e+00
2.457366494052959816e+00
2.548482696579098761e+00
2.577748720396548787e+00
2.650529050012271792e+00
2.728766791994789109e+00
2.765050303315439439e+00
2.852268186354256496e+00
2.949707026646324337e+00
3.015549480976448038e+00
3.095138751610715389e+00
3.188186372357207699e+00
3.258168466766016014e+00
3.352197991912511998e+00
3.453733933537375123e+00
3.522636307320063498e+00
3.654829864619156155e+00
3.733212138260863622e+00
3.858978388494874512e+00
3.980287867944685587e+00
4.079032939850256945e+00
4.233809834000079597e+00
4.344128653032530707e+00
4.480501437970510814e+00
4.644917534095087674e+00
4.759656318744576176e+00
4.986715213537653568e+00
5.105987763717531713e+00
5.301140636959103425e+00
5.430862274496701225e+00
5.677270629789898493e+00
5.875480697921638296e+00
6.089094801787880762e+00
6.284049178593551055e+00
6.543963423934032519e+00
6.782134347457472678e+00
7.059531100749855348e+00
7.294316356446669758e+00
7.662657242920221989e+00
7.838402545715441150e+00
8.303476422292741077e+00
8.643175675243901068e+00
8.949246450569377842e+00
9.345188642186876393e+00
9.789621705043078492e+00
1.019860427061709807e+01
1.064167960391779566e+01
1.124069599740253800e+01
1.178822902917879922e+01
1.240388253203671454e+01
1.296681684929831668e+01
1.349539175868283891e+01
1.418731469803731926e+01
1.488470646322518398e+01
1.574951548209291374e+01
1.643410183219052811e+01
1.734467256200626295e+01
1.818358298893500091e+01
1.916670369435354004e+01
2.026682505848676286e+01
2.116995658719154250e+01
2.206099128431844747e+01
2.315479139086214744e+01
2.425582960429636969e+01
2.515290432158536760e+01
2.623698117249154649e+01
2.733728127409978370e+01
2.827714273049455684e+01
2.898066166543976863e+01
2.975369474737521003e+01
3.029801550918617536e+01
3.052758850595589024e+01
3.065479582074691933e+01
3.064756682054780867e+01
3.031022578189354633e+01
2.973753372191870525e+01
2.889667360579913336e+01
2.747943377353527694e+01
2.627840682419283880e+01
2.507029450416806071e+01
2.387087583897801935e+01
2.145547134888253638e+01
1.994117346429879944e+01
1.838998528082485251e+01
1.641664819223165850e+01
1.493263965906027835e+01
1.376074717309562168e+01
1.186177208048175657e+01
1.059708673830655634e+01
9.435616349779138545e+00
9.101852552938817453e+00
7.449656288191190967e+00
7.037654057628301096e+00
6.249973816992564934e+00
5.336176332720658166e+00
5.073909236104425347e+00
4.660118080198950352e+00
3.960219992421886825e+00
3.602804891684001198e+00
3.470481601214389755e+00
2.975940493617465155e+00
2.820064420415899775e+00
2.745573623990053669e+00
2.267907456773891273e+00
2.261786604837341841e+00
2.072192466209088479e+00
1.865885428658135226e+00
1.738580696684475901e+00
1.665781150671463706e+00
1.488114936589183035e+00
1.507603017870461137e+00
1.315414025608189874e+00
1.251787258463368691e+00
1.189743325423859188e+00
1.131371231389639576e+00
1.056769728712899203e+00
1.003488971156625276e+00
9.571826469325350750e-01
9.243484378901557497e-01
8.714681970714721615e-01
8.371868789271104117e-01
7.871536780596670724e-01
7.703713285907010100e-01
7.368078796085235638e-01
7.054335385527700231e-01
6.770616795222146322e-01
6.536834569669220940e-01
6.164430429931246902e-01
5.845988403059363403e-01
5.794512385898712425e-01
5.501000622859745226e-01
5.350015041656490666e-01
5.140072772360234632e-01
4.910208694961205600e-01
4.802382715875333496e-01
4.671855540793473094e-01
4.532082562356665179e-01
4.371264821631456465e-01
4.345605596700776729e-01
4.131612892956916250e-01
3.967464771987755379e-01
3.850729259899488000e-01
3.592665648192738814e-01
2.929755030081793166e-01
2.581190556902015487e-01
2.286553411706861993e-01
2.036896539288557406e-01
1.818590332153817712e-01
1.642664835102047860e-01
1.504660459882245505e-01
1.371682394895046286e-01
1.263214455710670592e-01
1.142605170435811029e-01
1.054850792405091081e-01
9.711544066828901867e-02
8.960251065824208216e-02
8.359472060933459403e-02
7.715874376131992562e-02
7.257858525202109945e-02
6.712791472342161114e-02
6.290624554463786211e-02
5.835288394671067635e-02
5.522829279687080373e-02
5.203979036816974713e-02
4.899479287850194709e-02
4.595791065319332347e-02
4.352069111857037598e-02
4.052509645982382835e-02
3.825773204665594562e-02
3.588078040002073976e-02
3.437253142780871684e-02
3.240699809372138418e-02
3.065597000930164739e-02
2.917291707248281796e-02
2.763116828089362542e-02
2.603979567535219530e-02
2.480888887463894577e-02
2.358386996353090126e-02
2.233995823795709504e-02
2.122109013899020624e-02
2.025658328443213918e-02
1.928571575549042905e-02
1.836882278472451446e-02
1.750677069292727595e-02
1.665981065877275569e-02
1.582803762923390423e-02
1.523499198605282601e-02
1.467707005491725170e-02
1.375757909273023216e-02
1.320974665543417359e-02
1.255567815688607425e-02
1.200121470001924706e-02
1.157928088165061098e-02
1.107432465543922717e-02
1.066547508745330219e-02
1.015792386054492624e-02
9.626701753560062969e-03
9.213830252523536046e-03
8.776633590445115374e-03
8.527759578345950331e-03
8.077589483149516525e-03
7.747928563190953355e-03
