1.036629256549760125e+00
1.076885495663999937e+00
1.121939120927840428e+00
1.167778260284000114e+00
1.218295168304640130e+00
1.265897911164000078e+00
1.304871732044160293e+00
1.350174774289760071e+00
1.419998551896159755e+00
1.498904788683359524e+00
1.539142625343839832e+00
1.614299790632960363e+00
1.695402142184960548e+00
1.775385023609439950e+00
1.863986523624959979e+00
1.976035885309439522e+00
2.090214704741760077e+00
2.182360535851359806e+00
2.314020406927360440e+00
2.460075458628960376e+00
2.613045373184000209e+00
2.658305117818239971e+00
2.723167032620639194e+00
2.725602463856000135e+00
2.765527891363840585e+00
2.788818744933759586e+00
2.833416148866559237e+00
2.849333600000000910e+00
2.885055645084000808e+00
2.931457825713760457e+00
3.014365914797439761e+00
3.019734644895841313e+00
3.060510693335039889e+00
3.105397969336160635e+00
3.143583840721760225e+00
3.176343963104639734e+00
3.245430031599999765e+00
3.282080995116639421e+00
3.321906331503999610e+00
3.354784871397760604e+00
3.414487702556000315e+00
3.500429400038239880e+00
3.515339219195999121e+00
3.584538180935040952e+00
3.583549890014559924e+00
3.704994427900000442e+00
3.720859587527039380e+00
3.840055227096160095e+00
3.859508366841439830e+00
3.917462126744160500e+00
4.022536666046559795e+00
4.058344978065759001e+00
4.089872312715360891e+00
4.168248098559359072e+00
4.217905671024000824e+00
4.302684199349759098e+00
4.401662591599998287e+00
4.416253990180959654e+00
4.522040728548959443e+00
4.572789395390558731e+00
4.695160782788962095e+00
4.760300649635839321e+00
4.833421668495358148e+00
4.915456936355838913e+00
5.020010447664639663e+00
5.104463602968959179e+00
5.221031895641440990e+00
5.274756019824000219e+00
5.357969359480160954e+00
5.535846248723839125e+00
5.625367023775840636e+00
5.659306970075997256e+00
5.828585402732639587e+00
5.968376964720638611e+00
6.061206659819359466e+00
6.112226742834557136e+00
6.324574816529758614e+00
6.508842102073441716e+00
6.500703513599998651e+00
6.744026418363997522e+00
6.824049076068958719e+00
6.943447251121762420e+00
7.119814159216002913e+00
7.317628962182237018e+00
7.395756181600645185e+00
7.670467309734241290e+00
7.883509622906238690e+00
8.061572450086236685e+00
8.255847673515361862e+00
8.382085977548161537e+00
8.678321277939041067e+00
8.766300374496642789e+00
8.999060123095041774e+00
9.262664625499997584e+00
9.466256526335358856e+00
9.828681006620163529e+00
1.010026920612864210e+01
1.027443931401215949e+01
1.050648828512256117e+01
1.086531280802815935e+01
1.121084827159999797e+01
1.151692812085696183e+01
1.189905940218624103e+01
1.221784537704384555e+01
1.254228060031983816e+01
1.300303239289599944e+01
1.335986588473343772e+01
1.382388383193536363e+01
1.421620128908224068e+01
1.461224710425599937e+01
1.535215997535984656e+01
1.582382884177904359e+01
1.623162752071615955e+01
1.692970544684399670e+01
1.760580361756400691e+01
1.813300485149295938e+01
1.876366155948399594e+01
1.936799958819584333e+01
2.026874268276736046e+01
2.126479602488064202e+01
2.200047105759999866e+01
2.291234255413696630e+01
2.414809618543615954e+01
2.498794859159999504e+01
2.605257051619824438e+01
2.717835502709103679e+01
2.855297459460975773e+01
2.971143713181695745e+01
3.144056533657024133e+01
3.310924470886896387e+01
3.463836910851055961e+01
3.720610781610096751e+01
3.908385574982656152e+01
4.078934552365056021e+01
4.287825790615025312e+01
4.513314082911602299e+01
4.865635281728623340e+01
5.053412273263599275e+01
5.479129166293615327e+01
5.757478521715826503e+01
6.153034259256066463e+01
6.431848215391599410e+01
6.853462456958573057e+01
7.280482110631668036e+01
7.695146606526463984e+01
8.173172306338415183e+01
8.617905707028982931e+01
9.036430712829290712e+01
9.516286841923827922e+01
9.864271914240003980e+01
1.012672314737126555e+02
1.027517673441689965e+02
1.053773434975038157e+02
1.053161138036679034e+02
1.018070505725757897e+02
1.025633351921086103e+02
9.710048618956412270e+01
9.414170220229043196e+01
8.598215288126404232e+01
8.114646927664587395e+01
7.404831691493807000e+01
6.590705748950001919e+01
5.837121879038411976e+01
5.179594808451052046e+01
4.552746785832395915e+01
4.061551848790395525e+01
3.498080113011128844e+01
3.168812131959547429e+01
2.691276608987130814e+01
2.239141472705263780e+01
2.046973310037086691e+01
1.706479740094441055e+01
1.600239869989999875e+01
1.224512855238418751e+01
1.204158517062403533e+01
9.960532911012231594e+00
8.830298757865062242e+00
7.947233998176484349e+00
7.300300114405078311e+00
6.930846148085755942e+00
5.944372930533625699e+00
5.759134674572785606e+00
5.249391039897355782e+00
4.724114831984316254e+00
4.386736805744028800e+00
3.777493933344311383e+00
3.561385124905003252e+00
3.363256446300144642e+00
3.186737238323189558e+00
2.943657794180765119e+00
2.781369037273828670e+00
2.679441676315952314e+00
2.515596470044068056e+00
2.348066865436315709e+00
2.236325094495950072e+00
2.122632462395745989e+00
2.030359186558639006e+00
1.922938467355805869e+00
1.835739725950802370e+00
1.748407619776015665e+00
1.662567308544082856e+00
1.604823791035714375e+00
1.525345221595753031e+00
1.451772027676045962e+00
1.386026514531568665e+00
1.345929566328174509e+00
1.282803474134674993e+00
1.230629820158646304e+00
1.195452710291977638e+00
1.119448362623398641e+00
1.093689742514558638e+00
1.110016413515824141e+00
1.009115986426167844e+00
9.779324753009244198e-01
9.368609899720881096e-01
9.128464866842156411e-01
8.807560605181286029e-01
8.367881778034713669e-01
8.263995734461571097e-01
7.920133266936524308e-01
7.689570090671504765e-01
6.582773319574464210e-01
5.704240546172689719e-01
4.958233563079339490e-01
4.388874167279843697e-01
3.908439659261464527e-01
3.463500876441094611e-01
3.091326330548205270e-01
2.810740424766255963e-01
2.508433887346561697e-01
2.257649595999167147e-01
2.073820080047972247e-01
1.880956268926481378e-01
1.726933665560648201e-01
1.582534154342951638e-01
1.446794813209084651e-01
1.329425722432220347e-01
1.233909342202021975e-01
1.146085499120763629e-01
1.048200407527399847e-01
9.830232843260899855e-02
9.155005155248030491e-02
8.515860941277209051e-02
7.895105089528176023e-02
7.382189609606015779e-02
6.868398420400989579e-02
6.527434506076179588e-02
6.043793535998043254e-02
5.652126768507237387e-02
5.874732956018258179e-02
4.978433212898814020e-02
4.647559746523421964e-02
4.438855868399427251e-02
4.153627899516898481e-02
3.929005373382032928e-02
3.668227617159569576e-02
3.488011897617715462e-02
3.267617164404157393e-02
3.081826545764387859e-02
2.913618390970595939e-02
2.739836315518440202e-02
2.617432434404154407e-02
2.452760817589494380e-02
2.325968176591919345e-02
2.197179420043715581e-02
2.090838252394311425e-02
1.991969031917006916e-02
1.894268009450250645e-02
1.784889471750927825e-02
1.706490783570657754e-02
1.613163159996933160e-02
1.531600750365180730e-02
1.450891474935600556e-02
1.383374749447385810e-02
1.314158292714528997e-02
1.251717670347485267e-02
1.184143055221742458e-02
1.120001710569473730e-02
1.069243231233141245e-02
1.020981233612605621e-02
9.756523468296141033e-03
