1.037664581975000111e+00
1.070292309774999895e+00
1.114642563559000266e+00
1.150881641471000361e+00
1.200164614204000557e+00
1.248467379390999943e+00
1.308464020736000322e+00
1.357660546510999655e+00
1.407092119100000316e+00
1.469273844710999866e+00
1.538940368796000380e+00
1.619171898631000417e+00
1.688793150399999998e+00
1.785697004016000733e+00
1.877688447900000002e+00
1.970150952671000155e+00
2.058341144063999373e+00
2.200259815899999971e+00
2.294791905719000713e+00
2.444484138095999626e+00
2.576889752991000204e+00
2.638600984176000974e+00
2.640124515100000124e+00
2.692537414015999886e+00
2.717235252358999986e+00
2.732903415598999963e+00
2.796343894784000028e+00
2.838833234623999502e+00
2.850200387055999762e+00
2.918875352110998467e+00
2.939503998400000206e+00
2.974795806703999457e+00
3.033058417243999383e+00
3.076029691759000428e+00
3.077717145599999871e+00
3.159752917756000645e+00
3.184509911804000115e+00
3.207427361550999834e+00
3.274813808896000378e+00
3.329347154479000093e+00
3.374118097499999802e+00
3.410336379774999482e+00
3.477794149883998820e+00
3.513813078439000037e+00
3.530303447470998890e+00
3.606264090958999358e+00
3.658241182071000797e+00
3.738522643951000646e+00
3.780167172399999220e+00
3.825478661118999923e+00
3.917749325974999142e+00
3.948711587099998255e+00
4.014794324310999585e+00
4.081519043951001180e+00
4.157987363151001148e+00
4.191633377456000176e+00
4.288948768774999643e+00
4.325650376879000447e+00
4.381583503718998074e+00
4.507611987900002504e+00
4.583276974016000871e+00
4.624339636775003370e+00
4.733223466519000056e+00
4.811532139351000659e+00
4.878516680974999353e+00
4.956919012863998830e+00
4.995869625456000662e+00
5.094610304150998026e+00
5.207788683078998559e+00
5.317692174375000747e+00
5.428537667696000213e+00
5.528375937500000781e+00
5.563537428975000587e+00
5.682906193775003167e+00
5.862598504791001197e+00
5.984623689263998791e+00
6.054609694398997988e+00
6.245989343599999799e+00
6.281651080155999267e+00
6.446238169775001303e+00
6.512319502256001869e+00
6.673296081600000207e+00
6.822848043310999699e+00
6.918463533630997198e+00
7.116318626358999921e+00
7.285541649559002408e+00
7.363914846235999789e+00
7.569248812974996632e+00
7.697020690176000990e+00
7.896261621319000668e+00
8.071875245104005003e+00
8.206511822198999440e+00
8.389011516998998275e+00
8.641760861471000865e+00
8.842327796400001105e+00
8.939681003036001883e+00
9.201644571775998926e+00
9.398608647719003173e+00
9.623985023195999133e+00
9.856665115758996620e+00
1.000357680143099870e+01
1.023601720345599908e+01
1.058242109094400263e+01
1.085891475190000399e+01
1.101648855494400081e+01
1.128142908899900121e+01
1.154167711993600065e+01
1.198289002239100220e+01
1.224859955878400619e+01
1.247915549743600572e+01
1.278798960927100481e+01
1.314631810150399538e+01
1.345470282897500702e+01
1.377967315782400171e+01
1.414557853763099260e+01
1.439502173555900555e+01
1.476155335967900761e+01
1.507812713227100687e+01
1.551830467197500241e+01
1.584018152735600182e+01
1.617169493507099531e+01
1.663782515132400519e+01
1.692993810846400038e+01
1.731827778319598821e+01
1.767751216574400885e+01
1.794124001535898927e+01
1.839181748215900214e+01
1.870155423111100745e+01
1.896131651779898775e+01
1.925592965318400118e+01
1.957502748151099681e+01
2.000294604603098847e+01
2.025318759747099051e+01
2.044427792367100594e+01
2.063719598897499807e+01
2.093223689926400155e+01
2.107443511937498926e+01
2.117149758559999739e+01
2.135956605209597825e+01
2.144536995851100869e+01
2.144750542319599873e+01
2.151527231614399582e+01
2.149187128817602144e+01
2.129888728319599878e+01
2.103668465963102108e+01
2.093470926700400270e+01
2.094146983023601649e+01
2.056051986277500632e+01
2.026397441615599604e+01
1.988548635989999624e+01
1.942167417197502388e+01
1.902298815255099029e+01
1.865119689189997843e+01
1.812492228597502120e+01
1.753629529419098532e+01
1.712468946239997791e+01
1.658434618939097405e+01
1.594108675697498612e+01
1.541009514012401382e+01
1.497532921735902356e+01
1.430305185715896599e+01
1.348025866243098747e+01
1.308498578999999218e+01
1.220395294107898820e+01
1.180409426686397367e+01
1.112111842139897888e+01
1.084918712887104064e+01
1.030568790351900077e+01
9.745854000350995250e+00
9.252260470359008337e+00
8.670151078799026578e+00
8.402927117158975889e+00
7.769834713243994884e+00
7.468955400384036381e+00
6.878076055344006789e+00
6.630927091199012580e+00
6.181618672551003613e+00
5.865450297870999918e+00
5.627411462974940548e+00
5.179911900399014613e+00
4.864632411974989523e+00
4.639621999391030371e+00
4.343059030896023742e+00
4.103289271311005848e+00
3.882739340310958909e+00
3.632498447664023189e+00
3.390662444311010049e+00
3.326541353550993563e+00
3.183852455356017686e+00
2.910891218399003222e+00
2.725566057915962404e+00
2.696199339515947813e+00
2.458435290158966779e+00
2.343642939804047032e+00
2.283073648830979963e+00
2.122103565275956782e+00
2.032096041710973466e+00
2.013041734843978858e+00
1.857790885616017462e+00
1.793736960239034062e+00
1.671830783798977649e+00
1.579659915356002031e+00
1.539270447100005157e+00
1.480731857391015538e+00
1.440969964638982859e+00
1.351474716479028615e+00
1.307502399679005833e+00
1.228604234279018215e+00
1.163780840799022442e+00
1.145713589695995793e+00
1.124249615310946027e+00
1.055059745600051002e+00
1.053962927759011237e+00
1.014200545278987065e+00
9.730358516389703283e-01
9.149502400000120161e-01
8.679610630999867738e-01
8.478498329750561169e-01
8.172929565440245625e-01
8.048767465909545393e-01
7.811592605990291815e-01
6.734258476310372998e-01
5.684816142309756515e-01
4.924584777239893185e-01
4.327237333989764068e-01
3.903069501909772754e-01
3.447848876639625360e-01
3.098458091360001276e-01
2.801306969559824722e-01
2.514916288390178778e-01
2.264728055190623479e-01
2.068705693749617325e-01
1.873304380310081285e-01
1.721951288159662141e-01
1.580366984310632716e-01
1.456467330840371943e-01
1.322602350310564390e-01
1.253976024160330383e-01
1.138658406389936317e-01
1.061288527359316447e-01
9.768918771895229725e-02
9.139773451103394564e-02
8.550180623601022489e-02
7.860615334402965004e-02
7.392479919903216512e-02
6.886829990406795332e-02
6.470432219103372518e-02
6.112278897503209407e-02
5.709579999897407276e-02
5.358326040001415436e-02
4.950458195902562863e-02
4.664997559999939369e-02
4.396172743903470348e-02
4.123627791603468040e-02
3.892738987896215974e-02
3.625488935101728316e-02
3.472086558398146394e-02
3.244032883906733389e-02
3.118541583599920841e-02
2.905651840001688413e-02
2.778959097597955008e-02
2.605376919095903077e-02
2.466257397495397186e-02
2.323601677498565721e-02
2.221271097497812264e-02
2.090781083894377446e-02
1.997130451902862092e-02
1.887955023103238261e-02
1.784023217599184363e-02
1.706192239097070740e-02
1.599988599902957276e-02
1.539388542401987081e-02
1.441259646397519134e-02
1.374079367897351744e-02
1.311447651897168498e-02
1.248082855900278787e-02
1.177100095599570295e-02
1.120318758403016091e-02
1.071960377605485348e-02
1.020262797495341545e-02
9.820277870975502310e-03
