1.035135943936000391e+00
1.066708119900000140e+00
1.095802451900000252e+00
1.148973439599999757e+00
1.186642614364000092e+00
1.239205279744000077e+00
1.287104294400000626e+00
1.338051447296000784e+00
1.383617884144000554e+00
1.447012472575999853e+00
1.510691347184000000e+00
1.584551419355999968e+00
1.649046247663999987e+00
1.724934650043999262e+00
1.808614181723999792e+00
1.902452170864000314e+00
1.995077181376000208e+00
2.094880281856000614e+00
2.218242898175999844e+00
2.356616588399999657e+00
2.456680537500000039e+00
2.483866318683999097e+00
2.522160799999999981e+00
2.533382472815999709e+00
2.577208059995999445e+00
2.606445967963999522e+00
2.615429798335999756e+00
2.669229566655998642e+00
2.675227145116000571e+00
2.737440170736000322e+00
2.743582297456000241e+00
2.766189680123999572e+00
2.792665441263999515e+00
2.874490666863999788e+00
2.879270427100000251e+00
2.950459745084000662e+00
2.930879729600001316e+00
2.982421119599999670e+00
3.013583909055999488e+00
3.064894241903999728e+00
3.079320671600000558e+00
3.132813888763999355e+00
3.172454379803999025e+00
3.220182810684001140e+00
3.232619692604000949e+00
3.284359765743999127e+00
3.320736498363999090e+00
3.361059900016000412e+00
3.394484121343999128e+00
3.459118311164001369e+00
3.478624959999999877e+00
3.539146688764001514e+00
3.557839676399999984e+00
3.627609415323999720e+00
3.678836458875998972e+00
3.709176372464001226e+00
3.728872960623999422e+00
3.791972735600000810e+00
3.869581926875999223e+00
3.892525956636001983e+00
3.972845289456000906e+00
3.959498131056002457e+00
4.052735479744002056e+00
4.091292766400000502e+00
4.147950338415999916e+00
4.192844060124000904e+00
4.238893495743998763e+00
4.261549823900001144e+00
4.350611841983999639e+00
4.403808250716001460e+00
4.463919156735999039e+00
4.504448347504000694e+00
4.565188163900001150e+00
4.622484721663997043e+00
4.676185431003999859e+00
4.704112388956000146e+00
4.756156960000003764e+00
4.827356764144003165e+00
4.888715931100000134e+00
4.968818739904000026e+00
4.992392822716000822e+00
5.064857915676002520e+00
5.088987568063998879e+00
5.209055531516002091e+00
5.222441143324002333e+00
5.283759558336001305e+00
5.342245539355999995e+00
5.372639831483999373e+00
5.462490395899999740e+00
5.490099258303998475e+00
5.549464412400001656e+00
5.600908048896002356e+00
5.674875359599998781e+00
5.745813963324001072e+00
5.736848677499997606e+00
5.808054427355998861e+00
5.857113145084003492e+00
5.900737888475998894e+00
5.952425109504000389e+00
6.019795116543999569e+00
6.089082565724002194e+00
6.078234438335999634e+00
6.150210709436001899e+00
6.193577159100002838e+00
6.180111709424002342e+00
6.271464747036000986e+00
6.297659756400003417e+00
6.337367705275998020e+00
6.350832658396002195e+00
6.414798212123995924e+00
6.406234106303998033e+00
6.449704113599996624e+00
6.446372328704000232e+00
6.471083311599998389e+00
6.544953872896003055e+00
6.492667185343997893e+00
6.543743787835992975e+00
6.504412956400002166e+00
6.542738013755999837e+00
6.534962839999991502e+00
6.523696906395992201e+00
6.545346227904003555e+00
6.510402205376003337e+00
6.525612395516001030e+00
6.519492437615992841e+00
6.503719589999995776e+00
6.418501644444002174e+00
6.412391066844003618e+00
6.412733006335996855e+00
6.408284850075995465e+00
6.322423257343995573e+00
6.340515867643997439e+00
6.275511435483998923e+00
6.184530381435992652e+00
6.179438866556003163e+00
6.109139191963991244e+00
6.027535066363998162e+00
5.998553023995994771e+00
5.930705623675996740e+00
5.846129236464003398e+00
5.840304033135995887e+00
5.731681837056001427e+00
5.676509197500006820e+00
5.618647590000003689e+00
5.497918432703991165e+00
5.430702440944001452e+00
5.364514044283996697e+00
5.296464779643994092e+00
5.184897451776010691e+00
5.123634511599995278e+00
5.010789954875994212e+00
4.945145034715991983e+00
4.862070396763995106e+00
4.776734169084006609e+00
4.655800065135995425e+00
4.568890259099999795e+00
4.446212503483993217e+00
4.402559537499994846e+00
4.360700046075994152e+00
4.215456540399998175e+00
4.112705347264000721e+00
4.025201806783995195e+00
3.925458127323988577e+00
3.827316519676005058e+00
3.750661058044002516e+00
3.653513059900004301e+00
3.608869405276005082e+00
3.518961394204001003e+00
3.383671932144005634e+00
3.339435199999996051e+00
3.273971056384006317e+00
3.120892423023990947e+00
3.045043630716004479e+00
3.006556183899999901e+00
2.915535967424010000e+00
2.822242055323997967e+00
2.758381291195999285e+00
2.672526111483997102e+00
2.616615496303997812e+00
2.533424449596000105e+00
2.452645997500002562e+00
2.392465812735999897e+00
2.334457478363993754e+00
2.264862657136013091e+00
2.175747958784002289e+00
2.111378081216008784e+00
2.014070913776011551e+00
1.984087454204008782e+00
1.954093399643996865e+00
1.882954311899998068e+00
1.816811640944004935e+00
1.753041775599994967e+00
1.731421331183990997e+00
1.660900778683993551e+00
1.634648614395994848e+00
1.573283326144003791e+00
1.538424883823996669e+00
1.497009076924005200e+00
1.436098204399993694e+00
1.386969109743996231e+00
1.365371455600006279e+00
1.327711064944003816e+00
1.282890537916003826e+00
1.244097012923994772e+00
1.179552346624013204e+00
1.159451657244003897e+00
1.140834931996004276e+00
1.111476833084001914e+00
1.095724695900002210e+00
1.051463015483999897e+00
1.014452919663999531e+00
9.805690801560129621e-01
9.684022329439989640e-01
9.255680143639866131e-01
8.981479704159966992e-01
8.670849721440054836e-01
8.315900764000017098e-01
8.220200430360091737e-01
8.073263324159918319e-01
7.695584591000059760e-01
7.543392035839979748e-01
6.480407883359906585e-01
5.803878090240077725e-01
5.029429974999999331e-01
4.413576919640171958e-01
3.960831340639958675e-01
3.540865389440095434e-01
3.170874903039910819e-01
2.869242665239912782e-01
2.612429868640187003e-01
2.307629907160158034e-01
2.167056820439938747e-01
1.908461291160068463e-01
1.741557995360021316e-01
1.597104172440078074e-01
1.438619224959913900e-01
1.342361986560014486e-01
1.242676454239921569e-01
1.158245775000010802e-01
1.053979238999969148e-01
1.006449535999931477e-01
9.192202044399078176e-02
8.697894782400128477e-02
7.805387749999503910e-02
7.263926854399471722e-02
6.865063614399646852e-02
6.379195020400629801e-02
5.853247360000368715e-02
5.632847244400052134e-02
5.395840527601114545e-02
4.963234585600995175e-02
4.742704510399819995e-02
4.327504000001258788e-02
4.113793189999270794e-02
3.927019999999670219e-02
3.650410110399571195e-02
3.405238705599389348e-02
3.287637340398941177e-02
3.093270449600060701e-02
2.880692337599022324e-02
2.710851057599050762e-02
2.657105109999946535e-02
2.437787206399644191e-02
2.321427372400375333e-02
2.222692529600944766e-02
2.102110873599682961e-02
1.974554302399678107e-02
1.870663007600414929e-02
1.750940511600074245e-02
1.675827838401033887e-02
1.598479599599356149e-02
1.548290161600407444e-02
1.443577560000797178e-02
1.402596143601497758e-02
1.326268281599540799e-02
1.259066161600763678e-02
1.195367932400603905e-02
1.114864140399074444e-02
1.064514911601754932e-02
1.018668593600891015e-02
9.690419483998624628e-03
