9.831914190162538425e-02
1.000307534667948250e-01
1.016663095647948462e-01
1.034691004376415147e-01
1.058097328885492794e-01
1.079829851430670756e-01
1.106082075543007998e-01
1.128058906281005358e-01
1.149215559514537299e-01
1.176084370970656989e-01
1.201325915356747098e-01
1.231565598187601418e-01
1.262520755011712625e-01
1.291177524343257721e-01
1.325437385739881568e-01
1.361819674561624283e-01
1.396442362708893714e-01
1.437644648584802953e-01
1.471005077735838551e-01
1.519762739896231840e-01
1.563642963492837268e-01
1.578355988140756894e-01
1.586599935432979336e-01
1.598380534659349095e-01
1.608086695569904134e-01
1.615779495212849026e-01
1.627336872370184762e-01
1.645171370446002757e-01
1.641236263483089874e-01
1.664046359664453356e-01
1.668683125574005333e-01
1.682501080622637313e-01
1.696876000182280242e-01
1.708942352741322779e-01
1.718795389410656405e-01
1.731724818829450951e-01
1.738867925038552198e-01
1.754614896859654216e-01
1.768942554417710089e-01
1.782839764207465039e-01
1.791993323253309456e-01
1.806146474959351156e-01
1.822098491156569910e-01
1.834979204358343774e-01
1.845382661569237581e-01
1.862901594895997326e-01
1.869995257780361075e-01
1.893393584104554606e-01
1.902651846661607693e-01
1.923460942406545193e-01
1.935128112829106184e-01
1.947725254021357988e-01
1.968195517570301978e-01
1.988826471924642070e-01
2.001332724652303274e-01
2.015824708554339040e-01
2.032058842545646227e-01
2.051542420922995158e-01
2.060689435999389363e-01
2.088696898139899283e-01
2.096449320615615675e-01
2.119602611639272993e-01
2.138648471171154530e-01
2.163758409060517474e-01
2.181981182657065921e-01
2.204631315140750392e-01
2.218123525932289564e-01
2.238795925426483313e-01
2.265368804041896222e-01
2.284917822113750330e-01
2.313985407305244879e-01
2.335651763048200436e-01
2.345725840463418477e-01
2.375122805450588792e-01
2.410691460737316716e-01
2.441159455391222755e-01
2.459660711243277231e-01
2.481313251939615272e-01
2.501932572570487734e-01
2.536867917035948716e-01
2.561172946682897522e-01
2.591615492566718415e-01
2.628215913703478290e-01
2.652152299738048113e-01
2.684211933183863752e-01
2.713005398766152876e-01
2.742619768960624094e-01
2.777765974663935489e-01
2.814465282450169803e-01
2.854958638302272367e-01
2.891099527362062660e-01
2.924680997258982673e-01
2.952239833938273827e-01
3.006061801345653040e-01
3.050173245196176608e-01
3.077732081875467762e-01
3.126685336011659766e-01
3.168669262683048160e-01
3.210760801296511646e-01
3.255749137053405295e-01
3.292225222770605031e-01
3.351158030318840408e-01
3.418558007228332252e-01
3.466915033036810367e-01
3.505688779138860234e-01
3.548649938581525665e-01
3.621002246149628290e-01
3.693995862723881696e-01
3.759943805523074944e-01
3.801858656961373817e-01
3.879139300633435150e-01
3.937387172712517036e-01
4.009195603708509137e-01
4.074874516652514100e-01
4.159264819578707972e-01
4.247778550366444472e-01
4.307466822832357045e-01
4.386803000019597887e-01
4.502654526740742513e-01
4.565318851091208496e-01
4.647252984150306299e-01
4.734580802252065235e-01
4.843087086818859133e-01
4.931027856725818115e-01
5.035572858451896616e-01
5.136928038624705151e-01
5.257191654970934103e-01
5.353936245111992065e-01
5.467958368817857906e-01
5.586292968391616265e-01
5.728832983855132177e-01
5.821451964811497071e-01
5.975569716448416724e-01
6.099396160606594952e-01
6.231389478639022261e-01
6.354816740660719221e-01
6.516939221151059058e-01
6.642216245204102254e-01
6.775660870239113009e-01
6.935286462830220211e-01
7.064431699936238873e-01
7.207321454211499390e-01
7.373067112454276817e-01
7.530437944015822005e-01
7.694772286180437959e-01
7.836486307277755747e-01
7.969433590634525943e-01
8.129729576540454250e-01
8.294526359212905930e-01
8.448635385557224931e-01
8.596270971899546698e-01
8.747365409650327273e-01
8.894410584526668551e-01
9.041289978843595199e-01
9.197510525997283359e-01
9.331525930589922302e-01
9.465958695011961188e-01
9.616221321534806910e-01
9.745333111685855476e-01
9.855305972517282020e-01
9.992480660139089199e-01
1.013958036809418539e+00
1.025796295677724679e+00
1.039884807507749809e+00
1.048667032642663033e+00
1.061162887729975024e+00
1.069857350963479448e+00
1.080586843274552455e+00
1.089309663709009390e+00
1.099850108013734173e+00
1.110249784264500938e+00
1.117766623839998585e+00
1.127870149117743637e+00
1.135109378966995708e+00
1.145069882156861008e+00
1.151967734933111220e+00
1.159308323598074786e+00
1.166344254129730862e+00
1.172573531360452836e+00
1.179383185970664272e+00
1.186989168952232276e+00
1.192721831612431282e+00
1.198757189215102992e+00
1.203990983270857518e+00
1.209244336524191832e+00
1.215662734472033657e+00
1.220587216905093531e+00
1.224532503376040582e+00
1.228865701813860012e+00
1.234570661670052028e+00
1.239276720945007959e+00
1.241719802873202161e+00
1.247300863574464236e+00
1.251171621504446829e+00
1.254788909684379616e+00
1.258956618405872474e+00
1.262475892465590777e+00
1.265310376477697618e+00
1.269120857177963968e+00
1.272342598759998555e+00
1.276299518954413070e+00
1.279474143956403687e+00
1.282055958036949272e+00
1.284952246204977611e+00
1.287527370894529177e+00
1.290637210598959639e+00
1.293187322783055704e+00
1.296355912790997600e+00
1.299221589724152137e+00
1.301380881510508791e+00
1.303367267081828595e+00
1.305966895301433395e+00
1.308188282086798493e+00
1.310288896280415338e+00
1.312594409428605502e+00
1.315439654634920075e+00
1.317364308761089786e+00
1.319140269359189155e+00
1.321328063768041350e+00
1.322961365832119762e+00
1.325175554251089016e+00
1.333858238339582725e+00
1.342559827228711145e+00
1.350299089054754820e+00
1.356906535008945314e+00
1.362840024820503704e+00
1.368718908842536219e+00
1.373774925061551411e+00
1.378533554224426361e+00
1.383204712328979458e+00
1.387380346524584640e+00
1.391144292330980692e+00
1.394815313771179177e+00
1.397750284069737559e+00
1.401057533519258769e+00
1.403903505833290044e+00
1.406603474917803132e+00
1.408976827215963512e+00
1.411551006665483277e+00
1.413803368239580749e+00
1.415830762686123512e+00
1.417701319998168730e+00
1.419638407666294455e+00
1.421479880669670903e+00
1.422978958649241843e+00
1.424617495888880203e+00
1.426043863096778663e+00
1.427304813299122399e+00
1.428766590652825297e+00
1.429919856202321871e+00
1.431153103600658394e+00
1.432284410497109972e+00
1.433262443086876115e+00
1.434323365956348795e+00
1.435218944531038376e+00
1.436099035711361660e+00
1.436896018479663306e+00
1.437737791083315120e+00
1.438483876311446252e+00
1.439234106053562501e+00
1.439889084684788045e+00
1.440541954703634886e+00
1.441153306871856943e+00
1.441790253231707286e+00
1.442338492450117693e+00
1.442863027956962751e+00
1.443331285326533209e+00
1.443791399089676464e+00
1.444307282014692495e+00
1.444734166955181420e+00
1.445181192779423585e+00
1.445528241292616256e+00
1.445981374821678989e+00
1.446336421519755611e+00
1.446675980823465935e+00
1.446982238593750303e+00
1.447317944226562014e+00
1.447649359923844914e+00
1.447901811723091514e+00
1.448177167415415356e+00
1.448425983676078443e+00
