3.383033750000000173e-02
3.431850000000000178e-02
3.497270000000000240e-02
3.565250000000000363e-02
3.650575000000000347e-02
3.710051250000000189e-02
3.798777500000000140e-02
3.858652500000000346e-02
3.940604999999999802e-02
4.044679999999999803e-02
4.119026249999999806e-02
4.230483749999999765e-02
4.327009999999999884e-02
4.427047500000000357e-02
4.544027500000000219e-02
4.658572500000000144e-02
4.780808749999999885e-02
4.929476249999999865e-02
5.046577499999999744e-02
5.215165000000000078e-02
5.375492500000000201e-02
5.401638749999999878e-02
5.445610000000000034e-02
5.479766250000000366e-02
5.515208750000000215e-02
5.540899999999999992e-02
5.569192500000000323e-02
5.613281249999999695e-02
5.649819999999999842e-02
5.691921250000000349e-02
5.746860000000000163e-02
5.769767499999999688e-02
5.768368749999999712e-02
5.836723750000000210e-02
5.879996249999999702e-02
5.912093749999999814e-02
5.959066250000000231e-02
6.008388750000000222e-02
6.064023749999999935e-02
6.118077499999999974e-02
6.123535000000000089e-02
6.182767499999999861e-02
6.231681249999999894e-02
6.276310000000000222e-02
6.319812499999999389e-02
6.328812500000000063e-02
6.409306250000000593e-02
6.477443750000000389e-02
6.525266250000000268e-02
6.567042500000000449e-02
6.643432500000000240e-02
6.654062500000000602e-02
6.711277499999999951e-02
6.787115000000000509e-02
6.829780000000000573e-02
6.903442499999999649e-02
6.962966249999999468e-02
6.998778749999999549e-02
7.090122499999999828e-02
7.126402499999999474e-02
7.182788750000000666e-02
7.236848749999999497e-02
7.319152499999999339e-02
7.368238750000000170e-02
7.478300000000000225e-02
7.493113749999999462e-02
7.586697500000000316e-02
7.602204999999999380e-02
7.765439999999999843e-02
7.795314999999999883e-02
7.884666249999999765e-02
7.990011249999999510e-02
8.023322500000000523e-02
8.118398749999999886e-02
8.186243749999999597e-02
8.292586250000000270e-02
8.353628750000000047e-02
8.456833750000000705e-02
8.511646250000000358e-02
8.617186250000000158e-02
8.709145000000000081e-02
8.870276250000000418e-02
8.913212500000000649e-02
9.024210000000000564e-02
9.158298750000000432e-02
9.210720000000000018e-02
9.356333749999999616e-02
9.463378749999999673e-02
9.578105000000000646e-02
9.676234999999999697e-02
9.844026250000000033e-02
9.937628749999999345e-02
1.008562000000000070e-01
1.016903625000000061e-01
1.028997999999999996e-01
1.048121625000000001e-01
1.054389000000000021e-01
1.076177375000000047e-01
1.087902374999999977e-01
1.101113999999999982e-01
1.120544499999999999e-01
1.134551750000000053e-01
1.155151875000000050e-01
1.175173000000000051e-01
1.187864000000000003e-01
1.211412374999999986e-01
1.232449624999999993e-01
1.250693874999999899e-01
1.266583749999999897e-01
1.293774249999999904e-01
1.311545500000000086e-01
1.339911749999999901e-01
1.365725624999999943e-01
1.387856000000000090e-01
1.416086625000000099e-01
1.445258624999999908e-01
1.474489125000000012e-01
1.508789875000000058e-01
1.524227750000000103e-01
1.566051625000000058e-01
1.606166374999999924e-01
1.639856249999999960e-01
1.670325874999999960e-01
1.710914875000000002e-01
1.760528749999999976e-01
1.803417250000000083e-01
1.849940499999999932e-01
1.896365000000000134e-01
1.950557749999999868e-01
2.007936750000000048e-01
2.061756499999999881e-01
2.121738374999999899e-01
2.185150250000000016e-01
2.258424374999999928e-01
2.328200874999999948e-01
2.406341624999999984e-01
2.493784374999999942e-01
2.591184750000000148e-01
2.692487874999999753e-01
2.770243625000000098e-01
2.876527875000000067e-01
2.999782249999999872e-01
3.123494374999999934e-01
3.258028625000000122e-01
3.388303249999999878e-01
3.536699125000000166e-01
3.702158624999999925e-01
3.849300749999999827e-01
4.028671624999999867e-01
4.199776625000000152e-01
4.365419500000000119e-01
4.578935499999999825e-01
4.746403249999999741e-01
4.943813125000000031e-01
5.131407374999999993e-01
5.312148749999999753e-01
5.528472875000000064e-01
5.728055374999999616e-01
5.910070124999999841e-01
6.046410625000000483e-01
6.266806000000000321e-01
6.424116749999999598e-01
6.575795875000000068e-01
6.731264875000000369e-01
6.857853624999999953e-01
6.976930749999999959e-01
7.113818124999999881e-01
7.223806750000000276e-01
7.330027500000000362e-01
7.406098374999999789e-01
7.516226999999999769e-01
7.589966000000000212e-01
7.668095750000000210e-01
7.751014625000000047e-01
7.813676375000000451e-01
7.876347249999999800e-01
7.937261625000000542e-01
7.996330874999999505e-01
8.043691375000000532e-01
8.101473999999999620e-01
8.143311749999999627e-01
8.186557374999999803e-01
8.239360374999999959e-01
8.270592875000000177e-01
8.315743125000000235e-01
8.351431000000000271e-01
8.389211374999999693e-01
8.421568000000000387e-01
8.459178625000000062e-01
8.487340625000000527e-01
8.519851250000000098e-01
8.548129875000000100e-01
8.577708625000000087e-01
8.606153749999999603e-01
8.631908999999999832e-01
8.657942625000000225e-01
8.683668500000000234e-01
8.706500499999999532e-01
8.729562250000000301e-01
8.752329625000000446e-01
8.776220375000000073e-01
8.795781875000000527e-01
8.817257375000000508e-01
8.836308874999999619e-01
8.856635874999999603e-01
8.876799874999999895e-01
8.896390749999999459e-01
8.915705499999999617e-01
8.931391625000000278e-01
8.947132374999999804e-01
8.964361124999999930e-01
8.982583499999999832e-01
8.998712374999999764e-01
9.012614249999999494e-01
9.028767500000000057e-01
9.042945125000000361e-01
9.057376624999999848e-01
9.072330124999999912e-01
9.086523499999999975e-01
9.100442250000000399e-01
9.113248874999999583e-01
9.174885499999999583e-01
9.231521499999999492e-01
9.282886500000000485e-01
9.329748125000000281e-01
9.372650375000000089e-01
9.412212374999999742e-01
9.447465624999999978e-01
9.480608999999999842e-01
9.510842499999999644e-01
9.539201000000000485e-01
9.566186500000000148e-01
9.590011375000000449e-01
9.613237999999999506e-01
9.634370125000000229e-01
9.654099750000000313e-01
9.673213625000000038e-01
9.689988000000000490e-01
9.706462624999999678e-01
9.721720874999999484e-01
9.736264624999999562e-01
9.749968749999999851e-01
9.761889249999999851e-01
9.773988500000000412e-01
9.785371874999999608e-01
9.795722374999999982e-01
9.806247999999999632e-01
9.815931500000000254e-01
9.825043749999999854e-01
9.833110000000000461e-01
9.841328999999999771e-01
9.848894124999999500e-01
9.855909000000000475e-01
9.862800624999999988e-01
9.869519875000000164e-01
9.875426874999999605e-01
9.881058249999999932e-01
9.886779875000000217e-01
9.892032499999999784e-01
9.896937249999999686e-01
9.901539124999999553e-01
9.906294875000000166e-01
9.910483249999999522e-01
9.914624125000000010e-01
9.918474499999999638e-01
9.921831374999999786e-01
9.925553375000000234e-01
9.928661500000000029e-01
9.931980624999999785e-01
9.934993250000000442e-01
9.938004999999999756e-01
9.940473625000000313e-01
9.943227374999999979e-01
9.945487499999999814e-01
9.948033625000000102e-01
9.950462625000000561e-01
9.952424125000000066e-01
9.954659500000000438e-01
9.956366625000000470e-01
9.958519500000000413e-01
9.960383999999999904e-01
