4.507802222222222210e-02
4.585871111111110981e-02
4.674884444444444426e-02
4.756091111111111075e-02
4.858544444444444499e-02
4.951444444444444426e-02
5.057355555555555909e-02
5.164046666666666924e-02
5.280139999999999834e-02
5.361177777777777903e-02
5.511388888888889281e-02
5.654977777777777520e-02
5.760417777777777915e-02
5.909791111111110939e-02
6.043660000000000004e-02
6.254935555555556081e-02
6.386431111111111336e-02
6.567091111111110491e-02
6.786266666666666836e-02
6.979835555555555238e-02
7.175862222222222087e-02
7.220731111111111655e-02
7.270840000000000636e-02
7.307108888888888543e-02
7.351555555555555621e-02
7.412782222222222273e-02
7.441631111111110530e-02
7.477219999999999700e-02
7.523153333333333637e-02
7.568611111111110679e-02
7.638477777777777367e-02
7.711582222222222727e-02
7.713797777777778308e-02
7.796273333333333944e-02
7.811148888888888586e-02
7.915595555555555995e-02
8.012231111111110804e-02
8.014240000000000252e-02
8.078213333333333912e-02
8.142408888888888474e-02
8.205588888888888655e-02
8.277653333333333252e-02
8.309233333333333749e-02
8.353664444444444670e-02
8.438451111111111569e-02
8.502617777777778107e-02
8.606993333333333440e-02
8.685466666666666335e-02
8.691991111111110890e-02
8.781082222222222344e-02
8.867257777777777517e-02
8.914871111111111190e-02
9.000120000000000342e-02
9.093195555555555476e-02
9.132708888888889376e-02
9.186637777777777181e-02
9.291008888888889483e-02
9.319886666666667152e-02
9.388559999999999961e-02
9.547744444444444811e-02
9.630471111111110760e-02
9.692428888888889038e-02
9.712120000000000475e-02
9.855757777777778006e-02
9.969213333333333538e-02
1.009400444444444461e-01
1.009480222222222251e-01
1.020643111111111112e-01
1.032145333333333304e-01
1.044281777777777837e-01
1.051266000000000006e-01
1.064083111111111118e-01
1.071630888888888827e-01
1.083818666666666736e-01
1.097244222222222287e-01
1.102769111111111117e-01
1.118384222222222196e-01
1.128207999999999989e-01
1.140753555555555493e-01
1.156102444444444405e-01
1.166724666666666688e-01
1.175567555555555588e-01
1.192830888888888885e-01
1.210441111111111162e-01
1.217403999999999986e-01
1.230770888888888942e-01
1.248597333333333337e-01
1.263350000000000029e-01
1.280108222222222092e-01
1.290435777777777793e-01
1.307580888888889015e-01
1.327745999999999926e-01
1.347423555555555541e-01
1.359915333333333309e-01
1.381612888888889001e-01
1.401994444444444321e-01
1.419560666666666582e-01
1.433028222222222092e-01
1.458091999999999999e-01
1.491645111111111199e-01
1.502227777777777884e-01
1.523891333333333431e-01
1.545383111111111041e-01
1.573228444444444429e-01
1.601714444444444496e-01
1.620763111111111210e-01
1.646506222222222093e-01
1.679110444444444350e-01
1.708453333333333213e-01
1.733313555555555663e-01
1.772204444444444582e-01
1.797299333333333415e-01
1.834508888888888856e-01
1.863209111111110983e-01
1.903438666666666668e-01
1.939130888888888904e-01
1.976972666666666767e-01
2.028364444444444581e-01
2.066991333333333403e-01
2.097568666666666803e-01
2.152181999999999984e-01
2.196863555555555458e-01
2.245514444444444424e-01
2.300339555555555582e-01
2.368763333333333276e-01
2.414020222222222345e-01
2.470230666666666797e-01
2.541093777777777563e-01
2.603263555555555553e-01
2.666771333333333160e-01
2.744433777777777750e-01
2.822487555555555638e-01
2.915161333333333160e-01
2.978723777777777526e-01
3.081089333333333347e-01
3.179001111111111055e-01
3.253831777777777545e-01
3.364049111111110935e-01
3.502521111111110974e-01
3.591646222222222296e-01
3.699250000000000038e-01
3.815383999999999998e-01
3.941308222222222324e-01
4.078352888888888694e-01
4.201134666666666573e-01
4.331881555555555652e-01
4.485625111111111174e-01
4.642417333333333507e-01
4.793100444444444719e-01
4.912225333333333221e-01
5.084362666666666364e-01
5.214859111111110890e-01
5.366322666666666352e-01
5.545458444444444357e-01
5.699975111111110770e-01
5.832760444444444747e-01
5.972606222222222039e-01
6.106059111111110660e-01
6.231950222222222280e-01
6.366987777777777247e-01
6.507606666666666539e-01
6.638610888888888395e-01
6.748501333333333241e-01
6.874928666666666466e-01
6.992254444444444550e-01
7.097740666666666476e-01
7.194681111111110861e-01
7.285052888888888800e-01
7.375316666666666965e-01
7.447631999999999586e-01
7.528863333333333241e-01
7.610723777777778087e-01
7.688632666666667115e-01
7.758762222222221894e-01
7.820274666666666707e-01
7.886340222222222307e-01
7.938607777777777486e-01
7.997978000000000032e-01
8.050898222222222511e-01
8.099026000000000280e-01
8.144522888888888756e-01
8.189672444444444643e-01
8.233063555555555357e-01
8.277257555555556090e-01
8.312179333333333808e-01
8.350548666666666175e-01
8.386156666666666482e-01
8.424481999999999804e-01
8.452419111111111327e-01
8.492504444444444189e-01
8.518280888888888347e-01
8.550003111111110776e-01
8.578192444444444620e-01
8.605775777777777691e-01
8.630718000000000556e-01
8.655679333333333725e-01
8.685259555555555622e-01
8.708183333333333609e-01
8.730021777777777769e-01
8.756050888888888828e-01
8.775531777777777487e-01
8.796288222222222730e-01
8.817241777777777845e-01
8.837457555555555677e-01
8.858079777777777553e-01
8.874211777777777366e-01
8.895771333333333253e-01
8.914367111111111130e-01
8.932429111111110931e-01
8.946916000000000313e-01
8.965114888888888744e-01
8.982448888888888705e-01
8.997320222222222608e-01
9.013489777777777823e-01
9.029503777777777573e-01
9.043468222222221797e-01
9.058445111111110837e-01
9.072107555555555258e-01
9.086827111111110966e-01
9.099893333333333167e-01
9.112977333333333041e-01
9.175884666666667133e-01
9.230387111111111320e-01
9.283248666666666926e-01
9.330557333333333592e-01
9.371596666666666131e-01
9.410675777777778306e-01
9.447090000000000209e-01
9.481310444444444041e-01
9.511245111111110706e-01
9.539597111111111083e-01
9.566023333333333323e-01
9.589836222222222206e-01
9.612700888888888739e-01
9.634148444444444737e-01
9.654235111111111323e-01
9.672714222222221769e-01
9.690467111111110698e-01
9.706484888888888829e-01
9.721262444444443984e-01
9.736615777777777314e-01
9.749284888888889444e-01
9.762657777777777879e-01
9.774117111111111367e-01
9.785377555555555551e-01
9.796787555555556137e-01
9.806246888888888735e-01
9.815926444444444954e-01
9.824845555555555832e-01
9.833188444444443954e-01
9.840999777777778013e-01
9.849411333333333296e-01
9.855947999999999931e-01
9.862786666666666369e-01
9.869153777777778247e-01
9.875403111111110688e-01
9.881249777777777465e-01
9.886509333333333149e-01
9.891959999999999642e-01
9.897116222222221982e-01
9.901707111111111015e-01
9.905988444444444596e-01
9.910519333333333014e-01
9.914388222222222380e-01
9.918304888888889170e-01
9.922059333333332898e-01
9.925416666666666554e-01
9.928559333333333292e-01
9.931980666666666568e-01
9.935300444444444823e-01
9.937736888888888398e-01
9.940376888888888818e-01
9.943345777777777839e-01
9.945760222222221891e-01
9.947853777777777573e-01
9.950369111111111442e-01
9.952531333333333174e-01
9.954535999999999385e-01
9.956530222222221838e-01
9.958600666666667101e-01
9.960385555555555381e-01
