1.592664372705109271e-04
1.820317066982348223e-04
1.722499153070004645e-04
1.769634401245210903e-04
1.828889120746910021e-04
1.857923314929878981e-04
1.997844143435261203e-04
2.150731636085243578e-04
1.922325909250062459e-04
2.016951420570528878e-04
2.115484641617182448e-04
2.038807551563101572e-04
2.362497633251960008e-04
2.092766278986897684e-04
2.412492041830397458e-04
2.281795181618310271e-04
2.342681140458073173e-04
2.869194094195537154e-04
2.679848736137465845e-04
2.920871624278473331e-04
2.636356155566691871e-04
2.694125141745764662e-04
2.666892645209069357e-04
2.864459181185070283e-04
2.989091661833480958e-04
2.688288877023346899e-04
2.614003123068572528e-04
3.320485400010977548e-04
2.859457121899959021e-04
2.846957572065973480e-04
2.822547736209898720e-04
3.252285412892896464e-04
3.123167436275912901e-04
3.083048055922307492e-04
2.730379583964167613e-04
3.036742192609579480e-04
3.452302386979392624e-04
3.192317017187849197e-04
2.997015119804879351e-04
3.078377837714110408e-04
3.078870632482534381e-04
2.866514679295081467e-04
2.955900353443842465e-04
3.720033916349823472e-04
3.013683921663771093e-04
3.103829864004473225e-04
3.815609101259881094e-04
3.273010752415341971e-04
3.331924435068600392e-04
3.133397094916573629e-04
3.078311236347526644e-04
3.592525535208581180e-04
3.536670432788133677e-04
3.920631903409192449e-04
3.586497817037480112e-04
3.570877657085343030e-04
3.189863634183668500e-04
3.742184104053400840e-04
3.566489230725154421e-04
3.407592030386540267e-04
3.768395190213559109e-04
3.950628578553614062e-04
3.510894428002231502e-04
3.695208858118075035e-04
3.799103082704718254e-04
3.975621655051784771e-04
3.708521014273491781e-04
3.773925641782802597e-04
3.818638572948809991e-04
4.424912752782211595e-04
3.541476672921386689e-04
3.834219716555718120e-04
3.945221492245920623e-04
3.847587952699478412e-04
4.142699211295118459e-04
4.191697506828033514e-04
4.340312827368547947e-04
4.364722065272700355e-04
4.436092943877416425e-04
4.783061190820809584e-04
4.655439112850986083e-04
4.559966483087841147e-04
4.728258369101512207e-04
4.279812073411638990e-04
4.420185677120167423e-04
4.802556961143147527e-04
4.652510449240278441e-04
4.809092689028767582e-04
4.985582520841357577e-04
4.615542432895268499e-04
6.106210864847842800e-04
4.774152458505608520e-04
4.221591359867021180e-04
5.171529489430210565e-04
4.984690419297441557e-04
5.477709915727980950e-04
5.206068595919009778e-04
6.363925592915733965e-04
5.378954812113432736e-04
5.324570916437881135e-04
5.168485299339768907e-04
6.087259770143940403e-04
5.333272002172952152e-04
5.953651634271517378e-04
5.303909017762572327e-04
6.124765893048374947e-04
6.446944468956548316e-04
6.713418275147821704e-04
6.337596087867778403e-04
6.377215483922538640e-04
6.475531251113674858e-04
6.923330812667985749e-04
5.814793625654453117e-04
5.800435383121301447e-04
6.675547050391416508e-04
7.394116183559723684e-04
6.851224416584511621e-04
6.992033254470784867e-04
6.981487274205437198e-04
8.322629502028815011e-04
7.408533147905327007e-04
7.497918629650344785e-04
7.541537007863058579e-04
7.550830982747107779e-04
7.954669397740108793e-04
7.998177642146767595e-04
8.081971170677980289e-04
7.737586825902073801e-04
8.599964755351068675e-04
8.544538376326634528e-04
7.590526704246098938e-04
7.966278363613747433e-04
8.244108790873767075e-04
9.302411315593386723e-04
8.515613883346125415e-04
8.364195173898982070e-04
8.485693802632167208e-04
9.909430474137122680e-04
9.960313770791535785e-04
9.596138345149879314e-04
1.024851878185651603e-03
9.079912846694647866e-04
9.110427542846786988e-04
9.392284515279248182e-04
9.475182095767469654e-04
9.284918956904973956e-04
9.904644289866640448e-04
8.401177819039334525e-04
8.884013768382724267e-04
1.068506309789052150e-03
9.165347598330030390e-04
9.738590494469395861e-04
9.767276295162329123e-04
1.107070074956069709e-03
8.878424491354801242e-04
1.070030197290098781e-03
9.986823462469522020e-04
8.478430513828303164e-04
9.725568717123498361e-04
8.451011888198952781e-04
8.573241246901184935e-04
7.850680045692412382e-04
8.270613255773292313e-04
7.829222947979990778e-04
7.865125397507985883e-04
6.786477189707141233e-04
7.393388503180211560e-04
6.945728760294505493e-04
6.509507199825447952e-04
6.825584009379216362e-04
7.297554246955640983e-04
5.944312790605289993e-04
5.836964070253993636e-04
5.916635684316271567e-04
5.636244391675610237e-04
6.048397371951853493e-04
4.977243383121818243e-04
4.944354740173313462e-04
5.787346305881537617e-04
5.250974438909999974e-04
4.298711557331841792e-04
4.213757706088040191e-04
4.380936423864656578e-04
3.880460926315596674e-04
3.587844716225758036e-04
3.834050693127663209e-04
3.276227483492135588e-04
3.689702186731703233e-04
3.575494645827282194e-04
3.178755660822873974e-04
3.497779840182244429e-04
2.922685299361586363e-04
2.799832469309367772e-04
3.048793039520294860e-04
2.902927888351928502e-04
3.120018897834034343e-04
2.511188379843539895e-04
2.734039563850945167e-04
2.580331412690417808e-04
2.470655508722135476e-04
2.028230708077147053e-04
2.436391211691905695e-04
2.237880546942455444e-04
2.750893404845494174e-04
2.474387997758110600e-04
2.176837648090908510e-04
1.998434572761259044e-04
1.870272314145053529e-04
1.797631319249081924e-04
2.062905558439676469e-04
1.880345375910524397e-04
1.738380114018084506e-04
1.816746089642157463e-04
2.031471923808811212e-04
1.670506244347582628e-04
1.847756470093568496e-04
1.552213696506116712e-04
1.614155902647716430e-04
1.718978166873986275e-04
1.574439557047851979e-04
1.417603075495318466e-04
1.491566168716246699e-04
1.274679976817318029e-04
1.198976043711650735e-04
1.157547009751271224e-04
1.047092765292524077e-04
1.050538719489307139e-04
9.950489006166282895e-05
8.118036566059410794e-05
8.983293767488763565e-05
8.887068441997579354e-05
8.268132645841713311e-05
7.061887063139864738e-05
7.241609059475720661e-05
6.902246237870928586e-05
6.708406329807611434e-05
6.109864508547656250e-05
5.769374461124824135e-05
5.617868418038385276e-05
5.619343318445066708e-05
5.603076145190577110e-05
4.824261607194082059e-05
4.819637063879689991e-05
4.897739413521451883e-05
5.075669505829335062e-05
4.023662782596142465e-05
4.123278703477632724e-05
3.992676666793423985e-05
4.390047275096014033e-05
4.056507178207405451e-05
3.707655664063260349e-05
3.840681485214961368e-05
3.591865313598877166e-05
3.713699720642190094e-05
3.473122948836275780e-05
3.251671607542187733e-05
3.181409614013416750e-05
2.860997652138351740e-05
3.126150806375767495e-05
2.773557835640399902e-05
3.394759458839791182e-05
2.493421117547713498e-05
2.696409113373938757e-05
2.763278531130218549e-05
2.418171287823087703e-05
2.638110426747545235e-05
2.317073299640842634e-05
2.477361474508782703e-05
2.583156275112108698e-05
2.269864927428110360e-05
2.050317705785940868e-05
1.942868602022672754e-05
2.056443191453334566e-05
2.402524210066161892e-05
2.043556096240709008e-05
1.892817871302472115e-05
1.916889347846537073e-05
1.888697905170089869e-05
1.776726857804726811e-05
1.792715170176505465e-05
1.927414752079934356e-05
