7.295523403211364355e-05
8.907132830751526278e-05
7.057243066058536019e-05
6.966488630367704551e-05
7.914752172439241376e-05
8.423458769650525103e-05
8.790566106512826266e-05
7.036715521380627067e-05
7.867837312405352647e-05
8.240377583823658156e-05
8.736377153810518390e-05
8.150468525817565393e-05
8.430069925911570122e-05
8.850024170759860742e-05
9.322395555480948487e-05
1.016539207619615462e-04
1.071236974240869443e-04
1.010403173368153623e-04
9.985486881281541573e-05
9.382371194745674420e-05
1.076069188733817881e-04
1.188297821243208715e-04
1.115043885209942074e-04
1.193215353911868202e-04
1.227634959598412738e-04
1.252050254497696024e-04
1.154072196294370480e-04
1.148296636599339146e-04
1.122443757188720483e-04
1.232418845530920226e-04
1.175094573180680200e-04
1.437871334778716972e-04
1.228273800226889847e-04
1.370039877359585515e-04
1.265278189399281358e-04
1.337872229332064664e-04
1.233552701064898689e-04
1.387722859569821658e-04
1.462248751849238551e-04
1.239821992436548523e-04
1.227148165662995808e-04
1.289789689211612105e-04
1.422050878461016880e-04
1.345111390851727682e-04
1.229978481825381629e-04
1.440928683231160895e-04
1.438092320535662818e-04
1.289821174848215194e-04
1.238138162811440121e-04
1.180425339802605137e-04
1.465808744014427951e-04
1.548928072949174730e-04
1.390730787322351156e-04
1.703506838679714954e-04
1.614863301225003185e-04
1.442449140155423670e-04
1.449644146427719166e-04
1.402996665740752669e-04
1.499140431348573005e-04
1.483255722996132311e-04
1.540861601310361453e-04
1.433956712375783699e-04
1.438812748263820296e-04
1.544457749460294825e-04
1.500574655506090938e-04
1.612041735265784656e-04
1.487913425003040569e-04
1.653487372971818882e-04
1.791142583464435962e-04
1.515224688407061301e-04
1.540500772258273266e-04
1.609687702049550655e-04
1.608021852093101107e-04
1.721812496922019023e-04
1.795457747447559553e-04
1.803953032369344468e-04
1.650020638845624927e-04
1.852662031090071093e-04
1.757522205731476854e-04
1.973791035866061662e-04
1.863893301868338145e-04
1.759069267579570304e-04
2.003397124530626990e-04
1.949453791157111258e-04
1.841034190094080036e-04
1.914298579412496593e-04
1.947889831780424985e-04
1.920632007556041917e-04
1.750272510443410666e-04
2.108497319214601125e-04
2.062909335705479939e-04
2.019559158257766790e-04
2.136383324131787870e-04
1.810182540985013754e-04
2.101208299719394565e-04
2.063482846258674140e-04
2.451606500941140836e-04
2.111316282695894380e-04
2.358356183496093303e-04
2.188725135744796569e-04
2.352647072474974943e-04
2.407848773007769370e-04
2.495572036181382698e-04
2.224861747153484279e-04
2.233322497776652350e-04
2.330673095071351139e-04
2.641120548988317319e-04
2.565540697265657590e-04
2.549505174153861883e-04
2.877580891609375223e-04
2.682430405512926160e-04
3.292779542222949284e-04
2.687060513623880961e-04
3.082691805873086287e-04
2.963088222793876019e-04
3.246298713003920771e-04
3.043146300022109090e-04
3.332082582198731490e-04
3.485165443416440205e-04
4.096301148662960198e-04
3.741787248746717017e-04
4.261644540791472563e-04
3.796975346820757619e-04
3.966301015066831339e-04
3.855140875649564207e-04
4.515486217173918910e-04
4.994351298388680690e-04
4.683836681615244856e-04
4.899014567598525402e-04
5.279312235929080072e-04
5.880133244674526577e-04
5.590277680743956697e-04
6.368306930100494246e-04
6.202171158999772796e-04
6.416863752001674120e-04
7.892907181428574642e-04
7.620008388334491897e-04
8.071625232837076466e-04
8.822584158383994356e-04
9.336484526144270876e-04
1.050590842738541612e-03
1.004754354244281759e-03
1.158371422420865268e-03
1.203624120562771281e-03
1.257935961670877002e-03
1.459755922086299756e-03
1.523146920673699133e-03
1.466057245658637740e-03
1.670086911703693540e-03
1.733178172936490581e-03
1.990782609152784606e-03
1.893203718665330574e-03
1.872302648702687438e-03
2.063206126997836013e-03
2.081895574560132817e-03
2.128705619385538785e-03
2.155190297719139243e-03
2.502971522282515082e-03
2.023902460698315166e-03
1.831627042358282415e-03
2.104579825225174738e-03
1.562520321877754019e-03
1.621645191047827199e-03
1.480265644593313111e-03
1.594539909546213155e-03
1.245063487526465191e-03
1.184654937600588577e-03
1.175749157861500152e-03
9.850982180223879104e-04
7.117133164615442468e-04
7.820180003881356968e-04
7.868233750657515398e-04
6.365779832234741420e-04
4.622328810841208396e-04
5.098741497952826275e-04
4.076320066908225410e-04
3.705483692898414402e-04
3.592258100708048863e-04
2.975581312116435057e-04
2.784686141871501176e-04
3.020338929413681991e-04
2.659655736649578820e-04
2.305055956268368229e-04
2.036380501014350085e-04
2.402959964687270472e-04
1.526443378818956233e-04
1.607083951214767633e-04
1.321858738279497189e-04
1.443221250031130089e-04
1.291315673377963923e-04
1.274988008306836458e-04
1.224301398057165964e-04
1.267125687371072572e-04
1.075185672638651226e-04
1.165634696924067420e-04
1.222855507781515200e-04
9.948193037884517820e-05
1.043637838471747257e-04
1.083422146907935180e-04
1.020617003803423156e-04
9.340508343038109770e-05
8.513388175943562171e-05
7.592199567269168159e-05
9.045972842920677374e-05
9.077245170810961466e-05
8.316857665255030950e-05
8.307933778508170674e-05
7.289553737817408997e-05
7.167963840118066329e-05
6.865111327176618393e-05
7.389038915044153846e-05
7.963505085021216259e-05
7.192473437528897127e-05
7.649890572006668007e-05
7.408169346982240288e-05
6.225685133221772923e-05
6.924903234479523194e-05
6.600102882236347560e-05
6.917393292335767606e-05
5.868291807316323256e-05
6.163114570903863219e-05
6.038790276422220578e-05
4.934911853890514363e-05
4.738222650631185670e-05
4.701942402985021842e-05
4.672028904143812281e-05
4.360227486531534347e-05
4.026151212824259087e-05
3.656199943930964403e-05
3.596420075987894600e-05
3.258181070438655554e-05
3.169368907549579694e-05
3.253705213685868363e-05
2.872424173478009974e-05
2.649283002663953881e-05
2.973875149894743072e-05
2.522565550883494633e-05
2.328943318196789622e-05
2.360570867892344498e-05
2.135770196170474528e-05
2.100392203992963199e-05
1.970032918656651922e-05
2.115145689393235041e-05
2.221042070918270717e-05
1.867420750629374148e-05
1.824871862349291873e-05
1.648232104773263813e-05
1.846917102681268900e-05
1.742731385087351040e-05
1.599252333995091629e-05
1.630787507540340671e-05
1.637534534904591831e-05
1.914241249549862204e-05
1.595971019626836882e-05
1.496431781451150335e-05
1.341973754235847329e-05
1.136433815891354654e-05
1.279730199873466059e-05
1.087535694798496875e-05
9.686609589519050447e-06
1.131655818812205125e-05
1.186882348788733218e-05
1.051428643528064858e-05
1.047599855422387821e-05
1.140057829452643435e-05
1.037203217108688005e-05
1.243693601624357585e-05
9.449287423177403541e-06
8.805647714721238488e-06
9.234114201520005787e-06
9.376469598992271962e-06
8.320945673922467380e-06
8.506105858589537938e-06
9.166177673555326886e-06
7.881919465594026394e-06
8.228125263667597378e-06
8.486545718070663736e-06
7.674717356113761860e-06
7.372395842366865936e-06
7.149601536256626185e-06
6.993510332046847526e-06
