8.634989067991728111e-05
9.130069297610401372e-05
8.551607243109677757e-05
9.828688401070560744e-05
1.021622981143917492e-04
1.047577194691310141e-04
9.754243282925280812e-05
9.567302440551499329e-05
1.023893477778834078e-04
1.061532053211913622e-04
9.932222463486400942e-05
1.135469802078348489e-04
1.130915761865979507e-04
1.215674240663315125e-04
1.166590659935705891e-04
1.200705891106029316e-04
1.274635391415436070e-04
1.278342215254079446e-04
1.300083083119566731e-04
1.319228044048308330e-04
1.457360805420820254e-04
1.290796891426315121e-04
1.470394346738534562e-04
1.460686840449428796e-04
1.300706897647437824e-04
1.455112462058561547e-04
1.375730131095683547e-04
1.421520710427512347e-04
1.457704893162048323e-04
1.551967769540517101e-04
1.505051511836886927e-04
1.408815939662757220e-04
1.401617947134722777e-04
1.551750222806658555e-04
1.474086102459641894e-04
1.394345940479958465e-04
1.604102188605939180e-04
1.640432807085448160e-04
1.548776941043438946e-04
1.500891287692006034e-04
1.501665120293741123e-04
1.621140154262536311e-04
1.549682331310915098e-04
1.588972394833823912e-04
1.851560426319657615e-04
1.804215012751879974e-04
1.618038721393741700e-04
1.699352256747806123e-04
2.050165537985351098e-04
1.780474374445482476e-04
1.535143977681564873e-04
1.774673239434148447e-04
1.666713435754789570e-04
1.851502157134537194e-04
1.786489333133667236e-04
1.781575903056712015e-04
1.890916672659727642e-04
1.756245076986199724e-04
1.652040758073377690e-04
1.688156881630422323e-04
1.715386711374789212e-04
1.817910153355811341e-04
1.808345991620283655e-04
2.186338935583892874e-04
2.016894201866393209e-04
2.290249755964432119e-04
1.900996083137662185e-04
2.255214088412273502e-04
2.008712822325914456e-04
2.099084043189976311e-04
2.028567215559914266e-04
1.959959643007678132e-04
2.053447302075448117e-04
2.138296617913047152e-04
2.013548239663408464e-04
2.340700951994266433e-04
2.244540303909754785e-04
2.021877600013711291e-04
2.038151765238558483e-04
2.096189305505989902e-04
2.352632351410896918e-04
2.311182210429840928e-04
2.501349037471633694e-04
2.497966588558478548e-04
2.495387291216868498e-04
2.146182047425440424e-04
2.491723932738341041e-04
2.617010364027468994e-04
2.242637186164280459e-04
2.538101799756808810e-04
2.644142619672960339e-04
2.534837599398087659e-04
2.354047411853670262e-04
2.575657010417581371e-04
2.714205415076339535e-04
2.554144424448316175e-04
2.660002948036712354e-04
2.776473751501954204e-04
2.625474455283631904e-04
3.033518286674106133e-04
2.853944413817558097e-04
2.921023541330181874e-04
2.822031982007747164e-04
2.971790861982269503e-04
3.137116885365024907e-04
3.006697666703236796e-04
3.159808910714877487e-04
2.924680170087856483e-04
3.932906706466095053e-04
3.120006546361913866e-04
3.284484235907114539e-04
3.445635163349126387e-04
3.540313816608081404e-04
3.763928004837645844e-04
3.762397731780653008e-04
3.651035484078547495e-04
3.921668354560545969e-04
4.282272388811925417e-04
3.985864824568976562e-04
5.414484145976971403e-04
4.781230346650866135e-04
4.698946199015023063e-04
4.863937823540800151e-04
4.878598792114631749e-04
5.336932246766435154e-04
5.863273195302520693e-04
5.601352329601893502e-04
7.088290214550979108e-04
6.062793386746642005e-04
5.981210159736183307e-04
6.250374785385971483e-04
7.390861453579453165e-04
7.381603174994421767e-04
7.849046280669791809e-04
7.721427210539840661e-04
9.583813832612670270e-04
9.126374349106711669e-04
1.064651676581991179e-03
1.025771108753853553e-03
1.041058111458616512e-03
1.155053083219925811e-03
1.022106099338910418e-03
1.220573745231929956e-03
1.134698038673152744e-03
1.273945173051371045e-03
1.262635827736325461e-03
1.350793019157949621e-03
1.428619088799657627e-03
1.503451122003490693e-03
1.481374273711523210e-03
1.585550083852353036e-03
1.611129093299463414e-03
1.636870810692112521e-03
1.797226207303661725e-03
1.962180174357813778e-03
1.698832316904557447e-03
1.510038486324477222e-03
1.758646651990292912e-03
1.455381491031559112e-03
1.522906235282302191e-03
1.764427275197238748e-03
1.359791589933851720e-03
1.349375890594960072e-03
1.229240235151489143e-03
1.239211061484481180e-03
1.291003298697123661e-03
9.594674919195379618e-04
9.640914082370083621e-04
7.917883004436988663e-04
9.238970447539704076e-04
7.540624133275283499e-04
6.535276796873117425e-04
6.013724136308770283e-04
4.853925549570904446e-04
5.504665079901037558e-04
6.108588428627935961e-04
4.299674403642505562e-04
3.716820310097679650e-04
3.876203606281447838e-04
3.887073290456102208e-04
3.062888125386809164e-04
3.633450616310068284e-04
2.801595748594413386e-04
2.841110861679749678e-04
2.568052114716477883e-04
2.251956399722729850e-04
2.170902375749739048e-04
2.004137121369189132e-04
1.720429421311151918e-04
2.165907969732545197e-04
1.522858879448730888e-04
1.709322523284305525e-04
1.638994642549864344e-04
1.355833357065974417e-04
1.378041994041222533e-04
1.298273854096226214e-04
1.308449485337193660e-04
1.448380103911090595e-04
1.138961870777017543e-04
1.213629142909297844e-04
1.169144326508890724e-04
1.241454672609919004e-04
1.112794648084375240e-04
1.049749725066638370e-04
9.886784589194711869e-05
9.834310733050257564e-05
1.002130398744624669e-04
1.045304165028801624e-04
8.418181331585732887e-05
9.026548920133547766e-05
9.131491730808941889e-05
9.397294777003079274e-05
8.661976652065515457e-05
8.647112683370047654e-05
8.883425132025971180e-05
7.491576334794011207e-05
8.839230254568322535e-05
7.729178204885540514e-05
7.588359351420504600e-05
8.043342626096050964e-05
7.591912470433055064e-05
6.778009660858436429e-05
6.537391018776338755e-05
5.594473672178589029e-05
5.367338337442151595e-05
4.793097560556012783e-05
4.862396404201935516e-05
4.503951326734927704e-05
4.877543449947575264e-05
4.374002194300307658e-05
3.887511404225426720e-05
3.818369752321522305e-05
3.802171394911013907e-05
3.555613546607397612e-05
3.129873789944038706e-05
3.198276760022818475e-05
3.137491778974919654e-05
2.878486615447326625e-05
3.386081667564267767e-05
2.606654767988630315e-05
2.720281671727250089e-05
2.591004159338723350e-05
2.326001633141010214e-05
2.337248245877799208e-05
2.455499896586312732e-05
2.221240708702375855e-05
2.173722502130869696e-05
2.325835198298408334e-05
2.078634247379085323e-05
2.169768863240942953e-05
1.902872993429029935e-05
1.861061836732367118e-05
1.932099773987755209e-05
1.772354985455498744e-05
1.605596726481851158e-05
1.592912776428440487e-05
1.511529791353344387e-05
1.683538868899536815e-05
1.767491985681113060e-05
1.615514980834432563e-05
1.475260435964847428e-05
1.306249333971906528e-05
1.379130916447600646e-05
1.342399082006225425e-05
1.407950206151178006e-05
1.257448929166789380e-05
1.224576949381402228e-05
1.163575939707872455e-05
1.156557230529015080e-05
1.199276062432273572e-05
1.073105380832592789e-05
9.555916359637375360e-06
9.534056916542449963e-06
1.130271119053383018e-05
1.002378188712961352e-05
9.572849687218338403e-06
9.152736805618072368e-06
8.343899381871424997e-06
8.775564839535898612e-06
8.112284574999473018e-06
8.734800672203361281e-06
