1.202616859780762421e-04
1.266081240076596687e-04
1.301465447419443801e-04
1.153768950813779275e-04
1.206258133274735306e-04
1.211901944054966345e-04
1.433609287684333192e-04
1.300634772151703798e-04
1.359372170179045248e-04
1.438411391080406728e-04
1.494463913155758277e-04
1.501424621615988131e-04
1.444544314926368375e-04
1.522268827969441504e-04
1.489421982253748874e-04
1.948656580336228833e-04
1.645962852428639502e-04
1.702289346730784605e-04
1.809085609264042527e-04
1.725672725789697474e-04
1.708396969301865435e-04
1.999783660667484356e-04
1.861818029747218145e-04
2.104821717427969672e-04
1.728808670675222579e-04
2.011994387252496205e-04
1.883604851277211902e-04
1.861507978992189437e-04
1.923418283324227070e-04
1.851821072270196523e-04
2.021896328579390932e-04
2.099865247998355109e-04
1.848621135165277678e-04
1.893497144350065220e-04
2.119639465171557400e-04
2.004492943809595281e-04
2.299784047359159647e-04
2.073725929194918441e-04
2.059102969186468810e-04
1.989207368249687957e-04
2.172839347689564399e-04
2.060046876142028558e-04
2.069956929969443270e-04
2.168057681819379366e-04
2.034099992579640158e-04
2.045327331235663026e-04
2.333354231616676679e-04
2.429422899491941092e-04
2.230519934152595210e-04
2.190567277728397932e-04
2.065797296499731202e-04
2.659084572924696002e-04
2.332793616323704255e-04
2.500166494832304210e-04
2.338303969321351393e-04
2.437129368874975280e-04
2.537996810750777106e-04
2.310707425521513268e-04
2.362372745818023991e-04
2.448802015493783697e-04
2.715634385473193377e-04
2.398984692862884851e-04
2.659951694766999166e-04
2.704034281053966250e-04
2.594215835293274194e-04
2.616371629220481964e-04
2.504684991186034368e-04
2.645487876587203943e-04
2.573107059814914348e-04
2.673427235791515683e-04
2.991646911215567776e-04
2.502602889249219979e-04
2.491367773762886745e-04
3.112369317308686734e-04
2.832419391639463130e-04
2.983829554704388017e-04
2.626428414603481742e-04
2.894615105066212146e-04
3.290851289429551742e-04
2.957488154638374350e-04
3.025307390898850698e-04
2.897760563291120546e-04
2.839625486219023187e-04
3.099308898084182271e-04
3.190552811466802643e-04
3.215473779057402733e-04
2.883815291588941003e-04
3.254823208430048724e-04
3.471487085716611206e-04
3.548226735177999343e-04
3.782956234638338460e-04
3.615669758822056797e-04
3.335826600219484101e-04
3.444427236947931992e-04
3.524518494395010421e-04
3.596001745384485942e-04
4.080930118564925105e-04
4.222836724666138289e-04
3.766000959243893009e-04
3.580671254312957200e-04
3.744035581133029551e-04
3.824866600359802678e-04
3.796214902826556908e-04
4.085457808641793196e-04
4.085295821232919305e-04
3.959027911533357204e-04
4.423424234590980558e-04
4.066741513031806401e-04
4.449741381346035266e-04
4.528392450436566092e-04
4.866647293181035642e-04
5.138163194472986387e-04
5.108183663083934629e-04
5.027328567273132076e-04
4.839113556367077005e-04
5.086793597748775868e-04
4.641632288482241920e-04
4.736698767318858424e-04
4.823268655058481871e-04
6.016877205145436999e-04
5.757156406982848716e-04
5.422257213722917824e-04
6.100855596241391409e-04
5.842790349199273496e-04
6.417397875453945697e-04
7.149659102999100183e-04
8.766140742194226607e-04
7.108951651529886321e-04
8.497945476347494673e-04
7.957987467424278887e-04
9.167428268521602124e-04
8.418301030759575004e-04
9.617568226584048566e-04
8.401947800457368245e-04
9.188299275212476538e-04
1.020035502078662582e-03
8.513441495556794449e-04
9.996072984291908773e-04
9.273560454049056953e-04
1.040556313939227035e-03
1.094023003065191938e-03
1.112093320587828832e-03
1.161990281190025155e-03
1.183037188777230240e-03
1.124929120888099434e-03
1.139723349602082348e-03
1.380219895949231059e-03
1.172599472697236035e-03
1.140619400191415214e-03
1.410551001085553428e-03
1.412417619147232628e-03
1.374775901444564566e-03
1.319755181143166803e-03
1.292707882975690972e-03
1.357178429912236353e-03
1.055535905487819514e-03
1.296512454743641496e-03
1.107107318404192738e-03
1.084475862841475027e-03
1.197702424303158071e-03
1.121938898273251847e-03
1.106763921600940285e-03
1.139787121332503901e-03
1.097110337948715335e-03
1.092580478788083296e-03
8.730126623435626419e-04
9.146074057002824033e-04
7.332073008128311758e-04
8.067745666177539212e-04
7.264226478097302346e-04
8.333518654339727195e-04
8.251922100461577501e-04
6.003132425415331867e-04
5.458084325619242706e-04
5.369115468043825310e-04
4.980957288719760605e-04
4.634024797665981595e-04
4.008865220697666867e-04
4.530077034361759073e-04
4.272785364843080524e-04
4.348752775423687933e-04
3.322064639436887886e-04
3.544678410030158914e-04
3.218212986313794119e-04
3.347422194913776705e-04
3.113177177336303694e-04
2.550930360163337603e-04
2.375104035039889237e-04
2.392194282183038485e-04
2.341361265225502450e-04
2.182638887988653782e-04
2.453666467211859442e-04
2.247347358520013823e-04
1.990025009628784290e-04
2.663026499104277200e-04
2.050611367159911288e-04
1.803263124933594168e-04
1.733703997516323515e-04
1.571743423578555489e-04
1.485359466497307044e-04
1.550204666527081371e-04
1.501636703084621976e-04
1.440558445397842726e-04
1.503310099289095498e-04
1.208090710741157919e-04
1.360994462712783264e-04
1.275932495354947078e-04
1.296446025622318213e-04
1.454179067393603878e-04
1.371050742289527059e-04
1.314553105979267939e-04
1.198472615916338046e-04
1.216812461228626124e-04
1.109082672572549714e-04
1.163563959776765604e-04
1.019809724429605977e-04
1.200776295440204931e-04
9.631584741535890147e-05
1.006513177295832669e-04
9.811792342675885559e-05
9.790487677786164765e-05
9.292662032022983205e-05
8.230445173145396374e-05
7.931602404921566003e-05
7.747609516790041723e-05
7.113001273433674284e-05
7.203867925038429565e-05
6.588647974476976102e-05
5.940393369333625670e-05
5.206370543345662340e-05
5.363287271460531871e-05
4.722114125448581068e-05
5.249207738758891609e-05
5.246764937152713593e-05
4.453704696914357827e-05
4.169136071319877619e-05
4.149835136667166726e-05
3.959711954211604759e-05
3.814780347793210203e-05
4.040069789063752516e-05
3.666744951601126666e-05
3.347630549372385350e-05
3.095208896918549829e-05
3.369580985134391953e-05
2.992414242277688705e-05
2.945713697621141252e-05
3.054796200277825008e-05
2.957993372368281353e-05
2.544821469545101051e-05
2.415465543895392139e-05
2.646448180021222378e-05
2.627394429247691880e-05
2.397064140244577961e-05
2.208663589216410816e-05
2.332845704193343438e-05
2.092781436718578895e-05
2.149940789534328709e-05
2.081967068269997793e-05
1.997344503535383113e-05
1.816611381589875474e-05
1.969968178349342647e-05
1.763837890417879097e-05
1.772536759179353902e-05
1.932273429983187921e-05
1.839861442417421025e-05
1.674791406508611432e-05
1.592325043445548779e-05
1.831478305170801028e-05
1.557991502450469440e-05
1.525891275181046899e-05
1.376449643953651532e-05
1.388971518997022300e-05
1.376291045165202043e-05
1.272793648869483124e-05
1.350720597813288879e-05
1.221624321261182002e-05
1.297087809948685510e-05
1.346567704433505218e-05
1.224126445787115659e-05
1.195943282228479795e-05
1.173589599978921039e-05
