3.257819934392245775e-04
3.842205289932421183e-04
3.235497272831770028e-04
3.380186161630659245e-04
3.779656076520999876e-04
3.822592758658667988e-04
3.945030909890701065e-04
4.045536701531246581e-04
3.951681420898911718e-04
3.991463915546715696e-04
4.043922098106335480e-04
4.633596037856866972e-04
4.017284625485460282e-04
5.064555550213199753e-04
4.814094257661536412e-04
4.766664280727871171e-04
4.691921744837129630e-04
4.693538074895371942e-04
4.827318303540101296e-04
5.075195948935733170e-04
5.828565665633486225e-04
5.553407666100187165e-04
5.176121081471313093e-04
5.736058834237100883e-04
5.689562258394281237e-04
5.460350735048994861e-04
5.538038257398219611e-04
5.683428058046647484e-04
5.996051437716947612e-04
5.755565513776355691e-04
5.318282974121224136e-04
5.528251012764722958e-04
5.704414997266336450e-04
5.416045477133287931e-04
5.282666789842398181e-04
5.337366105329203764e-04
6.036544349089759294e-04
5.649769330049609619e-04
6.224881644636715569e-04
5.703109802214939052e-04
6.184460833896397378e-04
5.945724578544506677e-04
6.742828590152823067e-04
6.946905136430914706e-04
6.063264296802400866e-04
6.865156073226590236e-04
6.220035893485486829e-04
7.138861489356184515e-04
6.340029328224457443e-04
7.128446576026543175e-04
6.870266133198564681e-04
6.459438003325936603e-04
6.691699063262009951e-04
6.393726715114193089e-04
6.660642347214273647e-04
6.366182067239086438e-04
6.618198267901125162e-04
6.935674052564713612e-04
7.322019566029615897e-04
6.708980330793958436e-04
7.195867945067580505e-04
6.310897710302546589e-04
7.564138009831629849e-04
7.217342461643586711e-04
7.105254022050063248e-04
6.911924503264283608e-04
6.886046934849014440e-04
7.217006127335532728e-04
7.619423960803369759e-04
7.375225589025257182e-04
7.095006185834850602e-04
7.599704002328298456e-04
7.116312650785468989e-04
6.908852133642837297e-04
8.673839292675388944e-04
7.193533265475445882e-04
7.945842193436274429e-04
6.831835264170338460e-04
7.179665470265468932e-04
7.287936627233761091e-04
8.725249684664496781e-04
8.106593591477700414e-04
7.964546242178830457e-04
7.579034756783826262e-04
7.659744598792992418e-04
8.446930960192949303e-04
8.468507299243549112e-04
8.066637684325120641e-04
8.512797897452668286e-04
7.236440423532126921e-04
8.608406005862276464e-04
8.291420438852422801e-04
7.717236171640972633e-04
7.322565525326010837e-04
7.396849039757852871e-04
8.211329309964313398e-04
8.364643252291648675e-04
9.000492047197256431e-04
8.335041105536856662e-04
9.938736541940456585e-04
8.650498237550358679e-04
8.089161148341060016e-04
9.264368895133021998e-04
8.072679626778243595e-04
7.904856467242994981e-04
7.853813285664345114e-04
7.865048054889984619e-04
8.472999585506007982e-04
8.836833659193042050e-04
7.992132304629984097e-04
8.370768722415534730e-04
8.533442985164604866e-04
9.325367770928135770e-04
9.578955671143408969e-04
8.886802574340514887e-04
9.527058058381690682e-04
8.007162338281576105e-04
9.736256648213800118e-04
8.906199829415208666e-04
9.219870849436058403e-04
9.706828989620003810e-04
8.583179968634216048e-04
9.394954875458816400e-04
8.765207351170173789e-04
9.052991444125618042e-04
9.358555250003197786e-04
8.349714908468051488e-04
9.311269071772387135e-04
9.168839261007445500e-04
8.463244667315867253e-04
8.122574904641489350e-04
8.473247790497885406e-04
8.867730123573932003e-04
8.456509953913448523e-04
8.891020399857615681e-04
9.055323384495452075e-04
8.478982837499938032e-04
7.700997753743297385e-04
9.660028435575392352e-04
9.419392835928389182e-04
8.665220673545613768e-04
8.419031592995860746e-04
7.594027626119096612e-04
9.286226201049373836e-04
7.806897182661096677e-04
7.441649595854784183e-04
8.593804785437962526e-04
8.164142931557431771e-04
8.872925833495830771e-04
8.303986568775241495e-04
8.107191639749368201e-04
7.600897323731985785e-04
6.793394428075755958e-04
7.502618468821859116e-04
7.928302787275413833e-04
7.292477151690258128e-04
7.448247047039587574e-04
7.429748336124528075e-04
7.594344975784744290e-04
7.247735768145921378e-04
6.930286962297037105e-04
6.906211580292878844e-04
7.390066217580863739e-04
6.481921529542114882e-04
6.296450167394021481e-04
6.470183977901663303e-04
7.150978847649213082e-04
6.500005067561592494e-04
6.771845812392140399e-04
6.996043637468229645e-04
6.140895325532497173e-04
6.377093895685466678e-04
5.993009965596038120e-04
6.092827152419880848e-04
6.060796250779796474e-04
5.852503304290691388e-04
5.608618417594488830e-04
5.496490981002035607e-04
6.142978954370796043e-04
5.619915001074276585e-04
5.450846222085750691e-04
6.339715501435385725e-04
4.838135459172218937e-04
5.202123789101686891e-04
4.973664831957506178e-04
4.811814243249688382e-04
4.664003119197829240e-04
5.248353508129154727e-04
5.250140521335052747e-04
5.356333992493433156e-04
4.902374189627504812e-04
4.963409709818974872e-04
4.030532758449749051e-04
4.485485593524888626e-04
5.012006746590373348e-04
4.659823568643221489e-04
4.241866231455089964e-04
4.113129627754299046e-04
4.417387822204309569e-04
4.292758416982989621e-04
3.891893670373975083e-04
3.719668113966097820e-04
3.937592037315697365e-04
3.989217837864405874e-04
3.740298750850001288e-04
3.660659056995297506e-04
4.454137401253375084e-04
3.608938786311827727e-04
3.518713194843993506e-04
3.539328373995604998e-04
3.872201491275667094e-04
3.425663206961302278e-04
3.096733766293886477e-04
3.484411929703467399e-04
3.307027582289761257e-04
3.424223514017039546e-04
3.575236865505600540e-04
3.592002301021488724e-04
3.295608460861393645e-04
3.176180296127031660e-04
3.071411416053570305e-04
2.441148206602271938e-04
2.791228519213137418e-04
2.298311098685950184e-04
2.263469766721369820e-04
2.350809008849134136e-04
1.961487992244009544e-04
2.020966031531259120e-04
1.635494768601936143e-04
1.697258372746001211e-04
1.635422252912490358e-04
1.651782642487729111e-04
1.691009296991768734e-04
1.462947224620841273e-04
1.228008329123860107e-04
1.316039144955027278e-04
1.293966170178535236e-04
1.569247942465931808e-04
1.121268017837305985e-04
1.217168898485642846e-04
1.141352660713224222e-04
1.124480606386111078e-04
1.023822207176502350e-04
9.641507390315310570e-05
9.311171589829416080e-05
8.387552367833499549e-05
8.173238689337670700e-05
8.273679875422011666e-05
8.359527018723785982e-05
8.314234953822542858e-05
8.036553103030312517e-05
7.961172749907211336e-05
8.070589549321258974e-05
6.832605215476329221e-05
7.504928844640640102e-05
6.991343372102146582e-05
6.893884179798465421e-05
5.556044558269299956e-05
5.648684466632711754e-05
5.816104561469777031e-05
5.322538414381222508e-05
5.213360259170311594e-05
6.542718566464742944e-05
6.936251896610315501e-05
4.962459963551581985e-05
5.411510713443721924e-05
4.734904620200321856e-05
5.170807856570043413e-05
4.765602765708704851e-05
4.306818590865220999e-05
3.855696316500958968e-05
4.782015677551555634e-05
3.998107291152055303e-05
3.987555916417215898e-05
4.111725616783845345e-05
4.109674585221367063e-05
3.953206938660498926e-05
3.823685618393930932e-05
4.287087293941091600e-05
3.118117922490399989e-05
3.521609058494612265e-05
