2.959480230596536643e+00
2.944888380104075498e+00
2.974933037650005385e+00
2.961322906394672660e+00
2.951171188465744333e+00
2.956839426520532665e+00
2.971963051456073313e+00
2.947433636454284578e+00
2.953637031670778068e+00
2.962069319078469487e+00
2.984806791754599065e+00
2.941384839638834237e+00
2.964633239458124514e+00
2.985285397859501089e+00
2.969433557913205401e+00
2.954226629528647230e+00
2.956415099712517147e+00
2.972525743380173058e+00
2.931728927902518489e+00
2.960589008500561281e+00
2.956333686335474553e+00
2.912043073254800163e+00
2.947404471657555369e+00
2.965624769624221724e+00
2.920972967106879370e+00
2.938046767240042545e+00
2.939570846390689773e+00
2.925502582730010293e+00
2.928973850447873506e+00
2.917665536413571736e+00
2.956377100139594649e+00
2.893306487245315139e+00
2.922887242108651584e+00
2.927591470213633862e+00
2.903500390235851381e+00
2.894586579482385513e+00
2.927778844459074659e+00
2.919586146380076297e+00
2.899808830651899427e+00
2.918574062176121586e+00
2.888719924751152135e+00
2.917358725196685931e+00
2.889656277461161160e+00
2.917544675009872357e+00
2.885039565271753759e+00
2.914569068424698539e+00
2.898185911687031435e+00
2.876158654113827318e+00
2.871158798054744832e+00
2.850583360920566189e+00
2.876524374890716107e+00
2.853062005144760604e+00
2.847356761916800316e+00
2.864155042165076992e+00
2.852511575326402316e+00
2.849820517412259946e+00
2.851445221406702313e+00
2.826295671183029601e+00
2.811161442309654479e+00
2.821576232404414242e+00
2.788057473233558792e+00
2.774749846028536915e+00
2.784725066786488679e+00
2.745941845905047529e+00
2.746761403470445284e+00
2.727484376728252169e+00
2.724005258814485853e+00
2.693389986920901258e+00
2.688788816196250764e+00
2.663533969732058804e+00
2.637745432467587747e+00
2.615545002196432822e+00
2.589632704899847315e+00
2.556081140720660283e+00
2.542330906846385297e+00
2.491231714935239427e+00
2.443019516522867640e+00
2.427483729625343756e+00
2.380761832782277043e+00
2.341225090884412996e+00
2.292187367508968343e+00
2.245361452309603045e+00
2.195223562482102597e+00
2.140889388491280965e+00
2.060639658370211791e+00
2.003841215860753255e+00
1.938542891322378781e+00
1.876792537762635993e+00
1.824615379037263008e+00
1.751923689453158683e+00
1.688207158959966092e+00
1.601579974522276295e+00
1.559697430562035469e+00
1.500491326089639976e+00
1.425290262530944485e+00
1.387601907469802498e+00
1.335493673444139384e+00
1.295188846082229173e+00
1.246265698414741552e+00
1.216935492245214467e+00
1.187483213497295687e+00
1.157992721518449564e+00
1.134237235101456243e+00
1.114958335930800182e+00
1.098733074398494658e+00
1.085180698585586301e+00
1.073265397914919372e+00
1.064098580065053312e+00
1.054198212074375585e+00
1.046288288155850621e+00
1.040914620435960503e+00
1.034869091319651435e+00
1.032277628098462019e+00
1.026138353752347410e+00
1.024601915605941826e+00
1.021012133143626599e+00
1.018844100681421949e+00
1.017050774348461584e+00
1.015604065901037023e+00
1.014380620372213659e+00
1.012637640322035404e+00
1.011929274702173975e+00
1.010960923793247979e+00
1.009909534354011651e+00
1.009167629912589348e+00
1.008091095611106880e+00
1.007594178989115630e+00
1.007124518773514943e+00
1.006662779744798897e+00
1.006173972973612774e+00
1.005817913381592321e+00
1.005558836037101944e+00
1.005208173633907798e+00
1.004845116975968233e+00
1.004596959646918419e+00
1.004345498533873560e+00
1.004139318009686699e+00
1.003908174478721049e+00
1.003721379648072176e+00
1.003524654957111517e+00
1.003344543164736979e+00
