1.256158981351987794e-02
1.525104003611815057e-02
1.641986990139848376e-02
1.431637838283346051e-02
1.476255439750097896e-02
1.420921698976922859e-02
1.440146625266171265e-02
1.346891936798347636e-02
1.531105416531837807e-02
1.397349063683850541e-02
1.501580206171306345e-02
1.360720767743879567e-02
1.205083111592866046e-02
1.419462544088150383e-02
1.333546192422922771e-02
1.335611163828731920e-02
1.304951713333679132e-02
1.422727367681218130e-02
1.386183535473760851e-02
1.342196265301549667e-02
1.333472427869328292e-02
1.644409246947126091e-02
1.451800260005109769e-02
1.569072256419921235e-02
1.501182099157225523e-02
1.392386037601297394e-02
1.346441380344547654e-02
1.168717809712581032e-02
1.618255456589176924e-02
1.280956455098401607e-02
1.354596533358585521e-02
1.217193351671734883e-02
1.320671752087272839e-02
1.288475017351649494e-02
1.355709752153899141e-02
1.374389501160152259e-02
1.371835716817307316e-02
1.215657596797043230e-02
1.331308802990327847e-02
1.495509435852150452e-02
1.066271320077220690e-02
1.136768947579168063e-02
1.142544684637700723e-02
1.213771472978673362e-02
1.174501063138232507e-02
1.168670817476704857e-02
1.070306648631110316e-02
1.165910581592421134e-02
1.068124505156603336e-02
9.978564578924245879e-03
1.176081202324661540e-02
1.524820654562377559e-02
1.094064178455221928e-02
1.079979585686933162e-02
1.011817765837857465e-02
8.552280227654323122e-03
8.689187397309901251e-03
8.329591670365886838e-03
8.384231764266638492e-03
9.068247493918771968e-03
8.907078146423028780e-03
8.716878166774987002e-03
8.628352557298289705e-03
7.924848489253477971e-03
7.327617729554596233e-03
7.769906592488677079e-03
9.328876487839551576e-03
6.989485473033070322e-03
8.305234424886061978e-03
8.194084036396780471e-03
7.522102111735328583e-03
7.048624784009522096e-03
6.975608529201719234e-03
6.612653190413257664e-03
6.471396004642828576e-03
6.013397107643977252e-03
5.703657157388426074e-03
6.046332236942206922e-03
5.508935803664102675e-03
6.074367103661711814e-03
4.938747477839265827e-03
5.967078382568726490e-03
5.938571956843729377e-03
5.082270310096977453e-03
4.686336835980288613e-03
4.358467181630510529e-03
4.868946184702253356e-03
4.259731967786891532e-03
3.785213968263531365e-03
5.041162737734996430e-03
4.090714780972441733e-03
3.501116261308178951e-03
3.214972317463715874e-03
3.290914130300843718e-03
3.195550594836803638e-03
2.744642898716774006e-03
2.746007309965507216e-03
2.559394882519027900e-03
2.819392591758251333e-03
2.337862933719003604e-03
2.406041071829745533e-03
2.124953541834700543e-03
2.042867076283955141e-03
1.792515311125169198e-03
1.836478611291264031e-03
1.394441186656980407e-03
1.946451194551279684e-03
1.327050376403106574e-03
1.244868793640273828e-03
1.015521560776133344e-03
1.082753477372609642e-03
9.849571692515160775e-04
8.600719010258080135e-04
7.411904576870739737e-04
7.375713736623416448e-04
6.379561207686359385e-04
7.110643662861532849e-04
5.181512170573411829e-04
4.885542676429189884e-04
4.917182274532597153e-04
4.808081536678155007e-04
3.835682976755711341e-04
3.757429506156704721e-04
3.496379372972801278e-04
3.254705461224874689e-04
3.760262421700482911e-04
2.588438265061036034e-04
2.343094300753334285e-04
2.409747238327598711e-04
2.176935344840441047e-04
2.038441744094620874e-04
2.048015297185796081e-04
1.726285268264530419e-04
1.635432944952359394e-04
1.831820299875909920e-04
1.563370245075294872e-04
1.554415233366819918e-04
1.190302393343178303e-04
1.025320040373292548e-04
9.945702126536509952e-05
9.059346137918324949e-05
