2.955530921612002704e+00
2.956608669147126722e+00
2.931967619604607389e+00
2.948630535206559156e+00
2.920649277831666613e+00
2.929265596055941945e+00
2.954998976959164914e+00
2.959924725465507223e+00
2.936183845041782092e+00
2.938961515381977030e+00
2.943501175389318547e+00
2.935504934993300452e+00
2.964879158117011304e+00
2.934867120535887164e+00
2.911489392208558957e+00
2.930271291636534325e+00
2.924721136887967532e+00
2.956850246932679838e+00
2.937155519981203611e+00
2.920900799276440196e+00
2.926335439081030110e+00
2.925062699485939444e+00
2.912687628629343717e+00
2.910915141965326303e+00
2.906094358231355645e+00
2.912824658614313389e+00
2.904711465688180283e+00
2.914488234870948435e+00
2.899391291786022951e+00
2.906312461090070354e+00
2.891260340639262072e+00
2.877993601487064179e+00
2.895441942425418969e+00
2.904142159980457105e+00
2.893703141124676304e+00
2.874426696154808614e+00
2.887868632593016738e+00
2.863982756848649558e+00
2.866433823852401641e+00
2.891623443800325877e+00
2.863456256555238166e+00
2.861609484536425274e+00
2.858418633904415085e+00
2.840996017561569165e+00
2.829781411913972367e+00
2.850127143391785633e+00
2.815191483508137971e+00
2.816400348695676570e+00
2.798910110142585950e+00
2.812596707379513283e+00
2.812231134159217660e+00
2.782243177426702019e+00
2.753026448007687588e+00
2.778269911149537030e+00
2.758965563265992849e+00
2.758420370059598170e+00
2.721611993337896607e+00
2.717845762674338861e+00
2.715144940743761559e+00
2.704254215987535570e+00
2.688907245587712325e+00
2.656910461710818350e+00
2.650734252076207831e+00
2.643873707655439276e+00
2.587928765178003410e+00
2.571080678886592974e+00
2.575323531619144735e+00
2.545622437343288524e+00
2.523336178539707930e+00
2.485231781627625036e+00
2.458097767491709273e+00
2.428483497015316406e+00
2.400097778763420564e+00
2.368623675622720359e+00
2.327185822049758102e+00
2.294809938633171953e+00
2.248158999703092853e+00
2.200245009919750583e+00
2.153833827732980932e+00
2.122318400061977695e+00
2.071558397948433328e+00
2.016726130530388073e+00
1.966490444106492097e+00
1.906345040040773764e+00
1.860413284810553902e+00
1.805690075928394478e+00
1.749852742123126026e+00
1.700249309625440741e+00
1.643785027910264374e+00
1.595245926146170667e+00
1.550652533040111525e+00
1.494326484181025538e+00
1.455511717093344703e+00
1.411333360964024175e+00
1.371584907938718789e+00
1.335626531110394755e+00
1.294231001100049960e+00
1.260017358135531174e+00
1.232294983370526342e+00
1.212608206950646528e+00
1.179335984578812502e+00
1.159694845975650646e+00
1.141415999946874926e+00
1.122527215588444705e+00
1.108780707730875115e+00
1.097835827344826765e+00
1.083616059721406621e+00
1.073798112633223001e+00
1.064920089852726459e+00
1.060766746177119746e+00
1.050945974762848234e+00
1.046908896240670073e+00
1.041894605131000739e+00
1.036223607659181534e+00
1.033606601546563919e+00
1.030593492728949068e+00
1.026984129233952769e+00
1.024489633754673834e+00
1.023135201530899652e+00
1.020290483702648965e+00
1.019113615868012301e+00
1.017860131841253235e+00
1.015484825740489594e+00
1.014995175683511608e+00
1.013764640579857268e+00
1.012669256578895505e+00
1.011793570818291244e+00
1.011185418511819867e+00
1.010127467679326818e+00
1.009820244130141820e+00
1.008871852531123992e+00
1.008384229965476164e+00
1.007940673849199387e+00
1.007499681281307513e+00
1.007002799064431908e+00
1.006619898124876844e+00
1.006277423891327016e+00
1.006002264925164313e+00
1.005667005174945672e+00
1.005413720954575485e+00
1.005076098740139257e+00
