8.305461984050707333e-03
7.373139022878887061e-03
7.172485692605795778e-03
7.431555529454836155e-03
6.486330533973507124e-03
7.364149160010362988e-03
6.577889426427973620e-03
6.977427371129367277e-03
6.067617870456060505e-03
6.406707570237505853e-03
6.092167827550117737e-03
5.777392958092751954e-03
5.930718525743380876e-03
5.806952260804547870e-03
7.013034829232456593e-03
5.286988409529096676e-03
5.845455680189095421e-03
6.554869360892043306e-03
5.227370316634149736e-03
5.873120714643455427e-03
5.927491783824012650e-03
5.470335769431777621e-03
5.238059073349720166e-03
4.904507003997449731e-03
5.050012285148360210e-03
5.890034392293069278e-03
5.438957224914625459e-03
4.907944893122553366e-03
4.846204124364242652e-03
4.739461304730740142e-03
4.554020984782459341e-03
4.494172073357296203e-03
4.769129432912870038e-03
4.477541136441746603e-03
4.178046141885380545e-03
4.280567137235945577e-03
4.588999560258931985e-03
3.856260943787705349e-03
4.021335673551286807e-03
5.172384519429742630e-03
3.932135786360438368e-03
3.673490711793040049e-03
3.664114203482577575e-03
3.796133513335099834e-03
3.587812828281233216e-03
3.453538474929184008e-03
3.187625137722273176e-03
3.327281872347783061e-03
4.111469419360276080e-03
3.278463316661252465e-03
3.220506946525753325e-03
3.118504914038121908e-03
3.216675053367844869e-03
3.116960817442002325e-03
3.145812627099675140e-03
3.415900936119015997e-03
3.083556159824420943e-03
2.898586279202148685e-03
2.748187331163505064e-03
3.049931444970089504e-03
2.967467652682015313e-03
2.478395742580062101e-03
3.047883299326446371e-03
2.755033341428564722e-03
2.253994809862692583e-03
2.449431398893216379e-03
2.220054375850856465e-03
2.297045207406257263e-03
2.167703721173302490e-03
2.390700275102814170e-03
2.061948154081204038e-03
2.508315318833330074e-03
2.435549224489937017e-03
1.977360142238409474e-03
2.137001613506819050e-03
2.038518386833537872e-03
1.962269460167539049e-03
1.791961881948976425e-03
1.997931292641721718e-03
1.901242513104693319e-03
2.023472733296863887e-03
1.749272675871085293e-03
1.632539541689602587e-03
1.630456957043053276e-03
1.560338699937535972e-03
1.937886196954162390e-03
1.563499942693004916e-03
1.537226161622684681e-03
1.662457456431016677e-03
1.512161178963939085e-03
1.299673749446867517e-03
1.526420852568415509e-03
1.478677098317258704e-03
1.313438383762578678e-03
1.283051335334479915e-03
1.233492652111306022e-03
1.241613449361246915e-03
1.120985023474981414e-03
1.289859948418245819e-03
1.226834681267288023e-03
1.317536443069697912e-03
1.015374696802967634e-03
1.020805435434704632e-03
1.009590963343167487e-03
9.300486764317616745e-04
9.549219379736027195e-04
9.019266419063559203e-04
9.171545127673008365e-04
9.556886537129069418e-04
9.393489864516035674e-04
9.258080055877675229e-04
9.067277485121247533e-04
8.025362893509565675e-04
8.795639292403414477e-04
8.186565068253435920e-04
7.834938691963809010e-04
8.155470710929682262e-04
7.966281663750466235e-04
7.128567582591624832e-04
6.808966171136515829e-04
6.431787003408971463e-04
7.473947520874154237e-04
6.654795252649020653e-04
6.598745708710048374e-04
6.559488910320913739e-04
6.461117697912321630e-04
5.721610442088687293e-04
5.899796894336255563e-04
6.075965919586943714e-04
5.992101666259749305e-04
5.313278554839331001e-04
6.009589564099990103e-04
4.899174536817284481e-04
6.254103511502527189e-04
5.839218152461714013e-04
4.739795146283960195e-04
5.201717272054587641e-04
4.715204390428616487e-04
5.048510075346218607e-04
4.510097592088325113e-04
4.075007644249759400e-04
