1.719497232299894290e-02
1.736349036489425249e-02
1.450371663797234145e-02
1.520933276730962458e-02
1.621353677220803424e-02
1.592005408158714275e-02
1.806529691538753118e-02
1.613500277615275910e-02
1.544327935718878275e-02
1.644990559375662451e-02
1.320629976890434418e-02
1.672465805521242826e-02
1.499239889655767759e-02
1.377128747086192595e-02
1.487139321562282700e-02
1.500611310066755737e-02
1.530565936213367298e-02
1.600992393312305681e-02
1.711770813790198034e-02
1.438648234713021598e-02
1.496684590171276467e-02
1.464193556188154305e-02
1.362594501678416996e-02
1.447511743642684347e-02
1.346198970703403781e-02
1.480878212323615169e-02
1.458492664677318341e-02
1.588779828614024503e-02
1.360802721200108333e-02
1.563160729682822048e-02
1.393607597251536080e-02
1.384696544720811530e-02
1.659473981193114109e-02
1.393872810799134422e-02
1.431131381650749788e-02
1.493969872501365627e-02
1.587356804181324146e-02
1.426282350140651439e-02
1.339425234235160425e-02
1.604841386939115377e-02
1.254747326661471117e-02
1.433195330278329294e-02
1.293625112927812223e-02
1.314870870292379409e-02
1.578940690476073744e-02
1.288257977605700676e-02
1.378787681851298928e-02
1.247628775363693668e-02
1.223713463959810212e-02
1.333238940383685810e-02
1.345758540665186950e-02
1.121456052763875576e-02
1.169905431499289501e-02
1.371397784681109566e-02
1.356652886124715997e-02
1.212539314682701229e-02
1.170388295002942544e-02
1.071585061161576917e-02
1.073453927156537736e-02
1.198207384720438931e-02
1.049029335695400231e-02
1.150604480589900898e-02
1.145368227770188208e-02
1.006470335897567334e-02
1.267694470510978728e-02
8.678587498905342146e-03
9.320012823775257124e-03
1.235563958350254996e-02
9.828395780874497195e-03
8.523080346744094093e-03
8.474103420538794951e-03
8.769178133295604458e-03
9.360295773928554303e-03
1.003328601394074850e-02
8.048000726064062638e-03
1.115669839172834556e-02
9.288641902413619783e-03
1.023529322387265773e-02
8.361034960974277411e-03
8.519734375243956728e-03
7.958917963298979895e-03
7.667450322333455200e-03
8.553591653593248245e-03
7.053066787591480077e-03
6.450875728130889795e-03
6.671020798575184874e-03
6.589002485704237300e-03
7.140575378710352708e-03
6.004512816614527779e-03
6.097212219986557907e-03
5.760670703452956329e-03
5.491733069423371943e-03
6.020975743138089718e-03
5.648910071940408534e-03
5.272975758427171818e-03
5.121974908079265053e-03
3.839965469498379282e-03
3.649483118431637568e-03
3.121712987086305065e-03
3.661938489788659715e-03
3.268173952495072483e-03
2.444280399859476757e-03
2.609241974387771848e-03
2.065702038684327866e-03
2.099995203738973509e-03
1.935034291987720000e-03
1.504559547823787567e-03
1.214767347955586496e-03
1.292308246256638820e-03
1.385849535913959889e-03
1.034616081063540567e-03
9.568700587681812581e-04
7.073353364651297544e-04
6.089378823488560220e-04
6.848263277880202839e-04
7.636807904323672166e-04
5.402962141372876599e-04
4.547507535234477077e-04
4.568884840079961919e-04
4.378363714077959440e-04
3.223882524211229075e-04
4.162060439719452993e-04
2.480691897990967539e-04
2.914908686701115259e-04
2.294852751133868540e-04
2.086892606955255717e-04
1.461313212353921014e-04
1.505432728696185277e-04
1.083285690775203064e-04
2.509426436406376787e-04
9.236175817514422699e-05
1.104711980974454772e-04
9.106551648502665902e-05
7.964420844326361101e-05
7.336737363214399985e-05
6.190024746574704535e-05
6.335717607584423624e-05
6.873217884050477505e-05
5.029030699480812960e-05
5.013852234932571292e-05
3.883272789761061159e-05
