2.895875192097367101e+00
2.913437419674958395e+00
2.923229655800033022e+00
2.912413508737272672e+00
2.917965349013756704e+00
2.895989238063068960e+00
2.896116510522316556e+00
2.898706235186472302e+00
2.914791409990169946e+00
2.893288092817237089e+00
2.900680829437029207e+00
2.889761439739323201e+00
2.866991667050912795e+00
2.908710636565749574e+00
2.888552146511766949e+00
2.869492840523382604e+00
2.851482535636336912e+00
2.882581419265472622e+00
2.879336439003643999e+00
2.853622198994371750e+00
2.867108522724706177e+00
2.863490986985266940e+00
2.861598547125099756e+00
2.836121734903971348e+00
2.847893100726515137e+00
2.844389682509219419e+00
2.852965952624279211e+00
2.851900775139245781e+00
2.817689877796196285e+00
2.840366811480854459e+00
2.812444215302255301e+00
2.809730177893385417e+00
2.781838952688555633e+00
2.788262945670985093e+00
2.788775356189289845e+00
2.784564310225096762e+00
2.785836581253875455e+00
2.772957736701378906e+00
2.765882797402152260e+00
2.742210145918460018e+00
2.752603469510899181e+00
2.741355896211822518e+00
2.713725770226966816e+00
2.672693354931423126e+00
2.712172678187886099e+00
2.698838835857596319e+00
2.708016886211391583e+00
2.677436345199372347e+00
2.672459943613666233e+00
2.648555108273308090e+00
2.632068923992435305e+00
2.632171643735263800e+00
2.609975595450359176e+00
2.594584148497121046e+00
2.582579030002890352e+00
2.558881487814746780e+00
2.545479133820371498e+00
2.513847236797946749e+00
2.495227451356589299e+00
2.487150520493081274e+00
2.452265516020471825e+00
2.445261186229707118e+00
2.419053014926994205e+00
2.395151687580979516e+00
2.352328414070369522e+00
2.338152610151783772e+00
2.308805733422250039e+00
2.278987856207222329e+00
2.252375575142305131e+00
2.218770882178076498e+00
2.184157786679173263e+00
2.137826219511255843e+00
2.106095998565289396e+00
2.086811781022862355e+00
2.038322754038949025e+00
2.001433543478800203e+00
1.968715020679040251e+00
1.924808262304118278e+00
1.865548689710265995e+00
1.832315812385280296e+00
1.801469719458687946e+00
1.764518131053659733e+00
1.722069177270522555e+00
1.681050832788500982e+00
1.643222361750758198e+00
1.606702497345326996e+00
1.561347666518264621e+00
1.522275294009130198e+00
1.482878282451145502e+00
1.457973883844686513e+00
1.418678297485273410e+00
1.394205478611883819e+00
1.362028407654764406e+00
1.327837074413805052e+00
1.299061552857803559e+00
1.279009016206755556e+00
1.255705076983356872e+00
1.235326134717338986e+00
1.216854273365718830e+00
1.197006828245033683e+00
1.178259463018174635e+00
1.161694668265738306e+00
1.148142705707804856e+00
1.134326085698126318e+00
1.120749016696227285e+00
1.109589730700540677e+00
1.099756652749904084e+00
1.091358165614387810e+00
1.083085904511647879e+00
1.077145010661370694e+00
1.070394882150152993e+00
1.063775736261586280e+00
1.057447075408819215e+00
1.052050966974064083e+00
1.048453102350799693e+00
1.043991302751673622e+00
1.040746947254717281e+00
1.037494220117715749e+00
1.034428812007293974e+00
1.031803609349535522e+00
1.029632554622157636e+00
1.027555328863476003e+00
1.025658130259191614e+00
1.023548636913817811e+00
1.022201121274930902e+00
1.021034086296675580e+00
1.019301126012434944e+00
1.017872400969035862e+00
1.017196973615020594e+00
1.015742358072020624e+00
1.015100652540413151e+00
1.014223715341309173e+00
1.013250445040509318e+00
1.012478809481034858e+00
1.012176799730250432e+00
1.011543556657368725e+00
1.010633386983799564e+00
1.010111788873268690e+00
1.009734728382092550e+00
1.009141272663730771e+00
1.008759600433960735e+00
