1.577020236474431861e-02
1.520931430785169534e-02
1.632383773329570964e-02
2.152455068495641791e-02
1.716538806002530088e-02
2.000874780562627089e-02
1.558775080072419099e-02
1.704282688049599606e-02
1.791047019048533709e-02
1.686260002145962070e-02
1.791040210806111449e-02
1.535841521813318018e-02
1.603854495878622236e-02
1.665022117700712054e-02
1.720472720330411265e-02
1.784009856296408722e-02
1.586440991969247441e-02
1.763990666970685628e-02
1.738790437438247904e-02
1.646474956607706097e-02
1.558435074089145958e-02
1.621558877427277043e-02
1.570590308003182167e-02
1.605267219153234601e-02
1.698764202514080682e-02
1.314485478343592993e-02
1.767403841243266396e-02
1.383586840707776502e-02
1.642972701327116702e-02
1.582019349123044843e-02
1.700650723041285950e-02
1.417703730427533407e-02
1.441075270536518182e-02
1.565857629471540183e-02
1.383175556171040155e-02
1.520471902976310886e-02
1.400118346569655288e-02
1.384554078325539103e-02
1.422715780651513488e-02
1.448374016708480448e-02
1.674006179436307931e-02
1.614514670405437294e-02
1.416857522851821920e-02
1.503905641726232569e-02
1.372252207611442815e-02
1.532948919161167094e-02
1.520191485430827383e-02
1.266239070270742950e-02
1.452066075641128898e-02
1.409608938092676324e-02
1.407730046973766982e-02
1.520769413658703759e-02
1.378641054836203875e-02
1.585119250203631536e-02
1.269368863952909446e-02
1.338204096977315370e-02
1.371493261313213100e-02
1.361610797580886656e-02
1.361181080563211160e-02
1.284296882157903545e-02
1.160475654903032547e-02
1.236480788592050732e-02
1.285818591088091871e-02
1.259919875404367021e-02
1.198370823085611811e-02
1.098434743446546728e-02
1.141108552617991177e-02
1.022912855965256093e-02
1.098875669917529982e-02
1.099656638704049443e-02
1.545190517532911076e-02
1.141591858289826324e-02
1.095166067102882647e-02
1.032145640996045589e-02
1.096404669232821545e-02
1.258091077551121671e-02
1.018847582251105124e-02
1.020739020282089918e-02
1.028103573917240644e-02
1.253457655338147472e-02
9.207198573216153134e-03
9.390654818058242689e-03
9.209973754775653207e-03
1.416243056162470003e-02
1.018018322371047266e-02
9.922125513619284645e-03
9.417613838353773581e-03
8.772836951973724678e-03
8.848979252763934655e-03
8.146396549543391888e-03
8.723818584379440175e-03
8.610665259381481557e-03
7.206984556354258283e-03
7.713779832060644812e-03
6.100179676602168234e-03
6.613839702935029458e-03
5.812910537735481269e-03
6.381869201158734718e-03
4.258447854020410220e-03
3.804898223690780443e-03
3.328951234425063261e-03
3.340362614241609764e-03
2.961907744870655342e-03
2.653722688868531947e-03
2.536831374354688116e-03
2.336916074827187495e-03
1.807213388542101493e-03
1.645361307652947738e-03
1.368257714664232417e-03
1.012697249968547717e-03
1.083208128503079922e-03
9.128346603043287471e-04
7.531398368972828114e-04
5.576700533608210976e-04
5.842949330297680976e-04
4.497017274433087655e-04
4.204041167135558481e-04
4.223256878966966696e-04
2.868128808611241178e-04
3.022423532184255208e-04
2.930725460438396088e-04
2.733841990378265818e-04
2.255092224084676586e-04
1.812643985421512035e-04
2.030748260794097118e-04
8.598504652128493653e-05
9.001106200629048568e-05
7.265579295725663449e-05
6.485631300863359673e-05
6.362082333035421530e-05
5.586468523557216114e-05
6.164082259173187179e-05
5.666597062429662185e-05
4.929553826927259372e-05
4.403967911524754038e-05
4.575714399444026859e-05
4.164207221557933360e-05
3.473760551807260935e-05
3.552308672316186020e-05
3.322119891691345766e-05
3.001781183585816617e-05
