1.418556917923099146e-02
1.273867309836485343e-02
1.234819261880137388e-02
1.218827483421838949e-02
1.200708557442628152e-02
1.247865542059723581e-02
1.191962955169698427e-02
1.212144219848237774e-02
1.353751711373330988e-02
1.340102205843984352e-02
1.235074165622459391e-02
1.319881042229651899e-02
1.235948287023325327e-02
1.297645897195380885e-02
1.406142522966527704e-02
1.254935288274338853e-02
1.127592174849783614e-02
1.114412034989608995e-02
1.192178754972601437e-02
1.080364031035409983e-02
1.111269246932787384e-02
1.073226658290824843e-02
1.022131023524699110e-02
1.214043848541609440e-02
1.093804421208238731e-02
9.606705470190884597e-03
1.009396585483703958e-02
1.231310655936164282e-02
1.015677101040069093e-02
8.544134797495354580e-03
1.016327632101639462e-02
9.856533218713332822e-03
8.907021289403295808e-03
1.120049627315054287e-02
1.225524743989413537e-02
8.691918291945589098e-03
9.368709049188782625e-03
8.247358247122704017e-03
9.294042058809345169e-03
9.324739156079247041e-03
7.802180207013521482e-03
8.610526533490793499e-03
8.188102038325340351e-03
8.293103540568580803e-03
8.254992619709532881e-03
8.275243305833021937e-03
7.504510375176084470e-03
8.046786553071888851e-03
7.044715038329849716e-03
7.146967564410882344e-03
6.836066923712360091e-03
6.548042316013743397e-03
5.766317977620754286e-03
6.779947621296126235e-03
6.454700136043378667e-03
6.219135891519568873e-03
6.106086077345006420e-03
6.129470905181332377e-03
6.243225720526126427e-03
5.839123697694919082e-03
5.408658566008103449e-03
5.718402650129068669e-03
5.422639503283662940e-03
4.552871297240078906e-03
5.418161596299431171e-03
5.034829390007564652e-03
4.509968366852275604e-03
4.410544157414908115e-03
4.068457096129445699e-03
4.275033999014498862e-03
4.115118664201132537e-03
4.150932161647997477e-03
4.821857026281156644e-03
4.376702667826508179e-03
3.996989860703021279e-03
3.439364423107918803e-03
3.333863351194176882e-03
3.273659213385784680e-03
3.644396690473364082e-03
3.353614743465347433e-03
3.407891175194768547e-03
3.025441970758898855e-03
3.032551016410090818e-03
2.824018558680296657e-03
2.570795168889625660e-03
2.602835496456601914e-03
2.570342478699424917e-03
2.171981143041722042e-03
2.535728590376016851e-03
2.754494272987490378e-03
1.976953748328914070e-03
2.168605475781368828e-03
2.009559537139738242e-03
2.375734592358208497e-03
1.905910353547372177e-03
2.208730171189227185e-03
1.891780126075767255e-03
1.638818950957759372e-03
1.801369662193787148e-03
1.513766460337501564e-03
1.646236492056817090e-03
1.380606033716566582e-03
1.287130174563136777e-03
1.194954975922356624e-03
1.237002395061819263e-03
1.038735204589026108e-03
1.049744574473931340e-03
9.798924461431738394e-04
1.020051572361749693e-03
1.012183887247716536e-03
1.020459056091891584e-03
7.651343601045426440e-04
8.129413910428987672e-04
7.674998766816257777e-04
7.817934836662470549e-04
9.002396793911979743e-04
6.573238178605059039e-04
6.045708051061474608e-04
6.112895334910232710e-04
5.817550547104507856e-04
5.465247383739232565e-04
4.997953249091411851e-04
5.361759699447347276e-04
4.863907156103108192e-04
4.487711908937688809e-04
4.202898140780887541e-04
3.907533688596804612e-04
4.157937874743512655e-04
3.564089645698228386e-04
3.527648473161233375e-04
3.309366616544555536e-04
2.874136134180441506e-04
2.980803801275851627e-04
3.210560583571644348e-04
2.844912945708660151e-04
2.537286327448908191e-04
2.440067007027685482e-04
2.408431672181377177e-04
2.321075393557977954e-04
2.475014533527452243e-04
2.164743805949915047e-04
