2.822177187632438855e+00
2.803166295638463534e+00
2.814528234089475500e+00
2.797885091548091729e+00
2.784970626838870977e+00
2.770361922789108977e+00
2.772104256272282186e+00
2.769674270710659858e+00
2.762842861698240338e+00
2.775021303296572484e+00
2.755771366643235076e+00
2.753028394382023514e+00
2.743040376892738053e+00
2.748535238956183235e+00
2.742648458363310837e+00
2.708918323960769925e+00
2.732513356027229889e+00
2.743800970572045195e+00
2.709190039341070388e+00
2.705393195389452554e+00
2.683051964801452360e+00
2.687931308759515137e+00
2.673625203118197735e+00
2.656932781737616711e+00
2.654959610946042492e+00
2.664628010967187155e+00
2.651081088604398506e+00
2.632964952224228217e+00
2.613816138483118223e+00
2.608487307058281690e+00
2.599025484261501262e+00
2.579898096005667441e+00
2.585913448744629584e+00
2.560113154187551032e+00
2.547094141259476974e+00
2.536021298808392110e+00
2.520251198951545479e+00
2.514824301434583020e+00
2.504073296430329165e+00
2.495838644495538716e+00
2.470894797327524817e+00
2.446739804432014331e+00
2.430901822683670055e+00
2.420253759952254224e+00
2.410783865354625188e+00
2.396375561195504655e+00
2.365389355509786462e+00
2.361153188035595818e+00
2.321896598738656614e+00
2.320508137774775381e+00
2.284837792409655233e+00
2.273355894874713456e+00
2.253995634175159690e+00
2.234476963110936687e+00
2.207991124795392501e+00
2.170728486760151288e+00
2.162749000971624369e+00
2.135535236333308884e+00
2.105380137532952833e+00
2.087538990205016987e+00
2.064037812635372227e+00
2.045703951614323834e+00
2.009785313382620675e+00
1.989354380347125861e+00
1.962891174899705549e+00
1.930513998094464556e+00
1.903674029241644083e+00
1.882532476207844141e+00
1.853715059660495434e+00
1.820245830953090671e+00
1.791065137010446673e+00
1.774682709225875454e+00
1.739595435544381896e+00
1.711015612308689260e+00
1.681436932169955600e+00
1.662071680107549465e+00
1.631372592410228917e+00
1.605866130415619208e+00
1.582289247429494283e+00
1.555558958810601133e+00
1.533087733377006323e+00
1.510689164439298571e+00
1.483830666516319674e+00
1.458999550060212425e+00
1.433087672250107136e+00
1.413547099048798827e+00
1.398077343829782215e+00
1.375488709078619864e+00
1.355007882975968636e+00
1.335394890623301745e+00
1.315609278290873707e+00
1.298705694659179066e+00
1.282130075396892943e+00
1.266176455980817517e+00
1.249667471746822356e+00
1.236542215759810937e+00
1.222879463992976312e+00
1.208702876609966781e+00
1.196473256259438234e+00
1.186752268745303596e+00
1.174642899875737445e+00
1.161746101093620309e+00
1.153076414866467836e+00
1.141087043431244563e+00
1.134695339359024002e+00
1.125252034737783235e+00
1.119777560057720889e+00
1.112326938132617737e+00
1.105346447651092134e+00
1.098697457226891494e+00
1.091855867955769277e+00
1.087843007199462253e+00
1.081066842480036261e+00
1.077302023767656269e+00
1.071053286471503663e+00
1.067763003711530212e+00
1.063617620986092360e+00
1.059927433916400652e+00
1.057063646929953693e+00
1.053314693909586319e+00
1.049671069988692418e+00
1.047354736039512790e+00
1.044697307831060185e+00
1.042004762278152086e+00
1.040020719687486883e+00
1.037242622173880635e+00
1.035194520072197699e+00
1.034020950953188578e+00
1.032663472246917902e+00
1.030219045638080644e+00
1.028559975889951073e+00
1.028103950507779141e+00
1.025868129884097923e+00
1.024767680239424328e+00
1.023851780721913629e+00
1.022503069062647763e+00
1.021403629064149277e+00
1.020928593215505442e+00
1.019703524017827379e+00
1.018881418209376388e+00
1.017897990524404772e+00
