2.328862831094955954e+00
2.311392182107782745e+00
2.296343335120184737e+00
2.285457381399124355e+00
2.269855258937215403e+00
2.267150047070300989e+00
2.251742297566133200e+00
2.237203975464733041e+00
2.243668272861065738e+00
2.221183112961179429e+00
2.215863117490503686e+00
2.191245659264211554e+00
2.180680918357098985e+00
2.171148397918641670e+00
2.155429094502449239e+00
2.135417835346269388e+00
2.129144799634937080e+00
2.120204389048855553e+00
2.105236031068818736e+00
2.080829697020608826e+00
2.082466770075091400e+00
2.057322355003090575e+00
2.048918538827753100e+00
2.045292809315875093e+00
2.021635041490050799e+00
2.010789020053020515e+00
1.995430899780990419e+00
1.977460973933602872e+00
1.975346665569597482e+00
1.950547172240465255e+00
1.947307576106197313e+00
1.930956778649213001e+00
1.912201088534062343e+00
1.898100959161406420e+00
1.887884174641546009e+00
1.873944321105144528e+00
1.855452595396270166e+00
1.833715684695353731e+00
1.828706923484413105e+00
1.814573180050164769e+00
1.807213728800081354e+00
1.785875066512571774e+00
1.768258709764188197e+00
1.754375194563908558e+00
1.737095171636428903e+00
1.731081667591266138e+00
1.715567320001506024e+00
1.700278579171267568e+00
1.688703102423627200e+00
1.671452942970635069e+00
1.657058896135555681e+00
1.643853278758842018e+00
1.631043327254360298e+00
1.618807209373312572e+00
1.606535017704490143e+00
1.584984858575761768e+00
1.581131395608488921e+00
1.558934842636853446e+00
1.553061918264090346e+00
1.540582903116924252e+00
1.524450721338026282e+00
1.517192783869153905e+00
1.499284687368106272e+00
1.491257781677897132e+00
1.479019892819883220e+00
1.464762182969340243e+00
1.448840695093034814e+00
1.439820715767369474e+00
1.430506136137929207e+00
1.420331651582951382e+00
1.407661561854467003e+00
1.399050812921621700e+00
1.388266149390404269e+00
1.373795031284797297e+00
1.367490617245165074e+00
1.354165619972717005e+00
1.342033081275223250e+00
1.334693028445236962e+00
1.327066420722850193e+00
1.317006916464604771e+00
1.310908699957849644e+00
1.299744296725211745e+00
1.290751549485204208e+00
1.283027259532293574e+00
1.272905914520273685e+00
1.265111349283165154e+00
1.258559101845355466e+00
1.251602735396183608e+00
1.242270379619114573e+00
1.235775499321284387e+00
1.227897769750592172e+00
1.221499664560195209e+00
1.214320509180619290e+00
1.208430310128299379e+00
1.200266735253930683e+00
1.195290955251412379e+00
1.187879135016518095e+00
1.183772462148554805e+00
1.180198113376023983e+00
1.172468471601011419e+00
1.165361283384746205e+00
1.161192617744539080e+00
1.155863967123585523e+00
1.150431095349666588e+00
1.146849076442491455e+00
1.140787836454374871e+00
1.138307900350583823e+00
1.134144633822641079e+00
1.127574658545319908e+00
1.124993574013591457e+00
1.121416385620053191e+00
1.115773014156112186e+00
1.112452604312777371e+00
1.110280893751732334e+00
1.106398839120201094e+00
1.103100366185894909e+00
1.099687816324197653e+00
1.096147922600429814e+00
1.094144908559291141e+00
1.090517646259376416e+00
1.087514737470529624e+00
1.084874552012325299e+00
1.082435755806381961e+00
1.079971354175127907e+00
1.076753766495219811e+00
1.074240548336635959e+00
1.071060228322214369e+00
1.069389190036846848e+00
1.068196121668318677e+00
1.066187383794517940e+00
1.063447515679609046e+00
1.061305293424583462e+00
1.060214947254719098e+00
1.057862695117047780e+00
1.056749716117154181e+00
1.054718228833762872e+00
1.053631116087225150e+00
1.051816794217110163e+00
1.049900717421515584e+00
1.048212606014521597e+00
1.047327635726374551e+00
