1.358991999999999978e-01
1.381510000000000515e-01
1.400590000000000168e-01
1.435980000000000034e-01
1.458694000000000102e-01
1.489984000000000308e-01
1.524160000000000237e-01
1.562448000000000170e-01
1.588316000000000172e-01
1.622368000000000143e-01
1.663396000000000041e-01
1.700762000000000385e-01
1.744156000000000595e-01
1.788366000000000400e-01
1.831174000000000135e-01
1.885555999999999899e-01
1.936568000000000456e-01
1.994511999999999952e-01
2.057231999999999950e-01
2.125460000000000127e-01
2.182250000000000023e-01
2.192646000000000317e-01
2.210000000000000020e-01
2.224428000000000238e-01
2.235002000000000100e-01
2.248506000000000393e-01
2.272392000000000301e-01
2.285688000000000442e-01
2.297622000000000553e-01
2.316292000000000628e-01
2.322612000000000287e-01
2.347874000000000072e-01
2.363644000000000300e-01
2.377556000000000391e-01
2.392229999999999912e-01
2.419053999999999649e-01
2.419480000000000242e-01
2.447020000000000028e-01
2.466712000000000349e-01
2.480563999999999825e-01
2.497780000000000555e-01
2.512606000000000561e-01
2.534986000000000184e-01
2.558353999999999906e-01
2.575086000000000319e-01
2.599516000000000604e-01
2.615694000000000075e-01
2.641772000000000009e-01
2.651216000000000128e-01
2.677405999999999953e-01
2.697200000000000153e-01
2.724894000000000482e-01
2.741060000000000718e-01
2.770473999999999437e-01
2.797182000000000279e-01
2.813756000000000035e-01
2.838124000000000202e-01
2.862380000000000480e-01
2.889818000000000664e-01
2.909941999999999807e-01
2.935387999999999886e-01
2.948788000000000520e-01
2.985015999999999781e-01
3.011560000000000348e-01
3.046828000000000314e-01
3.062873999999999874e-01
3.097016000000000213e-01
3.115690000000000404e-01
3.138503999999999738e-01
3.174778000000000322e-01
3.199792000000000747e-01
3.240364000000000022e-01
3.270190000000000041e-01
3.304655999999999705e-01
3.335386000000000184e-01
3.370362000000000080e-01
3.401199999999999779e-01
3.426684000000000396e-01
3.466329999999999689e-01
3.522935999999999845e-01
3.524722000000000133e-01
3.580981999999999776e-01
3.597544000000000297e-01
3.640477999999999770e-01
3.678026000000000351e-01
3.717608000000000024e-01
3.758261999999999436e-01
3.799245999999999457e-01
3.821789999999999909e-01
3.875736000000000181e-01
3.903739999999999988e-01
3.942847999999999353e-01
3.996019999999999572e-01
4.043025999999999565e-01
4.065150000000000152e-01
4.108762000000000247e-01
4.169053999999999816e-01
4.224218000000000695e-01
4.251136000000000914e-01
4.302384000000001318e-01
4.335674000000000472e-01
4.387607999999999508e-01
4.448242000000000584e-01
4.494030000000000524e-01
4.542524000000000561e-01
4.583157999999999399e-01
4.632940000000000391e-01
4.692081999999999087e-01
4.732901999999998832e-01
4.788873999999999076e-01
4.841736000000000928e-01
4.896919999999999051e-01
4.947536000000000156e-01
4.996220000000000661e-01
5.051151999999999864e-01
5.124216000000000326e-01
5.149358000000001656e-01
5.227940000000000920e-01
5.272337999999999747e-01
5.323400000000000354e-01
5.383401999999999354e-01
5.431063999999998781e-01
5.497431999999999874e-01
5.541021999999999892e-01
5.596372000000000568e-01
5.666900000000000270e-01
5.733334000000001041e-01
5.786533999999999844e-01
5.835392000000000357e-01
5.888617999999998798e-01
5.953216000000000063e-01
6.004066000000000125e-01
6.062246000000000024e-01
6.127742000000000466e-01
6.169538000000002187e-01
6.246506000000000558e-01
6.307806000000000246e-01
6.355997999999999371e-01
6.403517999999999155e-01
6.458244000000001872e-01
6.507691999999998256e-01
6.569712000000001995e-01
6.622449999999998616e-01
6.677100000000000257e-01
6.740536000000000305e-01
6.789084000000000785e-01
6.833346000000002363e-01
6.888066000000000466e-01
6.954832000000000791e-01
7.001220000000000221e-01
7.054318000000000533e-01
7.101722000000000312e-01
7.153606000000000131e-01
7.203553999999999791e-01
7.259691999999999812e-01
7.300970000000001070e-01
7.354253999999998959e-01
7.391750000000000265e-01
7.427618000000000276e-01
7.483139999999999237e-01
7.539143999999999846e-01
7.572903999999998081e-01
7.623525999999999359e-01
7.669982000000000744e-01
7.705634000000000094e-01
7.757009999999998628e-01
7.782918000000000891e-01
7.820214000000003107e-01
7.875683999999999463e-01
7.904000000000001025e-01
7.943295999999999690e-01
7.985675999999999330e-01
8.019777999999999629e-01
8.053689999999998905e-01
8.084023999999998544e-01
8.122025999999999968e-01
8.154702000000000339e-01
8.190754000000002311e-01
8.215763999999999845e-01
8.252397999999998568e-01
8.286449999999999649e-01
8.315792000000000739e-01
8.343193999999998223e-01
8.371691999999998357e-01
8.403903999999999819e-01
8.434472000000000635e-01
8.465667999999999527e-01
8.487713999999999537e-01
8.509434000000001275e-01
8.536409999999998721e-01
8.564084000000000696e-01
8.593379999999999352e-01
8.611395999999998940e-01
8.637646000000001045e-01
8.656098000000000958e-01
8.680183999999999678e-01
8.695275999999999561e-01
8.723725999999999425e-01
8.746340000000001336e-01
8.767484000000002053e-01
8.784619999999999651e-01
8.803915999999999409e-01
8.823922000000002930e-01
8.844274000000000857e-01
8.868624000000000507e-01
8.883766000000000718e-01
8.895497999999999461e-01
8.916946000000002259e-01
8.926789999999998892e-01
8.947245999999998700e-01
8.961843999999999921e-01
8.978437999999998587e-01
8.995084000000000968e-01
9.008693999999999313e-01
9.025172000000000194e-01
9.045683999999999392e-01
9.058940000000000881e-01
9.072841999999998741e-01
9.085328000000000293e-01
9.098469999999999613e-01
9.111696000000000240e-01
9.174892000000001158e-01
9.230176000000001046e-01
9.281949999999999923e-01
9.328493999999998287e-01
9.371956000000000175e-01
9.409416000000000446e-01
9.444736000000000242e-01
9.476426000000001126e-01
9.507443999999998230e-01
9.540222000000000424e-01
9.562365999999999921e-01
9.588378000000001844e-01
9.613091999999999748e-01
9.633734000000001574e-01
9.653751999999998779e-01
9.671311999999999687e-01
9.689475999999999090e-01
9.706650000000000000e-01
9.721810000000000729e-01
9.735920000000001240e-01
9.748666000000000276e-01
9.761724000000000512e-01
9.776350000000001428e-01
9.786616000000001314e-01
9.797684000000000948e-01
9.806785999999999559e-01
9.817920000000001091e-01
9.824834000000002288e-01
9.832918000000002712e-01
9.841488000000000458e-01
9.848836000000001922e-01
9.856400000000001826e-01
9.862910000000000288e-01
9.868999999999999995e-01
9.875835999999998949e-01
9.882212000000001328e-01
9.886185999999999030e-01
9.891748000000001317e-01
9.897932000000002617e-01
9.901868000000000336e-01
9.905670000000003084e-01
9.910455999999999710e-01
9.914674000000002207e-01
9.918052000000000534e-01
9.921791999999999279e-01
9.925675999999999943e-01
9.928882000000002206e-01
9.932621999999999840e-01
9.935203999999999702e-01
9.938502000000002390e-01
9.940372000000000652e-01
9.943379999999998331e-01
9.945241999999999694e-01
9.948072000000000026e-01
9.950372000000002881e-01
9.952474000000000043e-01
9.954686000000001478e-01
9.956622000000000527e-01
9.958492000000001010e-01
9.960245999999999267e-01
