1.198308045956400720e-03
1.151043145863105913e-03
1.307919395587159653e-03
1.353311558596169807e-03
1.440460120670431290e-03
1.471062572237603200e-03
1.743902582776466923e-03
1.818769168386226648e-03
1.716269330362700171e-03
1.824788775783593763e-03
2.001153980851633728e-03
2.154327767228263277e-03
2.393642690967119971e-03
2.389094269743135407e-03
2.730835435237321911e-03
2.668476860562872619e-03
2.702475846906809195e-03
2.884646370071385253e-03
3.297212918386834349e-03
3.671930755547517244e-03
3.678397370377972566e-03
3.506109357529509779e-03
3.717323798235780234e-03
3.533003382162909229e-03
3.734276836315523693e-03
3.694514003981772248e-03
3.959792357212927813e-03
3.845877328547415552e-03
3.928166509452146564e-03
3.986010738580111033e-03
4.310701517388980733e-03
3.962360105362622113e-03
4.170472170485941925e-03
4.220040473197975150e-03
4.026277217065058617e-03
4.338504783851835842e-03
4.232126512138080325e-03
4.679162623704898223e-03
4.613978213572194134e-03
4.672662900939689341e-03
4.643967504747444075e-03
4.465883554458018045e-03
4.398019094460883967e-03
4.626009942334655123e-03
4.328369773864358325e-03
4.905419395644108893e-03
5.001851945365612916e-03
4.758457955658856528e-03
5.425903294366961511e-03
4.924423663491221854e-03
5.228246770241527439e-03
5.041712834952622943e-03
5.082155176647270255e-03
5.397844010090884458e-03
5.333860794913027926e-03
4.925934613515607977e-03
5.216979378228730514e-03
5.615787465881705298e-03
6.091184086923185151e-03
5.843271888765438557e-03
6.139668806688711525e-03
5.641430960491994329e-03
5.812598121740479226e-03
5.552509346574332344e-03
6.198418594399420986e-03
6.173406714642250964e-03
6.062863133285023576e-03
5.834038025200541031e-03
5.848800441084369035e-03
6.084286209410064324e-03
5.971047105920871192e-03
6.117915158335241431e-03
6.306768886085837439e-03
6.158320892314412577e-03
6.755076409865504866e-03
6.719771363662144920e-03
6.484083638725257441e-03
6.477972020976097839e-03
6.482567611446591119e-03
6.667286035651524834e-03
6.924854428382378434e-03
7.124141866736063630e-03
7.408629218957795380e-03
6.853264411881578727e-03
6.469957164146855969e-03
7.033851457031278960e-03
7.643659081729001735e-03
6.678336913816672500e-03
7.269013941816880077e-03
7.270667555740108201e-03
7.274240691146481586e-03
7.960245843535405930e-03
7.411937818613746620e-03
6.953508788775731968e-03
7.285545236651432867e-03
7.161685368431814670e-03
7.459921907179988682e-03
7.943590614701971989e-03
7.423588239186715634e-03
7.764508670512816103e-03
7.506362671797826500e-03
7.399193107703540620e-03
7.559095784523671771e-03
8.245553483686968166e-03
8.269268595517059034e-03
8.646956421999078823e-03
8.118715736336275246e-03
7.572952123282975824e-03
8.207375676039928292e-03
8.638722920166317862e-03
8.456187710023255893e-03
8.170542480861768195e-03
8.538750403401294473e-03
8.291409881906429413e-03
8.866943512698940988e-03
9.415301000962418565e-03
8.967648046379389851e-03
9.025999174255401603e-03
9.759643328263898840e-03
8.606910776987677925e-03
8.844817191414611202e-03
1.013070128194590476e-02
9.424336732529530261e-03
9.681474704469433118e-03
9.348272847405419625e-03
9.468541072484638541e-03
9.698746094137313672e-03
1.020681358493871933e-02
1.041631408609886358e-02
1.033965713914289895e-02
1.084932222601601992e-02
1.071844309506829289e-02
1.043337303691313500e-02
1.145320526174607896e-02
1.098001901764964275e-02
1.164065207943132049e-02
1.224196721326493119e-02
1.077157018291418668e-02
1.130605562917622216e-02
1.238351997462221361e-02
1.124415442408884143e-02
1.246399146326074812e-02
1.345769456621178327e-02
1.246473268988404146e-02
1.143415770831592362e-02
1.166392476379878203e-02
1.250236295070832060e-02
1.187283185005858117e-02
1.230402070454391511e-02
1.154330413711058753e-02
1.267974114556225107e-02
1.257616052716384672e-02
1.250907655104662765e-02
1.268050439596744849e-02
1.244169304658431820e-02
1.249941516020052455e-02
1.315416560952173582e-02
1.235183611219803357e-02
1.208764526295088605e-02
1.392886905475162855e-02
1.259420745723974742e-02
1.245560546015861587e-02
1.275303247062489764e-02
1.191856444028408478e-02
1.188032167222613684e-02
1.274105851113909588e-02
1.248243131675073371e-02
1.221983027756193795e-02
1.227222659887453743e-02
1.191287378572566079e-02
1.197025364027188774e-02
1.186912490923370048e-02
1.220156574629074897e-02
1.247458302307597605e-02
1.204118413595860887e-02
1.186582483766557977e-02
1.141519825883679541e-02
1.128702203029227288e-02
1.155921884728859997e-02
1.104970856273618761e-02
1.095075258349699487e-02
1.022208995096021179e-02
1.001705889716034137e-02
1.084252404978762289e-02
1.079161929977280783e-02
1.005597331529551643e-02
9.786316845475623305e-03
1.049050078721931213e-02
9.790037948353411124e-03
1.057386352099186702e-02
9.989351698231225055e-03
9.160075637721627403e-03
9.507234622416409903e-03
9.565770364255519326e-03
9.461085409230726717e-03
8.972191143077425796e-03
9.661454954360246955e-03
8.588071837885482424e-03
8.569520941383218515e-03
8.020799661410499617e-03
8.200795057665926160e-03
8.555545888220800199e-03
7.921527600523442861e-03
7.857077045357549819e-03
7.186730210093988762e-03
7.720234834673920556e-03
7.644044832873081279e-03
7.746746395555573206e-03
7.190522011105067793e-03
7.122466594691920748e-03
6.846648541385136691e-03
6.595711725105229961e-03
6.618475924089189250e-03
6.133820781186902389e-03
6.265454497951314025e-03
5.780479243274516676e-03
6.075513475366108723e-03
5.738659453292976192e-03
5.703417353629764916e-03
5.647065376592872929e-03
5.662161284130908662e-03
4.907806560463172200e-03
4.649284612995241428e-03
3.870937699205502167e-03
3.533990596081575467e-03
3.412363480427055198e-03
2.840163156092220028e-03
2.666349731616442058e-03
2.461978996304789620e-03
2.100940338319662575e-03
1.815185496471030278e-03
2.314045761126251252e-03
1.799437515324403460e-03
1.349444527430227305e-03
1.385830812273807899e-03
1.064472838791047588e-03
1.122811081596228290e-03
1.059472197320352220e-03
1.031292932810100055e-03
8.774853331349900852e-04
1.003479668938198717e-03
6.986288160276885300e-04
7.294642316029817820e-04
6.086078762495247037e-04
5.079877138051281781e-04
5.543449010376231114e-04
4.434085613301411220e-04
3.939125284134697784e-04
4.353137484517915351e-04
4.314184621016865415e-04
3.957744894778237742e-04
3.819980273542157730e-04
3.305631931123598427e-04
3.394706816639222221e-04
3.560200280682978180e-04
2.644606278978789264e-04
2.700063677592572271e-04
2.512077917488174774e-04
2.722312952978814195e-04
2.493001858841282820e-04
2.114128531685602016e-04
2.178410120121068618e-04
1.862465626089903660e-04
1.940859225101831888e-04
1.849045773757375833e-04
1.791724471965053429e-04
1.833475704192382837e-04
1.784491889748728987e-04
1.633638587201068776e-04
1.456847736173814555e-04
1.858072679741184184e-04
1.459009699525656357e-04
1.311816309888135705e-04
1.458148877209878614e-04
1.391681342793031509e-04
1.605791172854963600e-04
1.201187302087356314e-04
1.027752299956900052e-04
1.068910799780776175e-04
1.128572846143872954e-04
1.013782963654152587e-04
