3.618266174215880194e-04
3.475185036509534646e-04
3.736762728524909588e-04
3.678882600228320678e-04
3.665712861674036275e-04
3.869705822556966093e-04
3.996901299757107126e-04
4.335379802965342753e-04
3.999125511024787991e-04
4.127436452165788704e-04
3.921624442791928522e-04
4.538765691509555615e-04
4.263463129542695686e-04
4.556209763796808328e-04
4.550812740155260648e-04
4.712087911366290597e-04
4.800961619837348622e-04
5.198910272607732558e-04
4.727110145926032838e-04
5.444600263183591417e-04
5.006441069000361994e-04
5.681392954108172846e-04
5.620004931878879893e-04
5.329325367163403838e-04
5.234303164334447355e-04
5.611859221255619586e-04
5.031285387101821875e-04
5.862645398683743667e-04
6.510433114391860933e-04
6.548651360086253951e-04
6.123623969975368168e-04
5.623330390004802927e-04
5.463412792292939761e-04
5.615697160494306219e-04
5.647197501111999186e-04
5.693530266801950356e-04
6.299272600976547464e-04
5.871601079773709504e-04
6.076686612942858341e-04
5.671923235935322867e-04
6.238938603430401212e-04
6.289772300000904441e-04
6.080003902045545737e-04
6.470109725421201337e-04
5.532120562385406002e-04
6.498422478936597855e-04
6.307582036843822210e-04
6.155508141198709916e-04
6.429954752216787868e-04
6.095892115750481790e-04
6.279711626139790944e-04
5.982131683538203593e-04
6.135395683402948249e-04
6.371337912047546131e-04
6.417356040607327975e-04
6.468390312586248846e-04
6.660697400438043763e-04
7.463922799518465543e-04
6.784109543230071792e-04
6.805313718148844979e-04
6.951977520159921672e-04
6.514715601938600876e-04
7.321359161116221866e-04
7.065541433884506067e-04
7.212225919698250342e-04
7.038167805773163374e-04
6.821950971723981898e-04
6.884413486193895725e-04
7.214319926256649576e-04
7.198000212601166460e-04
6.980644139303831099e-04
7.359708214763990191e-04
7.044852896328592830e-04
7.366435249786219223e-04
7.602955800837874530e-04
7.911664307919787434e-04
7.593310405451301039e-04
7.652440255252061828e-04
7.658756189440519982e-04
7.699390466652581127e-04
7.713467722461535368e-04
7.860836431681932123e-04
8.171587599886904812e-04
7.613454555103504363e-04
7.261189340318845945e-04
8.033055425848044861e-04
7.826298837337597458e-04
8.052213352786150458e-04
7.780627107233575998e-04
7.464639938003713674e-04
8.470944963708611393e-04
7.992796150473887402e-04
8.620466454252197729e-04
8.451289311714749999e-04
7.606915151068495071e-04
8.251620761542796580e-04
8.443269381997170865e-04
8.733758989950758840e-04
8.464461807015534857e-04
7.794608535534127856e-04
8.420877033908214350e-04
8.330437715008578818e-04
8.196821671572165251e-04
8.547040658838487995e-04
8.402498896125719201e-04
8.477623916087970992e-04
9.204823835820286895e-04
8.729955358072545753e-04
8.653197504560266673e-04
8.389463772223772773e-04
8.430655907862032086e-04
8.160968128744538249e-04
8.567678115411098442e-04
8.697342120510797572e-04
9.280777063948152800e-04
8.957590454238162792e-04
8.593336145848988082e-04
8.645522832686614425e-04
9.031969643147925043e-04
8.910348505830360463e-04
8.733524454883013956e-04
9.078397600141890813e-04
8.649983627590058458e-04
8.297804433935558263e-04
8.794768297439947789e-04
9.072505208261942003e-04
8.261650750597502061e-04
8.386506555295978639e-04
8.543022496384906862e-04
9.585742681058957888e-04
8.841683881307225035e-04
8.530249686683913455e-04
8.443679782697169171e-04
8.997531234912873894e-04
7.970592407776795054e-04
9.625976042044771808e-04
8.315294313103732812e-04
7.988388625620308726e-04
8.649831162806118166e-04
8.804675792928812542e-04
8.143675295168081993e-04
7.865346675978954509e-04
8.751657741239534305e-04
7.965435586788110383e-04
7.742081848905553107e-04
8.401799799369648325e-04
7.944235047409344257e-04
8.097175372319555904e-04
7.818583973063042512e-04
7.785657532263871297e-04
7.509957881736454514e-04
7.762128179588658698e-04
7.901598055348322191e-04
7.638676324356279525e-04
7.461055548877456147e-04
7.413618521084052717e-04
7.169072988098715120e-04
7.200353369863808032e-04
6.928332923247320328e-04
7.504930569036519011e-04
6.782082102723367830e-04
6.464553834909800636e-04
6.762712553944158923e-04
6.473426486830863823e-04
6.830737099584158114e-04
6.175686775009516958e-04
6.147715343527905985e-04
6.606732752016436679e-04
6.364446078589436340e-04
6.351364395692039649e-04
6.460348336575988740e-04
5.668740687794270126e-04
5.871794494897006247e-04
5.738718270122441633e-04
5.987809963415602907e-04
5.710524880791582056e-04
5.492983950164687925e-04
5.512968657317700739e-04
5.502503270881379995e-04
5.406424746521222178e-04
5.643015182676536365e-04
5.018352349470363901e-04
5.034764118334862475e-04
4.959829566801236388e-04
5.363051841116869920e-04
5.201795773838798105e-04
4.863996501984145754e-04
4.772714036175976552e-04
4.304776154154078350e-04
4.764200902013534080e-04
4.703357804373174754e-04
4.942644467174428860e-04
4.619194300115821487e-04
4.414783522427659108e-04
4.256093387560525845e-04
4.312951808286988537e-04
4.705734511994138320e-04
4.420917309447068132e-04
4.125963638112902215e-04
3.846865961698269615e-04
4.094124219123784639e-04
4.551272858922309991e-04
3.884545520262266960e-04
3.643379528887353159e-04
3.657526452937849906e-04
3.817983175405125266e-04
3.747063824253600833e-04
3.580379429077330811e-04
3.469139584183159736e-04
3.541266616978411231e-04
3.321520916992754522e-04
3.621513346041379177e-04
3.596056128144817601e-04
3.273728828542056307e-04
3.250309040100952127e-04
3.316338084835245546e-04
3.137995889806929613e-04
2.991085514314108652e-04
2.867956994662191651e-04
3.194186751022128718e-04
2.968288360573376303e-04
2.782766804546398355e-04
2.705104836445574646e-04
2.491759856451408891e-04
2.286652790486939490e-04
2.219268174944821856e-04
1.966168423686786247e-04
1.909566083134831016e-04
1.923784977589754967e-04
1.656346459024653358e-04
1.619228290940427140e-04
1.589670882779204667e-04
1.521721260396732248e-04
1.377379233592511735e-04
1.255419246001925071e-04
1.252705922264555911e-04
1.391251421119800414e-04
1.153853236470426044e-04
1.114302968068715967e-04
1.145053763459225136e-04
1.113510315092888965e-04
1.017064125785250873e-04
1.005758530772711009e-04
9.284086534921722194e-05
9.240127094758881295e-05
9.434213127406041442e-05
8.708850252891183819e-05
8.722108678409654851e-05
8.890835765331444522e-05
7.830574885046117696e-05
7.807855914385478623e-05
7.874123007126952799e-05
7.324729594759075957e-05
7.101608510354735012e-05
7.161237619463961285e-05
6.462803332076810640e-05
6.055694720299625503e-05
6.274277580051717412e-05
6.034191772179163711e-05
5.613153653643066957e-05
5.722915750459605288e-05
5.507732833907607619e-05
5.576149411791143310e-05
5.167435762895891108e-05
4.919665768396818003e-05
4.957532177699908101e-05
5.193246877562294393e-05
4.951498395802586403e-05
4.293611298171623073e-05
4.336657391738355866e-05
4.459033092636263213e-05
4.117600379941072379e-05
4.045473894402539720e-05
4.426307196064735395e-05
4.187864893193759912e-05
3.692173951055140196e-05
3.664751516376594506e-05
3.521814333837297090e-05
3.597322972106171512e-05
3.753272210062237179e-05
3.408744423604200934e-05
