-1.203400000000000070e+01
-1.178400000000000070e+01
-1.153400000000000070e+01
-1.128400000000000070e+01
-1.103400000000000070e+01
-1.078400000000000070e+01
-1.053400000000000070e+01
-1.028400000000000070e+01
-1.003400000000000070e+01
-9.784000000000000696e+00
-9.534000000000000696e+00
-9.284000000000000696e+00
-9.034000000000000696e+00
-8.784000000000000696e+00
-8.534000000000000696e+00
-8.283999999999998920e+00
-8.033999999999998920e+00
-7.784000000000002473e+00
-7.534000000000001585e+00
-7.284000000000001585e+00
-7.034000000000001585e+00
-6.984000000000001762e+00
-6.934000000000001052e+00
-6.884000000000001229e+00
-6.834000000000001407e+00
-6.784000000000000696e+00
-6.734000000000000874e+00
-6.684000000000001052e+00
-6.634000000000001229e+00
-6.584000000000001407e+00
-6.534000000000000696e+00
-6.484000000000000874e+00
-6.434000000000001052e+00
-6.384000000000000341e+00
-6.334000000000000519e+00
-6.284000000000000696e+00
-6.234000000000000874e+00
-6.184000000000001052e+00
-6.134000000000000341e+00
-6.084000000000000519e+00
-6.034000000000000696e+00
-5.983999999999999986e+00
-5.934000000000000163e+00
-5.884000000000000341e+00
-5.834000000000000519e+00
-5.784000000000000696e+00
-5.733999999999999986e+00
-5.684000000000000163e+00
-5.634000000000000341e+00
-5.583999999999999631e+00
-5.533999999999999808e+00
-5.483999999999999986e+00
-5.434000000000000163e+00
-5.384000000000000341e+00
-5.333999999999999631e+00
-5.283999999999999808e+00
-5.233999999999999986e+00
-5.183999999999999275e+00
-5.133999999999999453e+00
-5.083999999999999631e+00
-5.033999999999999808e+00
-4.983999999999999986e+00
-4.933999999999999275e+00
-4.883999999999999453e+00
-4.834000000000002295e+00
-4.784000000000002473e+00
-4.734000000000001762e+00
-4.684000000000001940e+00
-4.634000000000002117e+00
-4.584000000000002295e+00
-4.534000000000001585e+00
-4.484000000000001762e+00
-4.434000000000001940e+00
-4.384000000000002117e+00
-4.334000000000001407e+00
-4.284000000000001585e+00
-4.234000000000001762e+00
-4.184000000000001940e+00
-4.134000000000001229e+00
-4.084000000000001407e+00
-4.034000000000001585e+00
-3.984000000000001318e+00
-3.934000000000001496e+00
-3.884000000000001229e+00
-3.834000000000001407e+00
-3.784000000000001140e+00
-3.734000000000001318e+00
-3.684000000000001052e+00
-3.634000000000001229e+00
-3.584000000000000963e+00
-3.534000000000001140e+00
-3.484000000000000874e+00
-3.434000000000001052e+00
-3.384000000000000785e+00
-3.334000000000000963e+00
-3.284000000000000696e+00
-3.234000000000000874e+00
-3.184000000000000608e+00
-3.134000000000000785e+00
-3.084000000000000519e+00
-3.034000000000000696e+00
-2.984000000000000430e+00
-2.934000000000000608e+00
-2.884000000000000341e+00
-2.834000000000000519e+00
-2.784000000000000252e+00
-2.734000000000000430e+00
-2.684000000000000163e+00
-2.634000000000000341e+00
-2.584000000000000075e+00
-2.534000000000000252e+00
-2.483999999999999986e+00
-2.434000000000000163e+00
-2.383999999999999897e+00
-2.334000000000000075e+00
-2.283999999999999808e+00
-2.233999999999999986e+00
-2.183999999999999719e+00
-2.133999999999999897e+00
-2.083999999999999631e+00
-2.033999999999999808e+00
-1.983999999999999542e+00
-1.933999999999999719e+00
-1.883999999999999453e+00
-1.833999999999999631e+00
-1.783999999999999364e+00
-1.733999999999999542e+00
-1.684000000000002162e+00
-1.634000000000002117e+00
-1.584000000000002073e+00
-1.534000000000002029e+00
-1.484000000000001984e+00
-1.434000000000001940e+00
-1.384000000000001895e+00
-1.334000000000001851e+00
-1.284000000000001807e+00
-1.234000000000001762e+00
-1.184000000000001718e+00
-1.134000000000001673e+00
-1.084000000000001629e+00
-1.034000000000001585e+00
-9.840000000000015401e-01
-9.340000000000014957e-01
-8.840000000000014513e-01
-8.340000000000014069e-01
-7.840000000000013625e-01
-7.340000000000013181e-01
-6.840000000000012736e-01
-6.340000000000012292e-01
-5.840000000000011848e-01
-5.340000000000011404e-01
-4.840000000000010960e-01
-4.340000000000010516e-01
-3.840000000000010072e-01
-3.340000000000009628e-01
-2.840000000000009184e-01
-2.340000000000008740e-01
-1.840000000000008296e-01
-1.340000000000007851e-01
-8.400000000000074074e-02
-3.400000000000069633e-02
1.599999999999934808e-02
6.599999999999939249e-02
1.159999999999994369e-01
1.659999999999994813e-01
2.159999999999995257e-01
2.659999999999995701e-01
3.159999999999996145e-01
3.659999999999996589e-01
4.159999999999997033e-01
4.659999999999997478e-01
5.159999999999997922e-01
5.659999999999998366e-01
6.159999999999998810e-01
6.659999999999999254e-01
7.159999999999999698e-01
7.660000000000000142e-01
8.160000000000000586e-01
8.660000000000001030e-01
9.160000000000001474e-01
9.660000000000001918e-01
1.016000000000000236e+00
1.066000000000000281e+00
1.116000000000000325e+00
1.166000000000000369e+00
1.216000000000000414e+00
1.266000000000000458e+00
1.316000000000000503e+00
1.366000000000000547e+00
1.415999999999997705e+00
1.465999999999997971e+00
1.515999999999997794e+00
1.565999999999998060e+00
1.615999999999997883e+00
1.665999999999998149e+00
1.715999999999997971e+00
1.765999999999998238e+00
1.815999999999998060e+00
1.865999999999998327e+00
1.915999999999998149e+00
1.965999999999998415e+00
2.015999999999998238e+00
2.065999999999998504e+00
2.115999999999998327e+00
2.165999999999998593e+00
2.215999999999998415e+00
2.265999999999998682e+00
2.315999999999998504e+00
2.365999999999998771e+00
2.415999999999998593e+00
2.465999999999998860e+00
2.515999999999998682e+00
2.565999999999998948e+00
2.615999999999998771e+00
2.665999999999999037e+00
2.715999999999998860e+00
2.765999999999999126e+00
2.815999999999998948e+00
2.865999999999999215e+00
2.915999999999999037e+00
2.965999999999999304e+00
3.215999999999999304e+00
3.465999999999999748e+00
3.715999999999999748e+00
3.966000000000000192e+00
4.216000000000000192e+00
4.466000000000000192e+00
4.716000000000001080e+00
4.966000000000001080e+00
5.216000000000001080e+00
5.466000000000001080e+00
5.716000000000001968e+00
5.966000000000001968e+00
6.215999999999996639e+00
6.465999999999996639e+00
6.715999999999996639e+00
6.965999999999997527e+00
7.215999999999997527e+00
7.465999999999997527e+00
7.715999999999997527e+00
7.965999999999998415e+00
8.215999999999997527e+00
8.465999999999999304e+00
8.715999999999999304e+00
8.965999999999999304e+00
9.215999999999999304e+00
9.465999999999999304e+00
9.715999999999999304e+00
9.965999999999999304e+00
1.021599999999999930e+01
1.046600000000000108e+01
1.071600000000000108e+01
1.096600000000000108e+01
1.121600000000000108e+01
1.146600000000000108e+01
1.171600000000000108e+01
1.196600000000000108e+01
1.221600000000000108e+01
1.246599999999999575e+01
1.271599999999999753e+01
1.296599999999999753e+01
1.321599999999999753e+01
1.346599999999999753e+01
1.371599999999999753e+01
1.396599999999999753e+01
1.421599999999999753e+01
1.446599999999999753e+01
1.471599999999999930e+01
1.496599999999999930e+01
1.521599999999999930e+01
1.546599999999999930e+01
1.571599999999999930e+01
1.596599999999999930e+01
1.621600000000000108e+01
1.646600000000000108e+01
1.671600000000000108e+01
1.696600000000000108e+01
1.721600000000000108e+01
1.746600000000000108e+01
1.771600000000000108e+01
1.796600000000000108e+01
