-7.220
-7.070
-6.920
-6.770
-6.620
-6.470
-6.320
-6.170
-6.020
-5.870
-5.720
-5.570
-5.420
-5.270
-5.120
-4.970
-4.820
-4.670
-4.520
-4.370
-4.220
-4.190
-4.160
-4.130
-4.100
-4.070
-4.040
-4.010
-3.980
-3.950
-3.920
-3.890
-3.860
-3.830
-3.800
-3.770
-3.740
-3.710
-3.680
-3.650
-3.620
-3.590
-3.560
-3.530
-3.500
-3.470
-3.440
-3.410
-3.380
-3.350
-3.320
-3.290
-3.260
-3.230
-3.200
-3.170
-3.140
-3.110
-3.080
-3.050
-3.020
-2.990
-2.960
-2.930
-2.900
-2.870
-2.840
-2.810
-2.780
-2.750
-2.720
-2.690
-2.660
-2.630
-2.600
-2.570
-2.540
-2.510
-2.480
-2.450
-2.420
-2.390
-2.360
-2.330
-2.300
-2.270
-2.240
-2.210
-2.180
-2.150
-2.120
-2.090
-2.060
-2.030
-2.000
-1.970
-1.940
-1.910
-1.880
-1.850
-1.820
-1.790
-1.760
-1.730
-1.700
-1.670
-1.640
-1.610
-1.580
-1.550
-1.520
-1.490
-1.460
-1.430
-1.400
-1.370
-1.340
-1.310
-1.280
-1.250
-1.220
-1.190
-1.160
-1.130
-1.100
-1.070
-1.040
-1.010
-0.980
-0.950
-0.920
-0.890
-0.860
-0.830
-0.800
-0.770
-0.740
-0.710
-0.680
-0.650
-0.620
-0.590
-0.560
-0.530
-0.500
-0.470
-0.440
-0.410
-0.380
-0.350
-0.320
-0.290
-0.260
-0.230
-0.200
-0.170
-0.140
-0.110
-0.080
-0.050
-0.020
0.010
0.040
0.070
0.100
0.130
0.160
0.190
0.220
0.250
0.280
0.310
0.340
0.370
0.400
0.430
0.460
0.490
0.520
0.550
0.580
0.610
0.640
0.670
0.700
0.730
0.760
0.790
0.820
0.850
0.880
0.910
0.940
0.970
1.000
1.030
1.060
1.090
1.120
1.150
1.180
1.210
1.240
1.270
1.300
1.330
1.360
1.390
1.420
1.450
1.480
1.510
1.540
1.570
1.600
1.630
1.660
1.690
1.720
1.750
1.780
1.930
2.080
2.230
2.380
2.530
2.680
2.830
2.980
3.130
3.280
3.430
3.580
3.730
3.880
4.030
4.180
4.330
4.480
4.630
4.780
4.930
5.080
5.230
5.380
5.530
5.680
5.830
5.980
6.130
6.280
6.430
6.580
6.730
6.880
7.030
7.180
7.330
7.480
7.630
7.780
7.930
8.080
8.230
8.380
8.530
8.680
8.830
8.980
9.130
9.280
9.430
9.580
9.730
9.880
10.030
10.180
10.330
10.480
10.630
10.780
