-2.406800000000000050e+00
-2.356800000000000228e+00
-2.306800000000000406e+00
-2.256800000000000139e+00
-2.206800000000000317e+00
-2.156800000000000050e+00
-2.106800000000000228e+00
-2.056800000000000406e+00
-2.006800000000000139e+00
-1.956800000000000317e+00
-1.906800000000000050e+00
-1.856800000000000228e+00
-1.806799999999999962e+00
-1.756800000000000139e+00
-1.706799999999999873e+00
-1.656800000000000050e+00
-1.606799999999999784e+00
-1.556800000000000406e+00
-1.506800000000000361e+00
-1.456800000000000317e+00
-1.406800000000000272e+00
-1.396800000000000264e+00
-1.386800000000000255e+00
-1.376800000000000246e+00
-1.366800000000000237e+00
-1.356800000000000228e+00
-1.346800000000000219e+00
-1.336800000000000210e+00
-1.326800000000000201e+00
-1.316800000000000193e+00
-1.306800000000000184e+00
-1.296800000000000175e+00
-1.286800000000000166e+00
-1.276800000000000157e+00
-1.266800000000000148e+00
-1.256800000000000139e+00
-1.246800000000000130e+00
-1.236800000000000122e+00
-1.226800000000000113e+00
-1.216800000000000104e+00
-1.206800000000000095e+00
-1.196800000000000086e+00
-1.186800000000000077e+00
-1.176800000000000068e+00
-1.166800000000000059e+00
-1.156800000000000050e+00
-1.146800000000000042e+00
-1.136800000000000033e+00
-1.126800000000000024e+00
-1.116800000000000015e+00
-1.106800000000000006e+00
-1.096799999999999997e+00
-1.086799999999999988e+00
-1.076799999999999979e+00
-1.066799999999999971e+00
-1.056799999999999962e+00
-1.046799999999999953e+00
-1.036799999999999944e+00
-1.026799999999999935e+00
-1.016799999999999926e+00
-1.006799999999999917e+00
-9.967999999999999083e-01
-9.867999999999998995e-01
-9.767999999999998906e-01
-9.668000000000004368e-01
-9.568000000000004279e-01
-9.468000000000004190e-01
-9.368000000000004102e-01
-9.268000000000004013e-01
-9.168000000000003924e-01
-9.068000000000003835e-01
-8.968000000000003746e-01
-8.868000000000003658e-01
-8.768000000000003569e-01
-8.668000000000003480e-01
-8.568000000000003391e-01
-8.468000000000003302e-01
-8.368000000000003213e-01
-8.268000000000003125e-01
-8.168000000000003036e-01
-8.068000000000002947e-01
-7.968000000000002858e-01
-7.868000000000002769e-01
-7.768000000000002681e-01
-7.668000000000002592e-01
-7.568000000000002503e-01
-7.468000000000002414e-01
-7.368000000000002325e-01
-7.268000000000002236e-01
-7.168000000000002148e-01
-7.068000000000002059e-01
-6.968000000000001970e-01
-6.868000000000001881e-01
-6.768000000000001792e-01
-6.668000000000001704e-01
-6.568000000000001615e-01
-6.468000000000001526e-01
-6.368000000000001437e-01
-6.268000000000001348e-01
-6.168000000000001259e-01
-6.068000000000001171e-01
-5.968000000000001082e-01
-5.868000000000000993e-01
-5.768000000000000904e-01
-5.668000000000000815e-01
-5.568000000000000727e-01
-5.468000000000000638e-01
-5.368000000000000549e-01
-5.268000000000000460e-01
-5.168000000000000371e-01
-5.068000000000000282e-01
-4.968000000000000194e-01
-4.868000000000000105e-01
-4.768000000000000016e-01
-4.667999999999999927e-01
-4.567999999999999838e-01
-4.467999999999999750e-01
-4.367999999999999661e-01
-4.267999999999999572e-01
-4.167999999999999483e-01
-4.067999999999999394e-01
-3.967999999999999305e-01
-3.867999999999999217e-01
-3.767999999999999128e-01
-3.667999999999999039e-01
-3.567999999999998950e-01
-3.467999999999998861e-01
-3.368000000000004324e-01
-3.268000000000004235e-01
-3.168000000000004146e-01
-3.068000000000004057e-01
-2.968000000000003968e-01
-2.868000000000003880e-01
-2.768000000000003791e-01
-2.668000000000003702e-01
-2.568000000000003613e-01
-2.468000000000003524e-01
-2.368000000000003435e-01
-2.268000000000003347e-01
-2.168000000000003258e-01
-2.068000000000003169e-01
-1.968000000000003080e-01
-1.868000000000002991e-01
-1.768000000000002903e-01
-1.668000000000002814e-01
-1.568000000000002725e-01
-1.468000000000002636e-01
-1.368000000000002547e-01
-1.268000000000002458e-01
-1.168000000000002370e-01
-1.068000000000002281e-01
-9.680000000000021920e-02
-8.680000000000021032e-02
-7.680000000000020144e-02
-6.680000000000019256e-02
-5.680000000000018368e-02
-4.680000000000017479e-02
-3.680000000000016591e-02
-2.680000000000015703e-02
-1.680000000000014815e-02
-6.800000000000139266e-03
3.199999999999869615e-03
1.319999999999987850e-02
2.319999999999988738e-02
3.319999999999989626e-02
4.319999999999990514e-02
5.319999999999991402e-02
6.319999999999992291e-02
7.319999999999993179e-02
8.319999999999994067e-02
9.319999999999994955e-02
1.031999999999999584e-01
1.131999999999999673e-01
1.231999999999999762e-01
1.331999999999999851e-01
1.431999999999999940e-01
1.532000000000000028e-01
1.632000000000000117e-01
1.732000000000000206e-01
1.832000000000000295e-01
1.932000000000000384e-01
2.032000000000000473e-01
2.132000000000000561e-01
2.232000000000000650e-01
2.332000000000000739e-01
2.432000000000000828e-01
2.532000000000000917e-01
2.632000000000001005e-01
2.732000000000001094e-01
2.831999999999995632e-01
2.931999999999995721e-01
3.031999999999995810e-01
3.131999999999995898e-01
3.231999999999995987e-01
3.331999999999996076e-01
3.431999999999996165e-01
3.531999999999996254e-01
3.631999999999996342e-01
3.731999999999996431e-01
3.831999999999996520e-01
3.931999999999996609e-01
4.031999999999996698e-01
4.131999999999996787e-01
4.231999999999996875e-01
4.331999999999996964e-01
4.431999999999997053e-01
4.531999999999997142e-01
4.631999999999997231e-01
4.731999999999997319e-01
4.831999999999997408e-01
4.931999999999997497e-01
5.031999999999997586e-01
5.131999999999997675e-01
5.231999999999997764e-01
5.331999999999997852e-01
5.431999999999997941e-01
5.531999999999998030e-01
5.631999999999998119e-01
5.731999999999998208e-01
5.831999999999998296e-01
5.931999999999998385e-01
6.431999999999998829e-01
6.931999999999999273e-01
7.431999999999999718e-01
7.932000000000000162e-01
8.432000000000000606e-01
8.932000000000001050e-01
9.432000000000001494e-01
9.932000000000001938e-01
1.043200000000000127e+00
1.093200000000000394e+00
1.143200000000000216e+00
1.193200000000000482e+00
1.243199999999999417e+00
1.293199999999999239e+00
1.343199999999999505e+00
1.393199999999999328e+00
1.443199999999999594e+00
1.493199999999999417e+00
1.543199999999999683e+00
1.593199999999999505e+00
1.643199999999999772e+00
1.693199999999999594e+00
1.743199999999999861e+00
1.793199999999999683e+00
1.843199999999999950e+00
1.893199999999999772e+00
1.943200000000000038e+00
1.993199999999999861e+00
2.043200000000000127e+00
2.093199999999999950e+00
2.143200000000000216e+00
2.193200000000000038e+00
2.243200000000000305e+00
2.293200000000000127e+00
2.343200000000000394e+00
2.393200000000000216e+00
2.443200000000000482e+00
2.493199999999999417e+00
2.543199999999999239e+00
2.593199999999999505e+00
2.643199999999999328e+00
2.693199999999999594e+00
2.743199999999999417e+00
2.793199999999999683e+00
2.843199999999999505e+00
2.893199999999999772e+00
2.943199999999999594e+00
2.993199999999999861e+00
3.043199999999999683e+00
3.093199999999999950e+00
3.143199999999999772e+00
3.193200000000000038e+00
3.243199999999999861e+00
3.293200000000000127e+00
3.343199999999999950e+00
3.393200000000000216e+00
3.443200000000000038e+00
3.493200000000000305e+00
3.543200000000000127e+00
3.593200000000000394e+00
