-4.814
-4.714
-4.614
-4.514
-4.414
-4.314
-4.214
-4.114
-4.014
-3.914
-3.814
-3.714
-3.614
-3.514
-3.414
-3.314
-3.214
-3.114
-3.014
-2.914
-2.814
-2.794
-2.774
-2.754
-2.734
-2.714
-2.694
-2.674
-2.654
-2.634
-2.614
-2.594
-2.574
-2.554
-2.534
-2.514
-2.494
-2.474
-2.454
-2.434
-2.414
-2.394
-2.374
-2.354
-2.334
-2.314
-2.294
-2.274
-2.254
-2.234
-2.214
-2.194
-2.174
-2.154
-2.134
-2.114
-2.094
-2.074
-2.054
-2.034
-2.014
-1.994
-1.974
-1.954
-1.934
-1.914
-1.894
-1.874
-1.854
-1.834
-1.814
-1.794
-1.774
-1.754
-1.734
-1.714
-1.694
-1.674
-1.654
-1.634
-1.614
-1.594
-1.574
-1.554
-1.534
-1.514
-1.494
-1.474
-1.454
-1.434
-1.414
-1.394
-1.374
-1.354
-1.334
-1.314
-1.294
-1.274
-1.254
-1.234
-1.214
-1.194
-1.174
-1.154
-1.134
-1.114
-1.094
-1.074
-1.054
-1.034
-1.014
-0.994
-0.974
-0.954
-0.934
-0.914
-0.894
-0.874
-0.854
-0.834
-0.814
-0.794
-0.774
-0.754
-0.734
-0.714
-0.694
-0.674
-0.654
-0.634
-0.614
-0.594
-0.574
-0.554
-0.534
-0.514
-0.494
-0.474
-0.454
-0.434
-0.414
-0.394
-0.374
-0.354
-0.334
-0.314
-0.294
-0.274
-0.254
-0.234
-0.214
-0.194
-0.174
-0.154
-0.134
-0.114
-0.094
-0.074
-0.054
-0.034
-0.014
0.006
0.026
0.046
0.066
0.086
0.106
0.126
0.146
0.166
0.186
0.206
0.226
0.246
0.266
0.286
0.306
0.326
0.346
0.366
0.386
0.406
0.426
0.446
0.466
0.486
0.506
0.526
0.546
0.566
0.586
0.606
0.626
0.646
0.666
0.686
0.706
0.726
0.746
0.766
0.786
0.806
0.826
0.846
0.866
0.886
0.906
0.926
0.946
0.966
0.986
1.006
1.026
1.046
1.066
1.086
1.106
1.126
1.146
1.166
1.186
1.286
1.386
1.486
1.586
1.686
1.786
1.886
1.986
2.086
2.186
2.286
2.386
2.486
2.586
2.686
2.786
2.886
2.986
3.086
3.186
3.286
3.386
3.486
3.586
3.686
3.786
3.886
3.986
4.086
4.186
4.286
4.386
4.486
4.586
4.686
4.786
4.886
4.986
5.086
5.186
5.286
5.386
5.486
5.586
5.686
5.786
5.886
5.986
6.086
6.186
6.286
6.386
6.486
6.586
6.686
6.786
6.886
6.986
7.086
7.186
