-2.407
-2.357
-2.307
-2.257
-2.207
-2.157
-2.107
-2.057
-2.007
-1.957
-1.907
-1.857
-1.807
-1.757
-1.707
-1.657
-1.607
-1.557
-1.507
-1.457
-1.407
-1.397
-1.387
-1.377
-1.367
-1.357
-1.347
-1.337
-1.327
-1.317
-1.307
-1.297
-1.287
-1.277
-1.267
-1.257
-1.247
-1.237
-1.227
-1.217
-1.207
-1.197
-1.187
-1.177
-1.167
-1.157
-1.147
-1.137
-1.127
-1.117
-1.107
-1.097
-1.087
-1.077
-1.067
-1.057
-1.047
-1.037
-1.027
-1.017
-1.007
-0.997
-0.987
-0.977
-0.967
-0.957
-0.947
-0.937
-0.927
-0.917
-0.907
-0.897
-0.887
-0.877
-0.867
-0.857
-0.847
-0.837
-0.827
-0.817
-0.807
-0.797
-0.787
-0.777
-0.767
-0.757
-0.747
-0.737
-0.727
-0.717
-0.707
-0.697
-0.687
-0.677
-0.667
-0.657
-0.647
-0.637
-0.627
-0.617
-0.607
-0.597
-0.587
-0.577
-0.567
-0.557
-0.547
-0.537
-0.527
-0.517
-0.507
-0.497
-0.487
-0.477
-0.467
-0.457
-0.447
-0.437
-0.427
-0.417
-0.407
-0.397
-0.387
-0.377
-0.367
-0.357
-0.347
-0.337
-0.327
-0.317
-0.307
-0.297
-0.287
-0.277
-0.267
-0.257
-0.247
-0.237
-0.227
-0.217
-0.207
-0.197
-0.187
-0.177
-0.167
-0.157
-0.147
-0.137
-0.127
-0.117
-0.107
-0.097
-0.087
-0.077
-0.067
-0.057
-0.047
-0.037
-0.027
-0.017
-0.007
0.003
0.013
0.023
0.033
0.043
0.053
0.063
0.073
0.083
0.093
0.103
0.113
0.123
0.133
0.143
0.153
0.163
0.173
0.183
0.193
0.203
0.213
0.223
0.233
0.243
0.253
0.263
0.273
0.283
0.293
0.303
0.313
0.323
0.333
0.343
0.353
0.363
0.373
0.383
0.393
0.403
0.413
0.423
0.433
0.443
0.453
0.463
0.473
0.483
0.493
0.503
0.513
0.523
0.533
0.543
0.553
0.563
0.573
0.583
0.593
0.643
0.693
0.743
0.793
0.843
0.893
0.943
0.993
1.043
1.093
1.143
1.193
1.243
1.293
1.343
1.393
1.443
1.493
1.543
1.593
1.643
1.693
1.743
1.793
1.843
1.893
1.943
1.993
2.043
2.093
2.143
2.193
2.243
2.293
2.343
2.393
2.443
2.493
2.543
2.593
2.643
2.693
2.743
2.793
2.843
2.893
2.943
2.993
3.043
3.093
3.143
3.193
3.243
3.293
3.343
3.393
3.443
3.493
3.543
3.593
