-7.220399999999999707e+00
-7.070400000000001128e+00
-6.920400000000000773e+00
-6.770400000000000418e+00
-6.620400000000000063e+00
-6.470400000000000595e+00
-6.320400000000000240e+00
-6.170400000000000773e+00
-6.020400000000000418e+00
-5.870400000000000951e+00
-5.720400000000000595e+00
-5.570400000000000240e+00
-5.420399999999999885e+00
-5.270400000000000418e+00
-5.120400000000000063e+00
-4.970399999999999707e+00
-4.820399999999999352e+00
-4.670400000000000773e+00
-4.520400000000001306e+00
-4.370400000000000951e+00
-4.220400000000000595e+00
-4.190400000000000347e+00
-4.160400000000000986e+00
-4.130400000000000738e+00
-4.100400000000000489e+00
-4.070400000000001128e+00
-4.040400000000000880e+00
-4.010400000000000631e+00
-3.980400000000000382e+00
-3.950400000000000578e+00
-3.920400000000000773e+00
-3.890400000000000524e+00
-3.860400000000000276e+00
-3.830400000000000471e+00
-3.800400000000000666e+00
-3.770400000000000418e+00
-3.740400000000000169e+00
-3.710400000000000365e+00
-3.680400000000000560e+00
-3.650400000000000311e+00
-3.620400000000000063e+00
-3.590400000000000258e+00
-3.560400000000000453e+00
-3.530400000000000205e+00
-3.500399999999999956e+00
-3.470400000000000151e+00
-3.440400000000000347e+00
-3.410400000000000098e+00
-3.380399999999999849e+00
-3.350400000000000045e+00
-3.320400000000000240e+00
-3.290399999999999991e+00
-3.260399999999999743e+00
-3.230399999999999938e+00
-3.200400000000000134e+00
-3.170399999999999885e+00
-3.140399999999999636e+00
-3.110399999999999832e+00
-3.080400000000000027e+00
-3.050399999999999778e+00
-3.020399999999999530e+00
-2.990399999999999725e+00
-2.960399999999999920e+00
-2.930399999999999672e+00
-2.900400000000001199e+00
-2.870400000000001395e+00
-2.840400000000001146e+00
-2.810400000000001342e+00
-2.780400000000001093e+00
-2.750400000000001288e+00
-2.720400000000001040e+00
-2.690400000000001235e+00
-2.660400000000000986e+00
-2.630400000000001182e+00
-2.600400000000000933e+00
-2.570400000000001128e+00
-2.540400000000000880e+00
-2.510400000000001075e+00
-2.480400000000000826e+00
-2.450400000000001022e+00
-2.420400000000000773e+00
-2.390400000000000968e+00
-2.360400000000000720e+00
-2.330400000000000915e+00
-2.300400000000000666e+00
-2.270400000000000862e+00
-2.240400000000000613e+00
-2.210400000000000809e+00
-2.180400000000000560e+00
-2.150400000000000755e+00
-2.120400000000000507e+00
-2.090400000000000702e+00
-2.060400000000000453e+00
-2.030400000000000649e+00
-2.000400000000000400e+00
-1.970400000000000595e+00
-1.940400000000000347e+00
-1.910400000000000542e+00
-1.880400000000000293e+00
-1.850400000000000489e+00
-1.820400000000000240e+00
-1.790400000000000436e+00
-1.760400000000000187e+00
-1.730400000000000382e+00
-1.700400000000000134e+00
-1.670400000000000329e+00
-1.640400000000000080e+00
-1.610400000000000276e+00
-1.580400000000000027e+00
-1.550400000000000222e+00
-1.520399999999999974e+00
-1.490400000000000169e+00
-1.460399999999999920e+00
-1.430400000000000116e+00
-1.400399999999999867e+00
-1.370400000000000063e+00
-1.340399999999999814e+00
-1.310400000000000009e+00
-1.280399999999999761e+00
-1.250399999999999956e+00
-1.220399999999999707e+00
-1.190399999999999903e+00
-1.160399999999999654e+00
-1.130399999999999849e+00
-1.100399999999999601e+00
-1.070399999999999796e+00
-1.040399999999999547e+00
-1.010400000000001297e+00
-9.804000000000012705e-01
-9.504000000000012438e-01
-9.204000000000012172e-01
-8.904000000000011905e-01
-8.604000000000011639e-01
-8.304000000000011372e-01
-8.004000000000011106e-01
-7.704000000000010839e-01
-7.404000000000010573e-01
-7.104000000000010306e-01
-6.804000000000010040e-01
-6.504000000000009774e-01
-6.204000000000009507e-01
-5.904000000000009241e-01
-5.604000000000008974e-01
-5.304000000000008708e-01
-5.004000000000008441e-01
-4.704000000000008175e-01
-4.404000000000007908e-01
-4.104000000000007642e-01
-3.804000000000007375e-01
-3.504000000000007109e-01
-3.204000000000006843e-01
-2.904000000000006576e-01
-2.604000000000006310e-01
-2.304000000000006043e-01
-2.004000000000005777e-01
-1.704000000000005510e-01
-1.404000000000005244e-01
-1.104000000000004977e-01
-8.040000000000047109e-02
-5.040000000000044444e-02
-2.040000000000041780e-02
9.599999999999608846e-03
3.959999999999963549e-02
6.959999999999966214e-02
9.959999999999968878e-02
1.295999999999997154e-01
1.595999999999997421e-01
1.895999999999997687e-01
2.195999999999997954e-01
2.495999999999998220e-01
2.795999999999998487e-01
3.095999999999998753e-01
3.395999999999999019e-01
3.695999999999999286e-01
3.995999999999999552e-01
4.295999999999999819e-01
4.596000000000000085e-01
4.896000000000000352e-01
5.196000000000000618e-01
5.496000000000000885e-01
5.796000000000001151e-01
6.096000000000001418e-01
6.396000000000001684e-01
6.696000000000001950e-01
6.996000000000002217e-01
7.296000000000002483e-01
7.596000000000002750e-01
7.896000000000003016e-01
8.196000000000003283e-01
8.495999999999986896e-01
8.795999999999987162e-01
9.095999999999987429e-01
9.395999999999987695e-01
9.695999999999987962e-01
9.995999999999988228e-01
1.029599999999998960e+00
1.059599999999998765e+00
1.089599999999999014e+00
1.119599999999998818e+00
1.149599999999999067e+00
1.179599999999998872e+00
1.209599999999999120e+00
1.239599999999998925e+00
1.269599999999999174e+00
1.299599999999998978e+00
1.329599999999999227e+00
1.359599999999999032e+00
1.389599999999999280e+00
1.419599999999999085e+00
1.449599999999999334e+00
1.479599999999999138e+00
1.509599999999999387e+00
1.539599999999999191e+00
1.569599999999999440e+00
1.599599999999999245e+00
1.629599999999999493e+00
1.659599999999999298e+00
1.689599999999999547e+00
1.719599999999999351e+00
1.749599999999999600e+00
1.779599999999999405e+00
1.929599999999999760e+00
2.079599999999999671e+00
2.229600000000000026e+00
2.379599999999999937e+00
2.529600000000000293e+00
2.679600000000000204e+00
2.829600000000000559e+00
2.979600000000000470e+00
3.129600000000000826e+00
3.279600000000000737e+00
3.429600000000001092e+00
3.579600000000001003e+00
3.729599999999997806e+00
3.879599999999998161e+00
4.029599999999998516e+00
4.179599999999997983e+00
4.329599999999998339e+00
4.479599999999998694e+00
4.629599999999999049e+00
4.779599999999998516e+00
4.929599999999998872e+00
5.079599999999999227e+00
5.229599999999999582e+00
5.379599999999999049e+00
5.529599999999999405e+00
5.679599999999999760e+00
5.829600000000000115e+00
5.979599999999999582e+00
6.129599999999999937e+00
6.279600000000000293e+00
6.429600000000000648e+00
6.579600000000000115e+00
6.729600000000000470e+00
6.879600000000000826e+00
7.029600000000001181e+00
7.179600000000000648e+00
7.329600000000001003e+00
7.479599999999997806e+00
7.629599999999998161e+00
7.779599999999998516e+00
7.929599999999997983e+00
8.079599999999999227e+00
8.229599999999997806e+00
8.379599999999998161e+00
8.529599999999998516e+00
8.679599999999998872e+00
8.829599999999999227e+00
8.979599999999999582e+00
9.129599999999999937e+00
9.279600000000000293e+00
9.429599999999998872e+00
9.579599999999999227e+00
9.729599999999999582e+00
9.879599999999999937e+00
1.002960000000000029e+01
1.017960000000000065e+01
1.032960000000000100e+01
1.047960000000000136e+01
1.062959999999999994e+01
1.077960000000000029e+01
