-12.034
-11.784
-11.534
-11.284
-11.034
-10.784
-10.534
-10.284
-10.034
-9.784
-9.534
-9.284
-9.034
-8.784
-8.534
-8.284
-8.034
-7.784
-7.534
-7.284
-7.034
-6.984
-6.934
-6.884
-6.834
-6.784
-6.734
-6.684
-6.634
-6.584
-6.534
-6.484
-6.434
-6.384
-6.334
-6.284
-6.234
-6.184
-6.134
-6.084
-6.034
-5.984
-5.934
-5.884
-5.834
-5.784
-5.734
-5.684
-5.634
-5.584
-5.534
-5.484
-5.434
-5.384
-5.334
-5.284
-5.234
-5.184
-5.134
-5.084
-5.034
-4.984
-4.934
-4.884
-4.834
-4.784
-4.734
-4.684
-4.634
-4.584
-4.534
-4.484
-4.434
-4.384
-4.334
-4.284
-4.234
-4.184
-4.134
-4.084
-4.034
-3.984
-3.934
-3.884
-3.834
-3.784
-3.734
-3.684
-3.634
-3.584
-3.534
-3.484
-3.434
-3.384
-3.334
-3.284
-3.234
-3.184
-3.134
-3.084
-3.034
-2.984
-2.934
-2.884
-2.834
-2.784
-2.734
-2.684
-2.634
-2.584
-2.534
-2.484
-2.434
-2.384
-2.334
-2.284
-2.234
-2.184
-2.134
-2.084
-2.034
-1.984
-1.934
-1.884
-1.834
-1.784
-1.734
-1.684
-1.634
-1.584
-1.534
-1.484
-1.434
-1.384
-1.334
-1.284
-1.234
-1.184
-1.134
-1.084
-1.034
-0.984
-0.934
-0.884
-0.834
-0.784
-0.734
-0.684
-0.634
-0.584
-0.534
-0.484
-0.434
-0.384
-0.334
-0.284
-0.234
-0.184
-0.134
-0.084
-0.034
0.016
0.066
0.116
0.166
0.216
0.266
0.316
0.366
0.416
0.466
0.516
0.566
0.616
0.666
0.716
0.766
0.816
0.866
0.916
0.966
1.016
1.066
1.116
1.166
1.216
1.266
1.316
1.366
1.416
1.466
1.516
1.566
1.616
1.666
1.716
1.766
1.816
1.866
1.916
1.966
2.016
2.066
2.116
2.166
2.216
2.266
2.316
2.366
2.416
2.466
2.516
2.566
2.616
2.666
2.716
2.766
2.816
2.866
2.916
2.966
3.216
3.466
3.716
3.966
4.216
4.466
4.716
4.966
5.216
5.466
5.716
5.966
6.216
6.466
6.716
6.966
7.216
7.466
7.716
7.966
8.216
8.466
8.716
8.966
9.216
9.466
9.716
9.966
10.216
10.466
10.716
10.966
11.216
11.466
11.716
11.966
12.216
12.466
12.716
12.966
13.216
13.466
13.716
13.966
14.216
14.466
14.716
14.966
15.216
15.466
15.716
15.966
16.216
16.466
16.716
16.966
17.216
17.466
17.716
17.966
