-9.627
-9.427
-9.227
-9.027
-8.827
-8.627
-8.427
-8.227
-8.027
-7.827
-7.627
-7.427
-7.227
-7.027
-6.827
-6.627
-6.427
-6.227
-6.027
-5.827
-5.627
-5.587
-5.547
-5.507
-5.467
-5.427
-5.387
-5.347
-5.307
-5.267
-5.227
-5.187
-5.147
-5.107
-5.067
-5.027
-4.987
-4.947
-4.907
-4.867
-4.827
-4.787
-4.747
-4.707
-4.667
-4.627
-4.587
-4.547
-4.507
-4.467
-4.427
-4.387
-4.347
-4.307
-4.267
-4.227
-4.187
-4.147
-4.107
-4.067
-4.027
-3.987
-3.947
-3.907
-3.867
-3.827
-3.787
-3.747
-3.707
-3.667
-3.627
-3.587
-3.547
-3.507
-3.467
-3.427
-3.387
-3.347
-3.307
-3.267
-3.227
-3.187
-3.147
-3.107
-3.067
-3.027
-2.987
-2.947
-2.907
-2.867
-2.827
-2.787
-2.747
-2.707
-2.667
-2.627
-2.587
-2.547
-2.507
-2.467
-2.427
-2.387
-2.347
-2.307
-2.267
-2.227
-2.187
-2.147
-2.107
-2.067
-2.027
-1.987
-1.947
-1.907
-1.867
-1.827
-1.787
-1.747
-1.707
-1.667
-1.627
-1.587
-1.547
-1.507
-1.467
-1.427
-1.387
-1.347
-1.307
-1.267
-1.227
-1.187
-1.147
-1.107
-1.067
-1.027
-0.987
-0.947
-0.907
-0.867
-0.827
-0.787
-0.747
-0.707
-0.667
-0.627
-0.587
-0.547
-0.507
-0.467
-0.427
-0.387
-0.347
-0.307
-0.267
-0.227
-0.187
-0.147
-0.107
-0.067
-0.027
0.013
0.053
0.093
0.133
0.173
0.213
0.253
0.293
0.333
0.373
0.413
0.453
0.493
0.533
0.573
0.613
0.653
0.693
0.733
0.773
0.813
0.853
0.893
0.933
0.973
1.013
1.053
1.093
1.133
1.173
1.213
1.253
1.293
1.333
1.373
1.413
1.453
1.493
1.533
1.573
1.613
1.653
1.693
1.733
1.773
1.813
1.853
1.893
1.933
1.973
2.013
2.053
2.093
2.133
2.173
2.213
2.253
2.293
2.333
2.373
2.573
2.773
2.973
3.173
3.373
3.573
3.773
3.973
4.173
4.373
4.573
4.773
4.973
5.173
5.373
5.573
5.773
5.973
6.173
6.373
6.573
6.773
6.973
7.173
7.373
7.573
7.773
7.973
8.173
8.373
8.573
8.773
8.973
9.173
9.373
9.573
9.773
9.973
10.173
10.373
10.573
10.773
10.973
11.173
11.373
11.573
11.773
11.973
12.173
12.373
12.573
12.773
12.973
13.173
13.373
13.573
13.773
13.973
14.173
14.373
