-4.813600000000000101e+00
-4.713600000000000456e+00
-4.613600000000000811e+00
-4.513600000000000279e+00
-4.413600000000000634e+00
-4.313600000000000101e+00
-4.213600000000000456e+00
-4.113600000000000811e+00
-4.013600000000000279e+00
-3.913600000000000634e+00
-3.813600000000000101e+00
-3.713600000000000456e+00
-3.613599999999999923e+00
-3.513600000000000279e+00
-3.413599999999999746e+00
-3.313600000000000101e+00
-3.213599999999999568e+00
-3.113600000000000811e+00
-3.013600000000000723e+00
-2.913600000000000634e+00
-2.813600000000000545e+00
-2.793600000000000527e+00
-2.773600000000000509e+00
-2.753600000000000492e+00
-2.733600000000000474e+00
-2.713600000000000456e+00
-2.693600000000000438e+00
-2.673600000000000421e+00
-2.653600000000000403e+00
-2.633600000000000385e+00
-2.613600000000000367e+00
-2.593600000000000350e+00
-2.573600000000000332e+00
-2.553600000000000314e+00
-2.533600000000000296e+00
-2.513600000000000279e+00
-2.493600000000000261e+00
-2.473600000000000243e+00
-2.453600000000000225e+00
-2.433600000000000207e+00
-2.413600000000000190e+00
-2.393600000000000172e+00
-2.373600000000000154e+00
-2.353600000000000136e+00
-2.333600000000000119e+00
-2.313600000000000101e+00
-2.293600000000000083e+00
-2.273600000000000065e+00
-2.253600000000000048e+00
-2.233600000000000030e+00
-2.213600000000000012e+00
-2.193599999999999994e+00
-2.173599999999999977e+00
-2.153599999999999959e+00
-2.133599999999999941e+00
-2.113599999999999923e+00
-2.093599999999999905e+00
-2.073599999999999888e+00
-2.053599999999999870e+00
-2.033599999999999852e+00
-2.013599999999999834e+00
-1.993599999999999817e+00
-1.973599999999999799e+00
-1.953599999999999781e+00
-1.933600000000000874e+00
-1.913600000000000856e+00
-1.893600000000000838e+00
-1.873600000000000820e+00
-1.853600000000000803e+00
-1.833600000000000785e+00
-1.813600000000000767e+00
-1.793600000000000749e+00
-1.773600000000000732e+00
-1.753600000000000714e+00
-1.733600000000000696e+00
-1.713600000000000678e+00
-1.693600000000000660e+00
-1.673600000000000643e+00
-1.653600000000000625e+00
-1.633600000000000607e+00
-1.613600000000000589e+00
-1.593600000000000572e+00
-1.573600000000000554e+00
-1.553600000000000536e+00
-1.533600000000000518e+00
-1.513600000000000501e+00
-1.493600000000000483e+00
-1.473600000000000465e+00
-1.453600000000000447e+00
-1.433600000000000430e+00
-1.413600000000000412e+00
-1.393600000000000394e+00
-1.373600000000000376e+00
-1.353600000000000358e+00
-1.333600000000000341e+00
-1.313600000000000323e+00
-1.293600000000000305e+00
-1.273600000000000287e+00
-1.253600000000000270e+00
-1.233600000000000252e+00
-1.213600000000000234e+00
-1.193600000000000216e+00
-1.173600000000000199e+00
-1.153600000000000181e+00
-1.133600000000000163e+00
-1.113600000000000145e+00
-1.093600000000000128e+00
-1.073600000000000110e+00
-1.053600000000000092e+00
-1.033600000000000074e+00
-1.013600000000000056e+00
-9.936000000000000387e-01
-9.736000000000000210e-01
-9.536000000000000032e-01
-9.335999999999999854e-01
-9.135999999999999677e-01
-8.935999999999999499e-01
-8.735999999999999321e-01
-8.535999999999999144e-01
-8.335999999999998966e-01
-8.135999999999998789e-01
-7.935999999999998611e-01
-7.735999999999998433e-01
-7.535999999999998256e-01
-7.335999999999998078e-01
-7.135999999999997900e-01
-6.935999999999997723e-01
-6.736000000000008647e-01
-6.536000000000008470e-01
-6.336000000000008292e-01
-6.136000000000008114e-01
-5.936000000000007937e-01
-5.736000000000007759e-01
-5.536000000000007581e-01
-5.336000000000007404e-01
-5.136000000000007226e-01
-4.936000000000007049e-01
-4.736000000000006871e-01
-4.536000000000006693e-01
-4.336000000000006516e-01
-4.136000000000006338e-01
-3.936000000000006160e-01
-3.736000000000005983e-01
-3.536000000000005805e-01
-3.336000000000005627e-01
-3.136000000000005450e-01
-2.936000000000005272e-01
-2.736000000000005095e-01
-2.536000000000004917e-01
-2.336000000000004739e-01
-2.136000000000004562e-01
-1.936000000000004384e-01
-1.736000000000004206e-01
-1.536000000000004029e-01
-1.336000000000003851e-01
-1.136000000000003674e-01
-9.360000000000034959e-02
-7.360000000000033182e-02
-5.360000000000031406e-02
-3.360000000000029630e-02
-1.360000000000027853e-02
6.399999999999739231e-03
2.639999999999975699e-02
4.639999999999977476e-02
6.639999999999979252e-02
8.639999999999981029e-02
1.063999999999998280e-01
1.263999999999998458e-01
1.463999999999998636e-01
1.663999999999998813e-01
1.863999999999998991e-01
2.063999999999999169e-01
2.263999999999999346e-01
2.463999999999999524e-01
2.663999999999999702e-01
2.863999999999999879e-01
3.064000000000000057e-01
3.264000000000000234e-01
3.464000000000000412e-01
3.664000000000000590e-01
3.864000000000000767e-01
4.064000000000000945e-01
4.264000000000001123e-01
4.464000000000001300e-01
4.664000000000001478e-01
4.864000000000001656e-01
5.064000000000001833e-01
5.264000000000002011e-01
5.464000000000002188e-01
5.663999999999991264e-01
5.863999999999991442e-01
6.063999999999991619e-01
6.263999999999991797e-01
6.463999999999991974e-01
6.663999999999992152e-01
6.863999999999992330e-01
7.063999999999992507e-01
7.263999999999992685e-01
7.463999999999992863e-01
7.663999999999993040e-01
7.863999999999993218e-01
8.063999999999993396e-01
8.263999999999993573e-01
8.463999999999993751e-01
8.663999999999993928e-01
8.863999999999994106e-01
9.063999999999994284e-01
9.263999999999994461e-01
9.463999999999994639e-01
9.663999999999994817e-01
9.863999999999994994e-01
1.006399999999999517e+00
1.026399999999999535e+00
1.046399999999999553e+00
1.066399999999999570e+00
1.086399999999999588e+00
1.106399999999999606e+00
1.126399999999999624e+00
1.146399999999999642e+00
1.166399999999999659e+00
1.186399999999999677e+00
1.286399999999999766e+00
1.386399999999999855e+00
1.486399999999999944e+00
1.586400000000000032e+00
1.686400000000000121e+00
1.786400000000000210e+00
1.886400000000000299e+00
1.986400000000000388e+00
2.086400000000000254e+00
2.186400000000000787e+00
2.286400000000000432e+00
2.386400000000000965e+00
2.486399999999998833e+00
2.586399999999998478e+00
2.686399999999999011e+00
2.786399999999998656e+00
2.886399999999999189e+00
2.986399999999998833e+00
3.086399999999999366e+00
3.186399999999999011e+00
3.286399999999999544e+00
3.386399999999999189e+00
3.486399999999999721e+00
3.586399999999999366e+00
3.686399999999999899e+00
3.786399999999999544e+00
3.886400000000000077e+00
3.986399999999999721e+00
4.086400000000000254e+00
4.186399999999999899e+00
4.286400000000000432e+00
4.386400000000000077e+00
4.486400000000000610e+00
4.586400000000000254e+00
4.686400000000000787e+00
4.786400000000000432e+00
4.886400000000000965e+00
4.986399999999998833e+00
5.086399999999998478e+00
5.186399999999999011e+00
5.286399999999998656e+00
5.386399999999999189e+00
5.486399999999998833e+00
5.586399999999999366e+00
5.686399999999999011e+00
5.786399999999999544e+00
5.886399999999999189e+00
5.986399999999999721e+00
6.086399999999999366e+00
6.186399999999999899e+00
6.286399999999999544e+00
6.386400000000000077e+00
6.486399999999999721e+00
6.586400000000000254e+00
6.686399999999999899e+00
6.786400000000000432e+00
6.886400000000000077e+00
6.986400000000000610e+00
7.086400000000000254e+00
7.186400000000000787e+00
