-7.229999999999999538e+00
-7.080000000000000071e+00
-6.930000000000000604e+00
-6.780000000000000249e+00
-6.629999999999999893e+00
-6.479999999999999538e+00
-6.330000000000000071e+00
-6.180000000000000604e+00
-6.030000000000000249e+00
-5.879999999999999893e+00
-5.730000000000000426e+00
-5.580000000000000071e+00
-5.429999999999999716e+00
-5.279999999999999361e+00
-5.129999999999999893e+00
-4.979999999999999538e+00
-4.829999999999999183e+00
-4.680000000000000604e+00
-4.530000000000001137e+00
-4.380000000000000782e+00
-4.230000000000000426e+00
-4.200000000000000178e+00
-4.169999999999999929e+00
-4.140000000000000568e+00
-4.110000000000000320e+00
-4.080000000000000071e+00
-4.050000000000000711e+00
-4.020000000000000462e+00
-3.990000000000000213e+00
-3.959999999999999964e+00
-3.930000000000000160e+00
-3.900000000000000355e+00
-3.870000000000000107e+00
-3.839999999999999858e+00
-3.810000000000000053e+00
-3.780000000000000249e+00
-3.750000000000000000e+00
-3.719999999999999751e+00
-3.689999999999999947e+00
-3.660000000000000142e+00
-3.629999999999999893e+00
-3.599999999999999645e+00
-3.569999999999999840e+00
-3.540000000000000036e+00
-3.509999999999999787e+00
-3.479999999999999538e+00
-3.449999999999999734e+00
-3.419999999999999929e+00
-3.389999999999999680e+00
-3.359999999999999432e+00
-3.329999999999999627e+00
-3.299999999999999822e+00
-3.269999999999999574e+00
-3.239999999999999325e+00
-3.209999999999999520e+00
-3.179999999999999716e+00
-3.149999999999999467e+00
-3.119999999999999218e+00
-3.089999999999999414e+00
-3.059999999999999609e+00
-3.029999999999999361e+00
-2.999999999999999112e+00
-2.969999999999999307e+00
-2.939999999999999503e+00
-2.910000000000001030e+00
-2.880000000000000782e+00
-2.850000000000000977e+00
-2.820000000000000728e+00
-2.790000000000000924e+00
-2.760000000000000675e+00
-2.730000000000000870e+00
-2.700000000000000622e+00
-2.670000000000000817e+00
-2.640000000000000568e+00
-2.610000000000000764e+00
-2.580000000000000515e+00
-2.550000000000000711e+00
-2.520000000000000462e+00
-2.490000000000000657e+00
-2.460000000000000409e+00
-2.430000000000000604e+00
-2.400000000000000355e+00
-2.370000000000000551e+00
-2.340000000000000302e+00
-2.310000000000000497e+00
-2.280000000000000249e+00
-2.250000000000000444e+00
-2.220000000000000195e+00
-2.190000000000000391e+00
-2.160000000000000142e+00
-2.130000000000000338e+00
-2.100000000000000089e+00
-2.070000000000000284e+00
-2.040000000000000036e+00
-2.010000000000000231e+00
-1.979999999999999982e+00
-1.950000000000000178e+00
-1.919999999999999929e+00
-1.890000000000000124e+00
-1.859999999999999876e+00
-1.830000000000000071e+00
-1.799999999999999822e+00
-1.770000000000000018e+00
-1.739999999999999769e+00
-1.709999999999999964e+00
-1.679999999999999716e+00
-1.649999999999999911e+00
-1.619999999999999662e+00
-1.589999999999999858e+00
-1.559999999999999609e+00
-1.529999999999999805e+00
-1.499999999999999556e+00
-1.469999999999999751e+00
-1.439999999999999503e+00
-1.409999999999999698e+00
-1.379999999999999449e+00
-1.349999999999999645e+00
-1.319999999999999396e+00
-1.289999999999999591e+00
-1.259999999999999343e+00
-1.229999999999999538e+00
-1.199999999999999289e+00
-1.169999999999999485e+00
-1.139999999999999236e+00
-1.109999999999999432e+00
-1.079999999999999183e+00
-1.049999999999999378e+00
-1.020000000000000906e+00
-9.900000000000008793e-01
-9.600000000000008527e-01
-9.300000000000008260e-01
-9.000000000000007994e-01
-8.700000000000007727e-01
-8.400000000000007461e-01
-8.100000000000007194e-01
-7.800000000000006928e-01
-7.500000000000006661e-01
-7.200000000000006395e-01
-6.900000000000006128e-01
-6.600000000000005862e-01
-6.300000000000005596e-01
-6.000000000000005329e-01
-5.700000000000005063e-01
-5.400000000000004796e-01
-5.100000000000004530e-01
-4.800000000000004263e-01
-4.500000000000003997e-01
-4.200000000000003730e-01
-3.900000000000003464e-01
-3.600000000000003197e-01
-3.300000000000002931e-01
-3.000000000000002665e-01
-2.700000000000002398e-01
-2.400000000000002132e-01
-2.100000000000001865e-01
-1.800000000000001599e-01
-1.500000000000001332e-01
-1.200000000000001066e-01
-9.000000000000007994e-02
-6.000000000000005329e-02
-3.000000000000002665e-02
0.000000000000000000e+00
3.000000000000002665e-02
6.000000000000005329e-02
9.000000000000007994e-02
1.200000000000001066e-01
1.500000000000001332e-01
1.800000000000001599e-01
2.100000000000001865e-01
2.400000000000002132e-01
2.700000000000002398e-01
3.000000000000002665e-01
3.300000000000002931e-01
3.600000000000003197e-01
3.900000000000003464e-01
4.200000000000003730e-01
4.500000000000003997e-01
4.800000000000004263e-01
5.100000000000004530e-01
5.400000000000004796e-01
5.700000000000005063e-01
6.000000000000005329e-01
6.300000000000005596e-01
6.600000000000005862e-01
6.900000000000006128e-01
7.200000000000006395e-01
7.500000000000006661e-01
7.800000000000006928e-01
8.100000000000007194e-01
8.399999999999990807e-01
8.699999999999991074e-01
8.999999999999991340e-01
9.299999999999991607e-01
9.599999999999991873e-01
9.899999999999992140e-01
1.019999999999999130e+00
1.049999999999999378e+00
1.079999999999999183e+00
1.109999999999999432e+00
1.139999999999999236e+00
1.169999999999999485e+00
1.199999999999999289e+00
1.229999999999999538e+00
1.259999999999999343e+00
1.289999999999999591e+00
1.319999999999999396e+00
1.349999999999999645e+00
1.379999999999999449e+00
1.409999999999999698e+00
1.439999999999999503e+00
1.469999999999999751e+00
1.499999999999999556e+00
1.529999999999999805e+00
1.559999999999999609e+00
1.589999999999999858e+00
1.619999999999999662e+00
1.649999999999999911e+00
1.679999999999999716e+00
1.709999999999999964e+00
1.739999999999999769e+00
1.770000000000000018e+00
1.919999999999999929e+00
2.070000000000000284e+00
2.220000000000000195e+00
2.370000000000000551e+00
2.520000000000000462e+00
2.670000000000000817e+00
2.820000000000000728e+00
2.970000000000001084e+00
3.120000000000000995e+00
3.270000000000001350e+00
3.420000000000001261e+00
3.570000000000001616e+00
3.719999999999998419e+00
3.869999999999998330e+00
4.019999999999998685e+00
4.169999999999999041e+00
4.319999999999998508e+00
4.469999999999998863e+00
4.619999999999999218e+00
4.769999999999999574e+00
4.919999999999999041e+00
5.069999999999999396e+00
5.219999999999999751e+00
5.370000000000000107e+00
5.519999999999999574e+00
5.669999999999999929e+00
5.820000000000000284e+00
5.970000000000000639e+00
6.120000000000000107e+00
6.270000000000000462e+00
6.420000000000000817e+00
6.570000000000001172e+00
6.720000000000000639e+00
6.870000000000000995e+00
7.020000000000001350e+00
7.170000000000001705e+00
7.320000000000001172e+00
7.469999999999997975e+00
7.619999999999998330e+00
7.769999999999998685e+00
7.919999999999999041e+00
8.069999999999998508e+00
8.219999999999998863e+00
8.369999999999999218e+00
8.519999999999999574e+00
8.669999999999999929e+00
8.820000000000000284e+00
8.969999999999998863e+00
9.119999999999999218e+00
9.269999999999999574e+00
9.419999999999999929e+00
9.570000000000000284e+00
9.720000000000000639e+00
9.870000000000000995e+00
1.002000000000000135e+01
1.016999999999999993e+01
1.032000000000000028e+01
1.047000000000000064e+01
1.062000000000000099e+01
1.077000000000000135e+01
