-2.410000000000000142e+00
-2.360000000000000320e+00
-2.310000000000000053e+00
-2.260000000000000231e+00
-2.209999999999999964e+00
-2.160000000000000142e+00
-2.109999999999999876e+00
-2.060000000000000053e+00
-2.010000000000000231e+00
-1.959999999999999964e+00
-1.910000000000000142e+00
-1.859999999999999876e+00
-1.810000000000000053e+00
-1.759999999999999787e+00
-1.709999999999999964e+00
-1.659999999999999698e+00
-1.609999999999999876e+00
-1.560000000000000275e+00
-1.510000000000000231e+00
-1.460000000000000187e+00
-1.410000000000000142e+00
-1.400000000000000133e+00
-1.390000000000000124e+00
-1.380000000000000115e+00
-1.370000000000000107e+00
-1.360000000000000098e+00
-1.350000000000000089e+00
-1.340000000000000080e+00
-1.330000000000000071e+00
-1.320000000000000062e+00
-1.310000000000000053e+00
-1.300000000000000044e+00
-1.290000000000000036e+00
-1.280000000000000027e+00
-1.270000000000000018e+00
-1.260000000000000009e+00
-1.250000000000000000e+00
-1.239999999999999991e+00
-1.229999999999999982e+00
-1.219999999999999973e+00
-1.209999999999999964e+00
-1.199999999999999956e+00
-1.189999999999999947e+00
-1.179999999999999938e+00
-1.169999999999999929e+00
-1.159999999999999920e+00
-1.149999999999999911e+00
-1.139999999999999902e+00
-1.129999999999999893e+00
-1.119999999999999885e+00
-1.109999999999999876e+00
-1.099999999999999867e+00
-1.089999999999999858e+00
-1.079999999999999849e+00
-1.069999999999999840e+00
-1.059999999999999831e+00
-1.049999999999999822e+00
-1.039999999999999813e+00
-1.029999999999999805e+00
-1.019999999999999796e+00
-1.009999999999999787e+00
-9.999999999999997780e-01
-9.899999999999997691e-01
-9.799999999999997602e-01
-9.700000000000003064e-01
-9.600000000000002975e-01
-9.500000000000002887e-01
-9.400000000000002798e-01
-9.300000000000002709e-01
-9.200000000000002620e-01
-9.100000000000002531e-01
-9.000000000000002442e-01
-8.900000000000002354e-01
-8.800000000000002265e-01
-8.700000000000002176e-01
-8.600000000000002087e-01
-8.500000000000001998e-01
-8.400000000000001910e-01
-8.300000000000001821e-01
-8.200000000000001732e-01
-8.100000000000001643e-01
-8.000000000000001554e-01
-7.900000000000001465e-01
-7.800000000000001377e-01
-7.700000000000001288e-01
-7.600000000000001199e-01
-7.500000000000001110e-01
-7.400000000000001021e-01
-7.300000000000000933e-01
-7.200000000000000844e-01
-7.100000000000000755e-01
-7.000000000000000666e-01
-6.900000000000000577e-01
-6.800000000000000488e-01
-6.700000000000000400e-01
-6.600000000000000311e-01
-6.500000000000000222e-01
-6.400000000000000133e-01
-6.300000000000000044e-01
-6.199999999999999956e-01
-6.099999999999999867e-01
-5.999999999999999778e-01
-5.899999999999999689e-01
-5.799999999999999600e-01
-5.699999999999999512e-01
-5.599999999999999423e-01
-5.499999999999999334e-01
-5.399999999999999245e-01
-5.299999999999999156e-01
-5.199999999999999067e-01
-5.099999999999998979e-01
-4.999999999999998890e-01
-4.899999999999998801e-01
-4.799999999999998712e-01
-4.699999999999998623e-01
-4.599999999999998535e-01
-4.499999999999998446e-01
-4.399999999999998357e-01
-4.299999999999998268e-01
-4.199999999999998179e-01
-4.099999999999998090e-01
-3.999999999999998002e-01
-3.899999999999997913e-01
-3.799999999999997824e-01
-3.699999999999997735e-01
-3.599999999999997646e-01
-3.499999999999997558e-01
-3.400000000000003020e-01
-3.300000000000002931e-01
-3.200000000000002842e-01
-3.100000000000002753e-01
-3.000000000000002665e-01
-2.900000000000002576e-01
-2.800000000000002487e-01
-2.700000000000002398e-01
-2.600000000000002309e-01
-2.500000000000002220e-01
-2.400000000000002132e-01
-2.300000000000002043e-01
-2.200000000000001954e-01
-2.100000000000001865e-01
-2.000000000000001776e-01
-1.900000000000001688e-01
-1.800000000000001599e-01
-1.700000000000001510e-01
-1.600000000000001421e-01
-1.500000000000001332e-01
-1.400000000000001243e-01
-1.300000000000001155e-01
-1.200000000000001066e-01
-1.100000000000000977e-01
-1.000000000000000888e-01
-9.000000000000007994e-02
-8.000000000000007105e-02
-7.000000000000006217e-02
-6.000000000000005329e-02
-5.000000000000004441e-02
-4.000000000000003553e-02
-3.000000000000002665e-02
-2.000000000000001776e-02
-1.000000000000000888e-02
0.000000000000000000e+00
1.000000000000000888e-02
2.000000000000001776e-02
3.000000000000002665e-02
4.000000000000003553e-02
5.000000000000004441e-02
6.000000000000005329e-02
7.000000000000006217e-02
8.000000000000007105e-02
9.000000000000007994e-02
1.000000000000000888e-01
1.100000000000000977e-01
1.200000000000001066e-01
1.300000000000001155e-01
1.400000000000001243e-01
1.500000000000001332e-01
1.600000000000001421e-01
1.700000000000001510e-01
1.800000000000001599e-01
1.900000000000001688e-01
2.000000000000001776e-01
2.100000000000001865e-01
2.200000000000001954e-01
2.300000000000002043e-01
2.400000000000002132e-01
2.500000000000002220e-01
2.600000000000002309e-01
2.700000000000002398e-01
2.799999999999996936e-01
2.899999999999997025e-01
2.999999999999997113e-01
3.099999999999997202e-01
3.199999999999997291e-01
3.299999999999997380e-01
3.399999999999997469e-01
3.499999999999997558e-01
3.599999999999997646e-01
3.699999999999997735e-01
3.799999999999997824e-01
3.899999999999997913e-01
3.999999999999998002e-01
4.099999999999998090e-01
4.199999999999998179e-01
4.299999999999998268e-01
4.399999999999998357e-01
4.499999999999998446e-01
4.599999999999998535e-01
4.699999999999998623e-01
4.799999999999998712e-01
4.899999999999998801e-01
4.999999999999998890e-01
5.099999999999998979e-01
5.199999999999999067e-01
5.299999999999999156e-01
5.399999999999999245e-01
5.499999999999999334e-01
5.599999999999999423e-01
5.699999999999999512e-01
5.799999999999999600e-01
5.899999999999999689e-01
6.400000000000000133e-01
6.900000000000000577e-01
7.400000000000001021e-01
7.900000000000001465e-01
8.400000000000001910e-01
8.900000000000002354e-01
9.400000000000002798e-01
9.900000000000003242e-01
1.040000000000000480e+00
1.090000000000000302e+00
1.140000000000000568e+00
1.190000000000000391e+00
1.239999999999999325e+00
1.289999999999999591e+00
1.339999999999999414e+00
1.389999999999999680e+00
1.439999999999999503e+00
1.489999999999999769e+00
1.539999999999999591e+00
1.589999999999999858e+00
1.639999999999999680e+00
1.689999999999999947e+00
1.739999999999999769e+00
1.790000000000000036e+00
1.839999999999999858e+00
1.890000000000000124e+00
1.939999999999999947e+00
1.990000000000000213e+00
2.040000000000000036e+00
2.090000000000000302e+00
2.140000000000000124e+00
2.190000000000000391e+00
2.240000000000000213e+00
2.290000000000000480e+00
2.340000000000000302e+00
2.390000000000000568e+00
2.440000000000000391e+00
2.489999999999999325e+00
2.539999999999999591e+00
2.589999999999999414e+00
2.639999999999999680e+00
2.689999999999999503e+00
2.739999999999999769e+00
2.789999999999999591e+00
2.839999999999999858e+00
2.889999999999999680e+00
2.939999999999999947e+00
2.989999999999999769e+00
3.040000000000000036e+00
3.089999999999999858e+00
3.140000000000000124e+00
3.189999999999999947e+00
3.240000000000000213e+00
3.290000000000000036e+00
3.340000000000000302e+00
3.390000000000000124e+00
3.440000000000000391e+00
3.490000000000000213e+00
3.540000000000000480e+00
3.590000000000000302e+00
