-9.640000000000000568e+00
-9.440000000000001279e+00
-9.240000000000000213e+00
-9.040000000000000924e+00
-8.839999999999999858e+00
-8.640000000000000568e+00
-8.439999999999999503e+00
-8.240000000000000213e+00
-8.040000000000000924e+00
-7.839999999999999858e+00
-7.640000000000000568e+00
-7.439999999999999503e+00
-7.240000000000000213e+00
-7.039999999999999147e+00
-6.839999999999999858e+00
-6.639999999999998792e+00
-6.439999999999999503e+00
-6.240000000000001101e+00
-6.040000000000000924e+00
-5.840000000000000746e+00
-5.640000000000000568e+00
-5.600000000000000533e+00
-5.560000000000000497e+00
-5.520000000000000462e+00
-5.480000000000000426e+00
-5.440000000000000391e+00
-5.400000000000000355e+00
-5.360000000000000320e+00
-5.320000000000000284e+00
-5.280000000000000249e+00
-5.240000000000000213e+00
-5.200000000000000178e+00
-5.160000000000000142e+00
-5.120000000000000107e+00
-5.080000000000000071e+00
-5.040000000000000036e+00
-5.000000000000000000e+00
-4.959999999999999964e+00
-4.919999999999999929e+00
-4.879999999999999893e+00
-4.839999999999999858e+00
-4.799999999999999822e+00
-4.759999999999999787e+00
-4.719999999999999751e+00
-4.679999999999999716e+00
-4.639999999999999680e+00
-4.599999999999999645e+00
-4.559999999999999609e+00
-4.519999999999999574e+00
-4.479999999999999538e+00
-4.439999999999999503e+00
-4.399999999999999467e+00
-4.359999999999999432e+00
-4.319999999999999396e+00
-4.279999999999999361e+00
-4.239999999999999325e+00
-4.199999999999999289e+00
-4.159999999999999254e+00
-4.119999999999999218e+00
-4.079999999999999183e+00
-4.039999999999999147e+00
-3.999999999999999112e+00
-3.959999999999999076e+00
-3.919999999999999041e+00
-3.880000000000001226e+00
-3.840000000000001190e+00
-3.800000000000001155e+00
-3.760000000000001119e+00
-3.720000000000001084e+00
-3.680000000000001048e+00
-3.640000000000001013e+00
-3.600000000000000977e+00
-3.560000000000000941e+00
-3.520000000000000906e+00
-3.480000000000000870e+00
-3.440000000000000835e+00
-3.400000000000000799e+00
-3.360000000000000764e+00
-3.320000000000000728e+00
-3.280000000000000693e+00
-3.240000000000000657e+00
-3.200000000000000622e+00
-3.160000000000000586e+00
-3.120000000000000551e+00
-3.080000000000000515e+00
-3.040000000000000480e+00
-3.000000000000000444e+00
-2.960000000000000409e+00
-2.920000000000000373e+00
-2.880000000000000338e+00
-2.840000000000000302e+00
-2.800000000000000266e+00
-2.760000000000000231e+00
-2.720000000000000195e+00
-2.680000000000000160e+00
-2.640000000000000124e+00
-2.600000000000000089e+00
-2.560000000000000053e+00
-2.520000000000000018e+00
-2.479999999999999982e+00
-2.439999999999999947e+00
-2.399999999999999911e+00
-2.359999999999999876e+00
-2.319999999999999840e+00
-2.279999999999999805e+00
-2.239999999999999769e+00
-2.199999999999999734e+00
-2.159999999999999698e+00
-2.119999999999999662e+00
-2.079999999999999627e+00
-2.039999999999999591e+00
-1.999999999999999556e+00
-1.959999999999999520e+00
-1.919999999999999485e+00
-1.879999999999999449e+00
-1.839999999999999414e+00
-1.799999999999999378e+00
-1.759999999999999343e+00
-1.719999999999999307e+00
-1.679999999999999272e+00
-1.639999999999999236e+00
-1.599999999999999201e+00
-1.559999999999999165e+00
-1.519999999999999130e+00
-1.479999999999999094e+00
-1.439999999999999059e+00
-1.399999999999999023e+00
-1.360000000000001208e+00
-1.320000000000001172e+00
-1.280000000000001137e+00
-1.240000000000001101e+00
-1.200000000000001066e+00
-1.160000000000001030e+00
-1.120000000000000995e+00
-1.080000000000000959e+00
-1.040000000000000924e+00
-1.000000000000000888e+00
-9.600000000000008527e-01
-9.200000000000008171e-01
-8.800000000000007816e-01
-8.400000000000007461e-01
-8.000000000000007105e-01
-7.600000000000006750e-01
-7.200000000000006395e-01
-6.800000000000006040e-01
-6.400000000000005684e-01
-6.000000000000005329e-01
-5.600000000000004974e-01
-5.200000000000004619e-01
-4.800000000000004263e-01
-4.400000000000003908e-01
-4.000000000000003553e-01
-3.600000000000003197e-01
-3.200000000000002842e-01
-2.800000000000002487e-01
-2.400000000000002132e-01
-2.000000000000001776e-01
-1.600000000000001421e-01
-1.200000000000001066e-01
-8.000000000000007105e-02
-4.000000000000003553e-02
0.000000000000000000e+00
4.000000000000003553e-02
8.000000000000007105e-02
1.200000000000001066e-01
1.600000000000001421e-01
2.000000000000001776e-01
2.400000000000002132e-01
2.800000000000002487e-01
3.200000000000002842e-01
3.600000000000003197e-01
4.000000000000003553e-01
4.400000000000003908e-01
4.800000000000004263e-01
5.200000000000004619e-01
5.600000000000004974e-01
6.000000000000005329e-01
6.400000000000005684e-01
6.800000000000006040e-01
7.200000000000006395e-01
7.600000000000006750e-01
8.000000000000007105e-01
8.400000000000007461e-01
8.800000000000007816e-01
9.200000000000008171e-01
9.600000000000008527e-01
1.000000000000000888e+00
1.040000000000000924e+00
1.080000000000000959e+00
1.119999999999998774e+00
1.159999999999998810e+00
1.199999999999998845e+00
1.239999999999998881e+00
1.279999999999998916e+00
1.319999999999998952e+00
1.359999999999998987e+00
1.399999999999999023e+00
1.439999999999999059e+00
1.479999999999999094e+00
1.519999999999999130e+00
1.559999999999999165e+00
1.599999999999999201e+00
1.639999999999999236e+00
1.679999999999999272e+00
1.719999999999999307e+00
1.759999999999999343e+00
1.799999999999999378e+00
1.839999999999999414e+00
1.879999999999999449e+00
1.919999999999999485e+00
1.959999999999999520e+00
1.999999999999999556e+00
2.039999999999999591e+00
2.079999999999999627e+00
2.119999999999999662e+00
2.159999999999999698e+00
2.199999999999999734e+00
2.239999999999999769e+00
2.279999999999999805e+00
2.319999999999999840e+00
2.359999999999999876e+00
2.560000000000000053e+00
2.760000000000000231e+00
2.960000000000000409e+00
3.160000000000000586e+00
3.360000000000000764e+00
3.560000000000000941e+00
3.760000000000001119e+00
3.960000000000001297e+00
4.160000000000001918e+00
4.360000000000001208e+00
4.560000000000002274e+00
4.760000000000001563e+00
4.959999999999997300e+00
5.159999999999998366e+00
5.359999999999997655e+00
5.559999999999998721e+00
5.759999999999998010e+00
5.959999999999999076e+00
6.159999999999998366e+00
6.359999999999999432e+00
6.559999999999998721e+00
6.759999999999999787e+00
6.959999999999999076e+00
7.160000000000000142e+00
7.359999999999999432e+00
7.560000000000000497e+00
7.759999999999999787e+00
7.960000000000000853e+00
8.160000000000000142e+00
8.360000000000001208e+00
8.560000000000000497e+00
8.760000000000001563e+00
8.960000000000000853e+00
9.160000000000001918e+00
9.360000000000001208e+00
9.560000000000002274e+00
9.760000000000001563e+00
9.959999999999997300e+00
1.015999999999999837e+01
1.035999999999999766e+01
1.055999999999999872e+01
1.075999999999999801e+01
1.095999999999999908e+01
1.115999999999999837e+01
1.135999999999999943e+01
1.155999999999999872e+01
1.175999999999999979e+01
1.195999999999999908e+01
1.216000000000000014e+01
1.235999999999999943e+01
1.256000000000000050e+01
1.275999999999999979e+01
1.296000000000000085e+01
1.316000000000000014e+01
1.336000000000000121e+01
1.356000000000000050e+01
1.376000000000000156e+01
1.396000000000000085e+01
1.416000000000000192e+01
1.436000000000000121e+01
