-6.916640000000000121e+00
-6.904180040000006180e+00
-6.894950480000010096e+00
-6.884976500000016486e+00
-6.873529120000004156e+00
-6.863878300000005872e+00
-6.853713320000013098e+00
-6.840973499999991603e+00
-6.833950799999998438e+00
-6.821785120000000369e+00
-6.813653799999987548e+00
-6.802217839999994631e+00
-6.788534559999995999e+00
-6.780234000000004535e+00
-6.770529240000009885e+00
-6.759192700000014042e+00
-6.747370240000019948e+00
-6.738303860000006473e+00
-6.727875040000009577e+00
-6.717827360000016235e+00
-6.709193599999996316e+00
-6.699037879999999667e+00
-6.687447520000006307e+00
-6.675480259999992505e+00
-6.664795919999994211e+00
-6.654485000000001094e+00
-6.643015400000008341e+00
-6.632993080000015418e+00
-6.622854720000016293e+00
-6.612865660000003309e+00
-6.602461800000009262e+00
-6.592423680000012887e+00
-6.582096240000018916e+00
-6.569677100000000713e+00
-6.559193080000004450e+00
-6.546728800000011006e+00
-6.538202399999996750e+00
-6.530485759999998585e+00
-6.516484640000005157e+00
-6.507995180000012425e+00
-6.498795600000018879e+00
-6.486764940000020907e+00
-6.477037360000006849e+00
-6.465715840000013870e+00
-6.455454560000014830e+00
-6.445134599999999381e+00
-6.432874080000005712e+00
-6.424425940000009660e+00
-6.411820399999993647e+00
-6.404482719999999851e+00
-6.390049000000003865e+00
-6.381174500000009964e+00
-6.369506400000016555e+00
-6.359782080000018212e+00
-6.351202120000023932e+00
-6.337515900000011193e+00
-6.330966000000011640e+00
-6.318470340000017949e+00
-6.305193240000004806e+00
-6.296730260000011015e+00
-6.287448800000013271e+00
-6.275620139999998237e+00
-6.266197840000004682e+00
-6.253112780000006587e+00
-6.244784800000013902e+00
-6.232020400000020111e+00
-6.223134280000022223e+00
-6.211872420000029038e+00
-6.203030240000013684e+00
-6.187376940000015146e+00
-6.182583400000020823e+00
-6.167878420000009854e+00
-6.160472560000016529e+00
-6.147414320000017973e+00
-6.139729680000002965e+00
-6.128526500000008426e+00
-6.117980800000010433e+00
-6.107487740000017595e+00
-6.094752520000024099e+00
-6.085713540000026178e+00
-6.072305200000032599e+00
-6.059870520000016469e+00
-6.053050360000018060e+00
-6.042895780000025141e+00
-6.031952640000015187e+00
-6.019284900000015703e+00
-6.008607560000022829e+00
-6.000081120000007040e+00
-5.987312080000007697e+00
-5.980455100000014568e+00
-5.965070600000021983e+00
-5.955726200000028392e+00
-5.945213760000028991e+00
-5.935327740000012398e+00
-5.923203880000018628e+00
-5.915387900000021126e+00
-5.904050000000013121e+00
-5.893499040000019562e+00
-5.882840880000021144e+00
-5.872069500000027809e+00
-5.861656000000011524e+00
-5.849222860000011792e+00
-5.839820520000018611e+00
-5.830871060000025530e+00
-5.817558160000032785e+00
-5.806587800000032829e+00
-5.794428480000016535e+00
-5.785847500000023125e+00
-5.774658400000022951e+00
-5.765238400000018082e+00
-5.752839400000024028e+00
-5.743150120000025893e+00
-5.730784560000008021e+00
-5.721708980000014932e+00
-5.712301160000016864e+00
-5.699673500000022486e+00
-5.687433920000030341e+00
-5.677915880000029780e+00
-5.665959240000036701e+00
-5.656461720000018900e+00
-5.647674400000020078e+00
-5.635669620000025581e+00
-5.624269920000023681e+00
-5.616825200000030271e+00
-5.600347680000029804e+00
-5.595081500000012475e+00
-5.579718200000018946e+00
-5.569484780000020230e+00
-5.559392160000026450e+00
-5.549451360000032807e+00
-5.537782600000033639e+00
-5.528848920000040579e+00
-5.514323200000022851e+00
-5.502541260000023193e+00
-5.492138920000028790e+00
-5.483023300000029465e+00
-5.472565360000035461e+00
-5.459738240000035603e+00
-5.452187760000017036e+00
-5.438899580000023271e+00
-5.429566400000023663e+00
-5.420457440000030935e+00
-5.405990080000036890e+00
-5.396894740000038659e+00
-5.385736880000044025e+00
-5.375478800000024648e+00
-5.362631680000025547e+00
-5.354088340000031643e+00
-5.342077600000034288e+00
-5.331276220000034094e+00
-5.320335000000040004e+00
-5.309364360000021321e+00
-5.295382080000020864e+00
-5.287809340000027447e+00
-5.275517480000035064e+00
-5.265545200000040893e+00
-5.255268800000040486e+00
-5.246059840000021346e+00
-5.233480960000027160e+00
-5.223629880000028258e+00
-5.209667600000034149e+00
-5.198771780000037701e+00
-5.188797720000039249e+00
-5.178301500000045188e+00
-5.166278720000025970e+00
-5.153299500000025901e+00
-5.144671680000031166e+00
-5.133324960000038573e+00
-5.121975200000044914e+00
-5.112725400000044829e+00
-5.099443800000025284e+00
-5.090567100000030543e+00
-5.077369280000030294e+00
-5.066818560000037053e+00
-5.055977320000042852e+00
-5.044465000000043275e+00
-5.035762400000022510e+00
-5.025687860000028984e+00
-5.011693760000030196e+00
-4.999067160000035592e+00
-4.990307200000042798e+00
-4.980129320000042270e+00
-4.968994680000047737e+00
-4.959386080000029118e+00
-4.944098160000027775e+00
-4.934628000000033765e+00
-4.923553080000041327e+00
-4.909603220000047230e+00
-4.898376480000045774e+00
-4.888254300000027364e+00
-4.879367200000033655e+00
-4.867685720000033633e+00
-4.858624720000039865e+00
-4.847766700000045503e+00
-4.833138000000046119e+00
-4.822080100000051495e+00
-4.809440960000033627e+00
-4.802572160000032397e+00
-4.788680240000037891e+00
-4.776005580000044937e+00
-4.764932000000051460e+00
-4.751905660000049991e+00
-4.744624480000031674e+00
-4.735079520000037512e+00
-4.722528640000035693e+00
-4.711704600000043541e+00
-4.701067520000049349e+00
-4.691188740000049151e+00
-4.679560240000054883e+00
-4.664450240000036274e+00
-4.655145400000035849e+00
-4.644446160000041957e+00
-4.632696800000049464e+00
-4.621963940000047621e+00
-4.609967640000053102e+00
-4.597546800000036349e+00
-4.587288160000034587e+00
-4.574381120000040823e+00
-4.565547640000048091e+00
-4.553850400000053256e+00
-4.540811200000050896e+00
-4.532320320000034819e+00
-4.523516480000040474e+00
-4.507722000000040197e+00
-4.496539840000045807e+00
-4.485330000000051776e+00
-4.473876160000051172e+00
-4.461022100000056945e+00
-4.445567680000040767e+00
-4.439368280000039135e+00
-4.429809600000043979e+00
-4.417718240000050756e+00
-4.408432720000057259e+00
-4.392332820000055094e+00
-4.380668560000039236e+00
-4.373107500000045000e+00
-4.360884960000042554e+00
-4.347445760000050008e+00
-4.331705280000054614e+00
-4.322696500000054343e+00
-4.313626000000037486e+00
-4.302468580000043730e+00
-4.289997040000042894e+00
-4.280220700000048062e+00
-4.267265280000055228e+00
-4.254138900000052459e+00
-4.244304720000057429e+00
-4.233484900000044071e+00
-4.221816960000040808e+00
-4.209680720000046783e+00
-4.197225000000053718e+00
-4.180045440000058399e+00
-4.175711360000056160e+00
-4.163259120000041946e+00
-4.149002880000047355e+00
-4.139945100000046452e+00
-4.129232880000051509e+00
-4.115637440000057268e+00
-4.104660840000056155e+00
-4.090993420000060610e+00
-4.079640000000048339e+00
-4.069378720000044858e+00
-4.054518400000049816e+00
-4.046573400000056608e+00
-4.037423280000062675e+00
-4.024156800000059597e+00
-4.006695280000046822e+00
-4.000057420000051600e+00
-3.984266400000048503e+00
-3.974604260000055955e+00
-3.962265800000060345e+00
-3.952350680000058958e+00
-3.941425600000064033e+00
-3.928135900000050196e+00
-3.913775600000048982e+00
-3.904265500000053457e+00
-3.890850240000061078e+00
-3.876643980000057166e+00
-3.868264400000061887e+00
-3.853078220000050624e+00
-3.849025200000047331e+00
-3.835885920000052351e+00
-3.817408040000059621e+00
-3.806016840000063350e+00
-3.792940480000059900e+00
-3.785914900000050043e+00
-3.772399920000054419e+00
-3.758354460000052466e+00
-3.748386960000057666e+00
-3.739626880000062492e+00
-3.725782800000060568e+00
-3.712435080000064502e+00
-3.701814240000055101e+00
-3.687028200000051381e+00
-3.676277440000055297e+00
-3.662938000000062200e+00
-3.654180080000067221e+00
-3.641587720000063033e+00
-3.627890480000054207e+00
-3.613876240000058360e+00
-3.603100000000054148e+00
-3.587941700000061296e+00
-3.579571720000065405e+00
-3.564509240000062640e+00
-3.551562720000053019e+00
-3.538311100000057330e+00
-3.529390600000054778e+00
-3.515599460000058851e+00
-3.504235200000066275e+00
-3.494258160000061064e+00
-3.480290800000064966e+00
-3.462551000000058110e+00
-3.454633120000053292e+00
-3.442895420000057882e+00
-3.430754440000064687e+00
-3.418219500000068578e+00
-3.408235680000063272e+00
-3.394856280000057236e+00
-3.384308280000060787e+00
-3.367175740000058148e+00
-3.355406000000062505e+00
-3.344438080000066815e+00
-3.330561080000063789e+00
-3.318612760000067663e+00
-3.302884960000062264e+00
-3.292337500000056760e+00
-3.280341440000060782e+00
-3.267969060000067039e+00
-3.259228960000071673e+00
-3.245313180000065856e+00
-3.231696000000061630e+00
-3.215644120000065165e+00
-3.206868160000059031e+00
-3.192595880000066000e+00
-3.177633000000069430e+00
-3.164336300000065716e+00
-3.153708960000069617e+00
-3.143332620000064193e+00
-3.127753720000060245e+00
-3.121261920000063750e+00
-3.104176800000070013e+00
-3.089268320000063905e+00
-3.072048080000067127e+00
-3.064525400000064792e+00
-3.054027600000058573e+00
-3.035281800000062535e+00
-3.026161360000068967e+00
-3.015352200000072092e+00
-2.999596640000065317e+00
-2.984545900000064034e+00
-2.973010000000067432e+00
-2.958949720000062733e+00
-2.940952720000066911e+00
-2.934529140000070591e+00
-2.918572640000065999e+00
-2.903214600000068923e+00
-2.890022720000068990e+00
-2.878395200000061660e+00
-2.866419000000064887e+00
-2.857241380000071107e+00
-2.841432000000074343e+00
-2.826956960000067021e+00
-2.819654440000068263e+00
-2.798633700000070945e+00
-2.787878400000063372e+00
-2.771745100000069684e+00
-2.758141280000072193e+00
-2.737104600000066945e+00
-2.732960960000066830e+00
-2.714898680000069842e+00
-2.703848800000064667e+00
-2.689761880000067329e+00
-2.676210400000073708e+00
-2.660853440000065628e+00
-2.649057680000067805e+00
-2.638310000000070765e+00
-2.621734400000062859e+00
-2.609124140000066205e+00
-2.594518000000071822e+00
-2.577117980000073860e+00
-2.565515200000065832e+00
-2.549501040000069718e+00
-2.539915080000072045e+00
-2.526354580000066630e+00
-2.512078160000069893e+00
-2.492812000000072636e+00
-2.481187520000067259e+00
-2.473260620000069299e+00
-2.456203680000073941e+00
-2.439584160000065616e+00
-2.421604200000067486e+00
-2.410259100000073040e+00
-2.398439520000075653e+00
-2.385211580000067499e+00
-2.366139240000072252e+00
-2.346970200000073614e+00
-2.332851360000065988e+00
-2.321910400000071650e+00
-2.307735640000073030e+00
-2.286752720000067907e+00
-2.279254000000070501e+00
-2.258744640000072135e+00
-2.253072520000067858e+00
-2.228703860000068815e+00
-2.221872000000074454e+00
-2.197840100000066688e+00
-2.185874440000068031e+00
-2.180415680000073131e+00
-2.156784000000065760e+00
-2.141486820000067404e+00
-2.125625600000072613e+00
-2.112439600000073359e+00
-2.100170240000066357e+00
-2.081616820000071311e+00
-2.063658000000071713e+00
-2.053288400000068403e+00
-2.032633600000069762e+00
-2.017011420000071276e+00
-2.003111280000068106e+00
-1.991595440000068606e+00
-1.976016000000073491e+00
-1.950254720000066833e+00
-1.940723240000067351e+00
-1.927266180000071882e+00
-1.910730160000072786e+00
-1.882161500000066434e+00
-1.874940160000071243e+00
-1.860304400000071023e+00
-1.843467040000065227e+00
-1.829115960000069929e+00
-1.811433000000069571e+00
-1.796635100000067542e+00
-1.781419920000068213e+00
-1.758309220000068507e+00
-1.743295960000067035e+00
-1.727561500000066363e+00
-1.712595200000070594e+00
-1.697219300000065934e+00
-1.676237720000064879e+00
-1.658614220000068640e+00
-1.643025200000064245e+00
-1.623710760000064202e+00
-1.609236200000067951e+00
-1.588748300000066616e+00
-1.575369920000062596e+00
-1.555167900000066217e+00
-1.539552080000064826e+00
-1.517860200000064275e+00
-1.502034000000064040e+00
-1.479982540000063462e+00
-1.464791000000063459e+00
-1.444256500000061783e+00
-1.428676000000064672e+00
-1.408764920000061593e+00
-1.388349400000059575e+00
-1.375560700000062475e+00
-1.354025040000061519e+00
-1.340499380000058860e+00
-1.325542720000061347e+00
-1.291647760000058431e+00
-1.280461600000055933e+00
-1.260043920000058382e+00
-1.245198920000056164e+00
-1.228589700000056961e+00
-1.202312960000055497e+00
-1.186914700000054390e+00
-1.166489360000054987e+00
-1.154316960000052683e+00
-1.126919200000053856e+00
-1.109590360000052067e+00
-1.090404200000048895e+00
-1.070318180000050301e+00
-1.049480400000047942e+00
-1.030756140000046450e+00
-1.012324920000047035e+00
-9.965735000000447430e-01
-9.783020800000429285e-01
-9.553494400000429598e-01
-9.493338400000410626e-01
-9.225913200000402936e-01
-9.065204000000385287e-01
-8.899755800000368477e-01
-8.742000000000365034e-01
-8.611133800000340122e-01
-8.473352000000335948e-01
-8.299594000000314331e-01
-8.173373200000287886e-01
-7.985168600000271955e-01
-7.913750400000257867e-01
-7.770564000000238503e-01
-7.627568000000224391e-01
-7.535495800000188149e-01
-7.464307200000174225e-01
-7.338218800000153585e-01
-7.305469600000129571e-01
-7.226855000000118601e-01
-7.192700000000090688e-01
-7.098323600000069344e-01
-7.087290000000042722e-01
-7.093310200000022547e-01
-7.099880000000006186e-01
-7.071680999999973016e-01
-7.108905999999952652e-01
-7.112084999999929158e-01
-7.159029599999907623e-01
-7.214667999999878623e-01
-7.253353199999865719e-01
-7.361869199999845348e-01
-7.458105599999821367e-01
-7.529933199999797599e-01
-7.678551999999781996e-01
-7.768310599999750377e-01
-7.860801599999733824e-01
-8.000774799999709197e-01
-8.136324799999683499e-01
-8.274308999999673286e-01
-8.433931199999646910e-01
-8.573363399999630596e-01
-8.723554399999625675e-01
-8.897631399999598178e-01
-9.111891999999578440e-01
-9.255662599999567863e-01
-9.436906399999538397e-01
-9.630292199999532787e-01
-9.799395199999526573e-01
-1.003520999999949037e+00
-1.012309959999949882e+00
-1.034215439999946584e+00
-1.054648479999945598e+00
-1.066592779999945284e+00
-1.091821399999941988e+00
-1.104978599999942857e+00
-1.129485759999939054e+00
-1.144557399999939218e+00
-1.169101199999939444e+00
-1.186057799999935991e+00
-1.203247039999936652e+00
-1.220520979999936140e+00
-1.246802279999931873e+00
-1.265810899999932460e+00
-1.279406399999933885e+00
-1.298311759999929871e+00
-1.318953119999930257e+00
-1.337161519999928272e+00
-1.358348559999927652e+00
-1.377526899999927057e+00
-1.393678199999925704e+00
-1.407663919999926350e+00
-1.428317759999921943e+00
-1.449118199999923862e+00
-1.462918999999924585e+00
-1.482136159999920322e+00
-1.501322719999919508e+00
-1.514719879999922414e+00
-1.536761479999917857e+00
-1.557015299999918057e+00
-1.568863519999921241e+00
-1.584979779999916571e+00
-1.610348159999916540e+00
-1.624195359999916599e+00
-1.644588399999915351e+00
-1.658314359999914389e+00
-1.676897079999914553e+00
-1.693166959999914623e+00
-1.707680479999909906e+00
-1.726946499999914009e+00
-1.747447439999913588e+00
-1.757459399999909078e+00
-1.775463599999913322e+00
-1.796556759999911934e+00
-1.803990399999907401e+00
-1.825748419999906558e+00
-1.847214399999911549e+00
-1.858749659999906489e+00
-1.879489839999905598e+00
-1.893193499999907603e+00
-1.909333199999905917e+00
-1.926206919999904121e+00
-1.936339879999906533e+00
-1.960731999999905328e+00
-1.971471199999900170e+00
-1.992109439999905973e+00
-2.004475679999905058e+00
-2.017273719999900017e+00
-2.034199199999897623e+00
-2.052390299999903966e+00
-2.064424119999898721e+00
-2.083327139999897160e+00
-2.097644639999904026e+00
-2.115326319999898175e+00
-2.127894399999896713e+00
-2.145159359999900150e+00
-2.160886319999897776e+00
-2.176064619999895644e+00
-2.191264239999899388e+00
-2.204943899999898260e+00
-2.218167199999892425e+00
-2.231970759999899467e+00
-2.245448359999898003e+00
-2.263165579999892429e+00
-2.276937999999899542e+00
-2.293968999999897118e+00
-2.310719719999891009e+00
-2.318315979999889365e+00
-2.336145919999896847e+00
-2.349553099999891703e+00
-2.371879799999889293e+00
-2.390143519999893940e+00
-2.395087199999891503e+00
-2.408987019999888179e+00
-2.423610399999893250e+00
-2.436896619999890934e+00
-2.446199039999886082e+00
-2.469137159999893694e+00
-2.478958559999891342e+00
-2.498457599999885481e+00
-2.511734559999882155e+00
-2.524622639999889895e+00
-2.535735079999885677e+00
-2.552785879999883267e+00
-2.569197599999891057e+00
-2.581529119999884880e+00
-2.591552639999882501e+00
-2.612194799999887351e+00
-2.618012079999886499e+00
-2.636220999999883130e+00
-2.648533639999888223e+00
-2.664035639999885685e+00
-2.681011999999879158e+00
-2.690992719999886873e+00
-2.703218199999883886e+00
-2.718666099999881514e+00
-2.730925039999888781e+00
-2.744659759999885207e+00
-2.757423599999879293e+00
-2.776812399999875947e+00
-2.789186399999883381e+00
-2.798504899999881612e+00
-2.811963119999878913e+00
-2.828643539999883494e+00
-2.843067199999879335e+00
-2.852776779999875778e+00
-2.865414039999880202e+00
-2.881331299999877249e+00
-2.890089119999876832e+00
-2.910742499999883659e+00
-2.918154399999880244e+00
-2.933008619999873723e+00
-2.948968239999870011e+00
-2.959461459999876531e+00
-2.971155999999877118e+00
-2.986896279999874171e+00
-2.995454719999880666e+00
-3.013504279999873692e+00
-3.023503199999870716e+00
-3.036662599999874423e+00
-3.049113039999870711e+00
-3.058947799999874650e+00
-3.077568559999878328e+00
-3.093897819999874788e+00
-3.101847199999868465e+00
-3.119248059999874201e+00
-3.129469319999870436e+00
-3.138404339999873560e+00
-3.153909439999879716e+00
-3.169725599999875243e+00
-3.183556879999868361e+00
-3.192683379999864623e+00
-3.206106559999870598e+00
-3.221209719999874377e+00
-3.227953399999870854e+00
-3.243288179999873844e+00
-3.251201039999869646e+00
-3.264630299999865315e+00
-3.278609999999868130e+00
-3.293153999999864467e+00
-3.306825919999869079e+00
-3.318810219999874356e+00
-3.332456039999870612e+00
-3.338016979999864020e+00
-3.357903599999858990e+00
-3.373461439999863920e+00
-3.380662439999869928e+00
-3.393553779999865849e+00
-3.403768799999871142e+00
-3.421643699999863841e+00
-3.429549199999859965e+00
-3.443590859999862808e+00
-3.455762399999871448e+00
-3.465515439999867109e+00
-3.481357999999869612e+00
-3.494949739999865468e+00
-3.502965919999858180e+00
-3.517571159999862918e+00
-3.529792719999858885e+00
-3.542766699999866375e+00
-3.554632879999870987e+00
-3.562072239999866330e+00
-3.581542959999858944e+00
-3.591280159999854504e+00
-3.609191999999858957e+00
-3.614513879999867285e+00
-3.631587999999863037e+00
-3.638022379999865219e+00
-3.651633999999860158e+00
-3.664187199999854982e+00
-3.678731519999856925e+00
-3.687718399999852625e+00
-3.703652639999861940e+00
-3.711929219999865914e+00
-3.726139799999861335e+00
-3.737792719999854629e+00
-3.753154959999849272e+00
-3.761059919999853118e+00
-3.770498799999863149e+00
-3.783224299999858875e+00
-3.794136479999862477e+00
-3.808580739999855247e+00
-3.820761519999850808e+00
-3.827942159999852212e+00
-3.846485999999847305e+00
-3.854760559999859559e+00
-3.871965319999861155e+00
-3.882259959999856402e+00
-3.894599839999849156e+00
-3.903394999999852732e+00
-3.916994719999848051e+00
-3.928398959999859663e+00
-3.942617679999862457e+00
-3.946768839999857281e+00
-3.965065999999850099e+00
-3.972121499999845540e+00
-3.983702719999848707e+00
-3.997387399999860591e+00
-4.011587319999855517e+00
-4.023197799999857160e+00
-4.036801439999851304e+00
-4.046678299999846296e+00
-4.057607239999847515e+00
-4.070107579999842073e+00
-4.080679999999855312e+00
-4.092321759999857811e+00
-4.105350879999853042e+00
-4.119911239999845876e+00
-4.130830159999839601e+00
-4.137489399999843442e+00
-4.151983399999855884e+00
-4.159219079999851409e+00
-4.177749599999853736e+00
-4.192271499999846718e+00
-4.197637999999841441e+00
-4.209881039999842756e+00
-4.222252479999857755e+00
-4.231004279999852180e+00
-4.245863679999852813e+00
-4.256835899999848571e+00
-4.265360639999840942e+00
-4.277333339999842998e+00
-4.290447959999838190e+00
-4.300039339999852217e+00
-4.314815999999854768e+00
-4.324254559999848979e+00
-4.336727199999842242e+00
-4.351251759999835933e+00
-4.355054559999838482e+00
-4.369350599999854090e+00
-4.384344799999848163e+00
-4.393025179999848540e+00
-4.403823279999842910e+00
-4.415316459999838017e+00
-4.425547399999837594e+00
-4.442190339999832815e+00
-4.451704319999848281e+00
-4.466415219999849917e+00
-4.474324839999844983e+00
-4.481506499999837523e+00
-4.498764399999831909e+00
-4.507096719999833745e+00
-4.517683679999849211e+00
-4.533896479999843798e+00
-4.540160799999846120e+00
-4.553376079999837955e+00
-4.563151399999832769e+00
-4.574498019999833076e+00
-4.584551919999827696e+00
-4.597134899999845814e+00
-4.612647679999845707e+00
-4.620218079999840022e+00
-4.633015679999832770e+00
-4.641288299999834166e+00
-4.653857799999828515e+00
-4.666182099999845789e+00
-4.678929279999847424e+00
-4.690461319999840839e+00
-4.699023839999833640e+00
-4.708791599999828215e+00
-4.719428639999829755e+00
-4.732538299999847098e+00
-4.744757399999841141e+00
-4.756653979999841297e+00
-4.767711999999835193e+00
-4.777880459999829021e+00
-4.787314519999828377e+00
-4.803717439999823036e+00
-4.809033599999841257e+00
-4.821464299999842495e+00
-4.834873399999836785e+00
-4.845778359999829199e+00
-4.857401519999823059e+00
-4.869122899999823950e+00
-4.878729999999842804e+00
-4.888965279999837321e+00
-4.899893919999838587e+00
-4.916371139999831108e+00
-4.922232999999825331e+00
-4.933009899999824199e+00
-4.945243359999843769e+00
-4.955557979999838381e+00
-4.967449839999837913e+00
-4.980230439999832726e+00
-4.990215199999824769e+00
-4.998995599999825679e+00
-5.012098759999819464e+00
-5.022732479999838517e+00
-5.035657759999839556e+00
-5.042703999999832654e+00
-5.054971879999826889e+00
-5.067597119999820876e+00
-5.078511519999821644e+00
-5.089498899999840731e+00
-5.102144999999834951e+00
-5.111429599999833151e+00
-5.124780159999827944e+00
-5.134371159999821188e+00
-5.145172359999820699e+00
-5.156454799999814043e+00
-5.168980959999833757e+00
-5.179745859999834501e+00
-5.187277999999827749e+00
-5.203026599999823532e+00
-5.209799999999816578e+00
-5.216984419999817213e+00
-5.231234079999835807e+00
-5.243471339999829617e+00
-5.253184959999830816e+00
-5.265353399999823658e+00
-5.276594959999817647e+00
-5.288608479999815870e+00
-5.297912959999809601e+00
-5.308211839999828818e+00
-5.320114999999828065e+00
-5.330658279999822113e+00
-5.337492639999819488e+00
-5.352329119999819973e+00
-5.364345559999813773e+00
-5.374923299999831983e+00
-5.384962959999832322e+00
-5.398105939999825686e+00
-5.410674359999818606e+00
-5.418740759999812084e+00
-5.432445599999812025e+00
-5.436304179999830843e+00
-5.450209399999824456e+00
-5.462257339999823103e+00
-5.469420879999823626e+00
-5.484904799999817726e+00
-5.491064999999816010e+00
-5.506364179999809316e+00
-5.516219679999827541e+00
-5.526417699999827349e+00
-5.537041599999821706e+00
-5.548036139999814154e+00
-5.559047999999807921e+00
-5.570992179999807448e+00
-5.583250959999825014e+00
-5.595124999999818272e+00
-5.602733439999817655e+00
-5.613847039999820154e+00
-5.626557639999814064e+00
-5.634473959999812820e+00
-5.645899199999831808e+00
-5.656665539999824688e+00
-5.667435199999823148e+00
-5.679218219999816242e+00
-5.688162719999809269e+00
-5.699540199999809431e+00
-5.711422879999802582e+00
-5.722656079999819845e+00
-5.731099039999818956e+00
-5.745708679999811608e+00
-5.754738799999817189e+00
-5.766061039999811122e+00
-5.774459679999810469e+00
-5.785793599999826675e+00
-5.796366559999820645e+00
-5.808459299999818803e+00
-5.818353439999812693e+00
-5.826300759999806012e+00
-5.839908079999803547e+00
-5.852186939999797666e+00
-5.860871999999814008e+00
-5.872886359999813344e+00
-5.881866439999806850e+00
-5.893559459999814010e+00
-5.904781519999807493e+00
-5.915831299999806170e+00
-5.924562079999822650e+00
-5.933027299999817039e+00
-5.946692959999815287e+00
-5.956487919999807978e+00
-5.968106799999802092e+00
-5.977593479999800508e+00
-5.988491999999792981e+00
-6.000342679999810080e+00
-6.008813239999807543e+00
-6.019400599999801038e+00
-6.032056479999811316e+00
-6.043329979999810142e+00
-6.051964079999803126e+00
-6.062019919999817930e+00
-6.074604799999817395e+00
-6.085921519999811125e+00
-6.096001039999802806e+00
-6.107032239999797163e+00
-6.118319359999796703e+00
-6.128096499999811542e+00
-6.135796359999805105e+00
-6.148628339999802073e+00
-6.158321599999797336e+00
-6.168793159999808040e+00
-6.182079399999805602e+00
-6.194290299999798854e+00
-6.202065759999814354e+00
-6.213392559999812548e+00
-6.220880439999807443e+00
-6.231200899999799425e+00
-6.242977679999793139e+00
-6.253096339999791198e+00
-6.263578319999805188e+00
-6.277990899999799090e+00
-6.283589599999797493e+00
-6.300124619999811770e+00
-6.305760519999805247e+00
-6.317591899999801974e+00
-6.329225119999818183e+00
-6.337430499999811673e+00
-6.350807119999808847e+00
-6.359108019999802686e+00
-6.371921599999794239e+00
-6.382073459999793918e+00
-6.393031999999786663e+00
-6.403736979999800738e+00
-6.416250799999799526e+00
-6.423532119999793011e+00
-6.434742719999808180e+00
-6.442780999999801139e+00
-6.456400799999800100e+00
-6.465818099999813384e+00
-6.474566839999806867e+00
-6.487645119999804422e+00
-6.500726799999797301e+00
-6.508032059999791841e+00
-6.519674719999788870e+00
-6.529190599999782130e+00
-6.539291199999794912e+00
-6.550880799999793780e+00
-6.561640399999787654e+00
-6.569614399999803567e+00
-6.579209279999797211e+00
-6.592191399999795642e+00
-6.601167399999809504e+00
-6.613603499999802793e+00
-6.627331679999801217e+00
-6.635194499999792939e+00
-6.645772639999787401e+00
-6.656791999999783549e+00
-6.665497679999777603e+00
-6.676548659999791191e+00
-6.688416639999788416e+00
-6.698202039999781476e+00
-6.706183999999800527e+00
-6.718516919999798276e+00
-6.729707239999791923e+00
-6.738676079999804891e+00
-6.748204559999803287e+00
-6.757439899999796218e+00
-6.769919319999789131e+00
-6.779819199999781887e+00
-6.792959679999780676e+00
-6.801459079999793822e+00
-6.811227399999786769e+00
-6.821209779999784395e+00
-6.830783919999803722e+00
-6.843579659999798004e+00
-6.853937519999794503e+00
-6.864874199999787763e+00
-6.870586399999800697e+00
-6.883142499999798325e+00
-6.893821119999792302e+00
-6.906559459999783712e+00
