-9.906760000000000010e-01
-9.903959999999999431e-01
-9.904760000000000231e-01
-9.904499999999999416e-01
-9.902720000000000411e-01
-9.903140000000000276e-01
-9.902779999999999916e-01
-9.899499999999999966e-01
-9.902900000000000036e-01
-9.900320000000000231e-01
-9.902419999999999556e-01
-9.900559999999999361e-01
-9.896119999999999362e-01
-9.898000000000000131e-01
-9.898339999999999916e-01
-9.896620000000000417e-01
-9.894359999999999822e-01
-9.895420000000000327e-01
-9.894720000000000182e-01
-9.894560000000000022e-01
-9.895920000000000272e-01
-9.895720000000000072e-01
-9.893840000000000412e-01
-9.891379999999999617e-01
-9.890419999999999767e-01
-9.889879999999999782e-01
-9.888099999999999667e-01
-9.887960000000000083e-01
-9.887759999999999883e-01
-9.887460000000000138e-01
-9.886939999999999618e-01
-9.886719999999999953e-01
-9.886179999999999968e-01
-9.883300000000000418e-01
-9.882379999999999498e-01
-9.879519999999999413e-01
-9.881100000000000438e-01
-9.883520000000000083e-01
-9.878719999999999724e-01
-9.880379999999999718e-01
-9.881259999999999488e-01
-9.878660000000000219e-01
-9.878919999999999924e-01
-9.877120000000000344e-01
-9.876759999999999984e-01
-9.876119999999999344e-01
-9.873520000000000074e-01
-9.874979999999999869e-01
-9.871699999999999919e-01
-9.874720000000000164e-01
-9.869299999999999740e-01
-9.870499999999999829e-01
-9.868299999999999850e-01
-9.868639999999999635e-01
-9.870219999999999549e-01
-9.865420000000000300e-01
-9.869499999999999940e-01
-9.866380000000000150e-01
-9.862220000000000431e-01
-9.863859999999999850e-01
-9.864619999999999500e-01
-9.862259999999999360e-01
-9.862680000000000335e-01
-9.858939999999999371e-01
-9.860799999999999566e-01
-9.857040000000000246e-01
-9.858419999999999961e-01
-9.856739999999999391e-01
-9.857819999999999361e-01
-9.850740000000000052e-01
-9.856779999999999431e-01
-9.850980000000000292e-01
-9.854020000000000001e-01
-9.850160000000000027e-01
-9.852680000000000327e-01
-9.850980000000000292e-01
-9.850200000000000067e-01
-9.849379999999999802e-01
-9.845659999999999412e-01
-9.846739999999999382e-01
-9.842259999999999343e-01
-9.839080000000000048e-01
-9.843020000000000103e-01
-9.842339999999999423e-01
-9.841039999999999788e-01
-9.837660000000000293e-01
-9.836540000000000283e-01
-9.838240000000000318e-01
-9.834340000000000304e-01
-9.838099999999999623e-01
-9.831060000000000354e-01
-9.831799999999999429e-01
-9.830719999999999459e-01
-9.830820000000000114e-01
-9.827979999999999494e-01
-9.830379999999999674e-01
-9.828500000000000014e-01
-9.827679999999999749e-01
-9.826439999999999619e-01
-9.825500000000000345e-01
-9.824680000000000080e-01
-9.821139999999999315e-01
-9.821739999999999915e-01
-9.822980000000000045e-01
-9.818459999999999965e-01
-9.816840000000000011e-01
-9.813919999999999311e-01
-9.815500000000000336e-01
-9.813699999999999646e-01
-9.814399999999999791e-01
-9.810860000000000136e-01
-9.811079999999999801e-01
-9.807620000000000227e-01
-9.808540000000000036e-01
-9.809059999999999446e-01
-9.805500000000000327e-01
-9.802379999999999427e-01
-9.802359999999999962e-01
-9.799820000000000197e-01
-9.800119999999999942e-01
-9.801480000000000192e-01
-9.798780000000000268e-01
-9.796639999999999793e-01
-9.799599999999999422e-01
-9.790679999999999383e-01
-9.796580000000000288e-01
-9.789299999999999669e-01
-9.788860000000000339e-01
-9.788280000000000314e-01
-9.788160000000000194e-01
-9.785380000000000189e-01
-9.786679999999999824e-01
-9.780400000000000205e-01
-9.777780000000000360e-01
-9.776620000000000310e-01
-9.777620000000000200e-01
-9.776739999999999320e-01
-9.772480000000000055e-01
-9.775479999999999725e-01
-9.770780000000000021e-01
-9.771239999999999926e-01
-9.772159999999999735e-01
-9.765759999999999996e-01
-9.766819999999999391e-01
-9.764979999999999771e-01
-9.764559999999999906e-01
-9.759919999999999707e-01
-9.761779999999999902e-01
-9.758299999999999752e-01
-9.757219999999999782e-01
-9.755300000000000082e-01
-9.753640000000000088e-01
-9.747959999999999958e-01
-9.751219999999999333e-01
-9.747379999999999933e-01
-9.746960000000000068e-01
-9.746199999999999308e-01
-9.746879999999999988e-01
-9.742879999999999319e-01
-9.742680000000000229e-01
-9.736939999999999484e-01
-9.735019999999999785e-01
-9.734939999999999705e-01
-9.733499999999999375e-01
-9.730520000000000280e-01
-9.726099999999999746e-01
-9.727519999999999500e-01
-9.725119999999999321e-01
-9.722600000000000131e-01
-9.723399999999999821e-01
-9.718459999999999877e-01
-9.719900000000000206e-01
-9.714760000000000062e-01
-9.713279999999999692e-01
-9.711819999999999897e-01
-9.709160000000000013e-01
-9.710600000000000342e-01
-9.709820000000000118e-01
-9.704079999999999373e-01
-9.699959999999999694e-01
-9.700560000000000294e-01
-9.700280000000000014e-01
-9.698259999999999659e-01
-9.698240000000000194e-01
-9.690259999999999430e-01
-9.690400000000000125e-01
-9.688219999999999610e-01
-9.681939999999999991e-01
-9.679539999999999811e-01
-9.679299999999999571e-01
-9.680320000000000036e-01
-9.677080000000000126e-01
-9.678339999999999721e-01
-9.676099999999999701e-01
-9.668999999999999817e-01
-9.666819999999999302e-01
-9.662739999999999663e-01
-9.666719999999999757e-01
-9.660119999999999818e-01
-9.655580000000000274e-01
-9.653519999999999879e-01
-9.648339999999999694e-01
-9.651760000000000339e-01
-9.652159999999999629e-01
-9.647839999999999749e-01
-9.646279999999999299e-01
-9.644079999999999320e-01
-9.644179999999999975e-01
-9.641220000000000345e-01
-9.632640000000000091e-01
-9.633260000000000156e-01
-9.631440000000000001e-01
-9.628099999999999437e-01
-9.626620000000000177e-01
-9.622739999999999627e-01
-9.618480000000000363e-01
-9.617240000000000233e-01
-9.612640000000000073e-01
-9.613019999999999898e-01
-9.610400000000000054e-01
-9.604340000000000099e-01
-9.606080000000000174e-01
-9.608160000000000034e-01
-9.597999999999999865e-01
-9.595839999999999925e-01
-9.593039999999999345e-01
-9.589839999999999476e-01
-9.583699999999999442e-01
-9.575439999999999507e-01
-9.580680000000000307e-01
-9.580480000000000107e-01
-9.576959999999999917e-01
-9.577539999999999942e-01
-9.566459999999999964e-01
-9.563159999999999439e-01
-9.566700000000000204e-01
-9.561640000000000139e-01
-9.555519999999999570e-01
-9.545439999999999481e-01
-9.546499999999999986e-01
-9.547099999999999476e-01
-9.544620000000000326e-01
-9.539879999999999471e-01
-9.539100000000000357e-01
-9.532880000000000242e-01
-9.527980000000000338e-01
-9.526679999999999593e-01
-9.525299999999999878e-01
-9.521479999999999944e-01
-9.516719999999999624e-01
-9.512100000000000000e-01
-9.498560000000000336e-01
-9.507820000000000160e-01
-9.502960000000000296e-01
-9.495280000000000387e-01
-9.495580000000000132e-01
-9.494019999999999682e-01
-9.486080000000000068e-01
-9.484019999999999673e-01
-9.476620000000000044e-01
-9.473399999999999599e-01
-9.472479999999999789e-01
-9.462800000000000100e-01
-9.466200000000000170e-01
-9.465979999999999395e-01
-9.458879999999999511e-01
-9.444919999999999982e-01
-9.449739999999999807e-01
-9.438199999999999923e-01
-9.438459999999999628e-01
-9.433660000000000379e-01
-9.432920000000000194e-01
-9.430199999999999694e-01
-9.423700000000000410e-01
-9.414599999999999635e-01
-9.413819999999999411e-01
-9.406759999999999566e-01
-9.398259999999999392e-01
-9.400199999999999667e-01
-9.389819999999999833e-01
-9.399659999999999682e-01
-9.391680000000000028e-01
-9.375780000000000225e-01
-9.372519999999999740e-01
-9.365280000000000271e-01
-9.370060000000000056e-01
-9.362279999999999491e-01
-9.353420000000000067e-01
-9.352580000000000338e-01
-9.354080000000000172e-01
-9.344679999999999653e-01
-9.338119999999999754e-01
-9.335280000000000244e-01
-9.324599999999999556e-01
-9.322239999999999416e-01
-9.314799999999999747e-01
-9.316020000000000412e-01
-9.309239999999999737e-01
-9.301239999999999508e-01
-9.292239999999999389e-01
-9.288939999999999975e-01
-9.278300000000000436e-01
-9.280140000000000056e-01
-9.268919999999999382e-01
-9.262319999999999443e-01
-9.252979999999999539e-01
-9.254900000000000349e-01
-9.245219999999999549e-01
-9.242099999999999760e-01
-9.239760000000000195e-01
-9.229720000000000146e-01
-9.214999999999999858e-01
-9.217239999999999878e-01
-9.212660000000000293e-01
-9.205539999999999834e-01
-9.199500000000000455e-01
-9.197520000000000140e-01
-9.189159999999999551e-01
-9.185539999999999816e-01
-9.170540000000000358e-01
-9.163900000000000379e-01
-9.159519999999999884e-01
-9.150859999999999550e-01
-9.145879999999999566e-01
-9.132460000000000022e-01
-9.128739999999999633e-01
-9.124560000000000448e-01
-9.115219999999999434e-01
-9.116680000000000339e-01
-9.106579999999999675e-01
-9.097600000000000131e-01
-9.083480000000000443e-01
-9.082620000000000138e-01
-9.071639999999999704e-01
-9.059500000000000330e-01
-9.052219999999999711e-01
-9.046640000000000237e-01
-9.044740000000000002e-01
-9.030059999999999754e-01
-9.034719999999999418e-01
-9.018279999999999630e-01
-9.004480000000000262e-01
-8.986760000000000304e-01
-8.990200000000000413e-01
-8.986100000000000199e-01
-8.963959999999999706e-01
-8.964839999999999476e-01
-8.959399999999999586e-01
-8.946319999999999828e-01
-8.930899999999999395e-01
-8.927159999999999540e-01
-8.912280000000000202e-01
-8.894140000000000379e-01
-8.898620000000000418e-01
-8.881839999999999735e-01
-8.867079999999999407e-01
-8.858880000000000088e-01
-8.850400000000000489e-01
-8.844499999999999584e-01
-8.844180000000000375e-01
-8.824600000000000222e-01
-8.812640000000000473e-01
-8.813379999999999548e-01
-8.788099999999999801e-01
-8.782400000000000206e-01
-8.762259999999999494e-01
-8.751919999999999700e-01
-8.722199999999999953e-01
-8.732280000000000042e-01
-8.710280000000000244e-01
-8.703760000000000385e-01
-8.689719999999999667e-01
-8.679799999999999738e-01
-8.662720000000000420e-01
-8.654680000000000151e-01
-8.648399999999999421e-01
-8.627599999999999714e-01
-8.618179999999999730e-01
-8.602999999999999536e-01
-8.580379999999999674e-01
-8.571060000000000345e-01
-8.554159999999999542e-01
-8.548059999999999548e-01
-8.536740000000000439e-01
-8.522260000000000391e-01
-8.491999999999999549e-01
-8.481680000000000330e-01
-8.485740000000000505e-01
-8.462640000000000162e-01
-8.438560000000000505e-01
-8.415019999999999722e-01
-8.405899999999999483e-01
-8.393439999999999790e-01
-8.381939999999999946e-01
-8.349539999999999740e-01
-8.322039999999999438e-01
-8.301340000000000385e-01
-8.296799999999999731e-01
-8.278820000000000068e-01
-8.240720000000000267e-01
-8.242540000000000422e-01
-8.207360000000000211e-01
-8.210739999999999705e-01
-8.167379999999999640e-01
-8.169499999999999540e-01
-8.123580000000000245e-01
-8.113259999999999916e-01
-8.117760000000000531e-01
-8.068999999999999506e-01
-8.047020000000000284e-01
-8.025039999999999951e-01
-8.008399999999999963e-01
-7.993479999999999475e-01
-7.958859999999999824e-01
-7.919000000000000483e-01
-7.918640000000000123e-01
-7.876400000000000068e-01
-7.850740000000000496e-01
-7.832040000000000113e-01
-7.820240000000000524e-01
-7.789700000000000513e-01
-7.731679999999999664e-01
-7.717579999999999441e-01
-7.700339999999999963e-01
-7.669660000000000366e-01
-7.599540000000000184e-01
-7.601839999999999709e-01
-7.566800000000000193e-01
-7.536819999999999631e-01
-7.510759999999999659e-01
-7.478299999999999947e-01
-7.441900000000000182e-01
-7.415939999999999754e-01
-7.351659999999999862e-01
-7.320060000000000455e-01
-7.287900000000000489e-01
-7.260799999999999477e-01
-7.231100000000000305e-01
-7.165059999999999762e-01
-7.129020000000000357e-01
-7.085420000000000051e-01
-7.031640000000000112e-01
-7.002899999999999681e-01
-6.945900000000000407e-01
-6.922319999999999585e-01
-6.858980000000000077e-01
-6.816520000000000357e-01
-6.747400000000000064e-01
-6.706499999999999684e-01
-6.633539999999999992e-01
-6.589500000000000357e-01
-6.524499999999999744e-01
-6.461000000000000076e-01
-6.412360000000000282e-01
-6.328899999999999526e-01
-6.289259999999999851e-01
-6.213659999999999739e-01
-6.181659999999999933e-01
-6.112159999999999815e-01
-5.973359999999999781e-01
-5.928539999999999921e-01
-5.851279999999999815e-01
-5.783340000000000147e-01
-5.726099999999999524e-01
-5.600359999999999783e-01
-5.530019999999999936e-01
-5.434039999999999981e-01
-5.385119999999999907e-01
-5.229099999999999859e-01
-5.167559999999999931e-01
-5.014939999999999953e-01
-4.934419999999999917e-01
-4.794300000000000228e-01
-4.678820000000000201e-01
-4.547419999999999796e-01
-4.469179999999999819e-01
-4.341920000000000224e-01
-4.161279999999999979e-01
-4.115719999999999934e-01
-3.916919999999999846e-01
-3.764219999999999788e-01
-3.620820000000000149e-01
-3.482000000000000095e-01
-3.355139999999999789e-01
-3.183199999999999918e-01
-3.000760000000000094e-01
-2.842379999999999907e-01
-2.610219999999999763e-01
-2.481919999999999960e-01
-2.300399999999999945e-01
-2.104479999999999962e-01
-1.824620000000000131e-01
-1.690840000000000121e-01
-1.444840000000000013e-01
-1.253160000000000107e-01
-1.121899999999999981e-01
-8.544999999999999818e-02
-6.601200000000000123e-02
-3.964999999999999775e-02
-2.110199999999999923e-02
-5.271999999999999777e-03
2.441000000000000114e-02
4.492999999999999772e-02
6.575000000000000289e-02
8.567400000000000015e-02
1.130160000000000053e-01
1.225220000000000059e-01
1.453560000000000130e-01
1.673820000000000030e-01
1.845479999999999898e-01
2.050720000000000043e-01
2.278459999999999930e-01
2.436679999999999957e-01
2.669960000000000111e-01
2.830320000000000058e-01
3.014060000000000072e-01
3.144819999999999838e-01
3.316020000000000079e-01
3.465079999999999827e-01
3.606059999999999821e-01
3.791260000000000185e-01
3.929059999999999775e-01
4.058120000000000061e-01
4.234140000000000126e-01
4.343980000000000063e-01
4.501640000000000086e-01
4.557459999999999845e-01
4.716719999999999802e-01
4.829160000000000119e-01
4.885820000000000163e-01
5.055779999999999719e-01
5.120599999999999596e-01
5.233680000000000554e-01
5.319800000000000084e-01
5.441799999999999971e-01
5.525079999999999991e-01
5.597640000000000393e-01
5.677539999999999809e-01
5.808060000000000445e-01
5.881100000000000216e-01
5.923460000000000392e-01
5.997360000000000468e-01
6.097360000000000557e-01
6.170640000000000569e-01
6.246739999999999515e-01
6.299620000000000219e-01
6.345699999999999674e-01
6.405359999999999943e-01
6.471120000000000205e-01
6.547800000000000287e-01
6.582940000000000458e-01
6.644160000000000066e-01
6.703360000000000429e-01
6.729960000000000386e-01
6.802620000000000333e-01
6.857659999999999867e-01
6.879920000000000480e-01
6.929539999999999589e-01
7.005519999999999525e-01
7.031039999999999512e-01
7.090539999999999621e-01
7.120760000000000423e-01
7.172340000000000382e-01
7.207919999999999883e-01
7.227820000000000356e-01
7.282499999999999529e-01
7.340839999999999588e-01
7.346200000000000507e-01
7.394699999999999607e-01
7.450039999999999996e-01
7.443520000000000136e-01
7.501020000000000465e-01
7.543199999999999905e-01
7.563419999999999588e-01
7.609160000000000368e-01
7.637620000000000520e-01
7.663699999999999957e-01
7.689960000000000129e-01
7.706460000000000532e-01
7.763999999999999790e-01
7.778239999999999599e-01
7.814240000000000075e-01
7.834240000000000093e-01
7.852839999999999820e-01
7.877800000000000358e-01
7.918380000000000418e-01
7.924419999999999797e-01
7.960220000000000073e-01
7.985280000000000156e-01
8.012880000000000003e-01
8.033360000000000500e-01
8.060960000000000347e-01
8.082460000000000200e-01
8.105339999999999767e-01
8.129960000000000520e-01
8.141220000000000123e-01
8.162700000000000511e-01
8.175080000000000124e-01
8.196820000000000217e-01
8.220420000000000504e-01
8.239220000000000432e-01
8.260999999999999455e-01
8.288860000000000117e-01
8.284660000000000357e-01
8.314979999999999594e-01
8.331819999999999782e-01
8.366299999999999848e-01
8.395359999999999490e-01
8.385399999999999521e-01
8.398780000000000134e-01
8.419440000000000257e-01
8.430419999999999581e-01
8.431919999999999416e-01
8.473319999999999741e-01
8.477040000000000131e-01
8.506240000000000467e-01
8.521159999999999846e-01
8.531919999999999504e-01
8.542060000000000208e-01
8.560520000000000351e-01
8.581879999999999509e-01
8.594720000000000137e-01
8.595119999999999427e-01
8.627599999999999714e-01
8.623419999999999419e-01
8.640200000000000102e-01
8.654140000000000166e-01
8.673319999999999919e-01
8.689500000000000002e-01
8.693680000000000296e-01
8.702539999999999720e-01
8.719099999999999628e-01
8.728219999999999867e-01
8.740719999999999601e-01
8.751400000000000290e-01
8.775439999999999907e-01
8.782900000000000151e-01
8.785699999999999621e-01
8.797239999999999505e-01
8.816859999999999697e-01
8.829080000000000261e-01
8.831579999999999986e-01
8.841620000000000035e-01
8.855100000000000193e-01
8.856479999999999908e-01
8.883299999999999530e-01
8.882400000000000295e-01
8.895459999999999479e-01
8.909380000000000077e-01
8.913539999999999797e-01
8.920960000000000001e-01
8.938279999999999559e-01
8.936359999999999859e-01
8.956760000000000277e-01
8.958800000000000097e-01
8.967319999999999736e-01
8.975339999999999430e-01
8.977399999999999824e-01
8.999319999999999542e-01
9.014980000000000215e-01
9.014419999999999655e-01
9.030460000000000154e-01
9.031860000000000444e-01
9.033179999999999543e-01
9.046959999999999447e-01
9.062240000000000295e-01
9.072679999999999634e-01
9.072139999999999649e-01
9.079920000000000213e-01
9.093879999999999741e-01
9.089819999999999567e-01
9.103580000000000005e-01
9.099819999999999576e-01
9.109099999999999975e-01
9.119000000000000439e-01
9.129680000000000017e-01
9.139420000000000321e-01
9.146859999999999991e-01
9.156180000000000430e-01
9.146619999999999751e-01
9.168619999999999548e-01
9.182240000000000402e-01
9.179420000000000357e-01
9.187659999999999716e-01
9.187699999999999756e-01
9.206419999999999604e-01
9.202200000000000379e-01
9.211779999999999413e-01
9.218800000000000328e-01
9.218959999999999377e-01
9.233799999999999786e-01
9.241139999999999910e-01
9.238760000000000305e-01
9.248119999999999674e-01
9.255879999999999663e-01
9.263460000000000027e-01
9.266780000000000017e-01
9.263919999999999932e-01
9.282519999999999660e-01
9.283839999999999870e-01
9.300239999999999618e-01
9.293879999999999919e-01
9.307999999999999607e-01
9.303460000000000063e-01
9.310500000000000442e-01
9.316639999999999366e-01
9.327919999999999545e-01
9.327199999999999935e-01
9.339079999999999604e-01
9.336579999999999879e-01
9.347980000000000178e-01
9.349520000000000053e-01
9.361579999999999346e-01
9.357839999999999492e-01
9.360199999999999632e-01
9.364820000000000366e-01
9.368279999999999941e-01
9.377219999999999445e-01
9.381639999999999979e-01
9.378640000000000310e-01
9.394299999999999873e-01
9.393359999999999488e-01
9.406059999999999421e-01
9.408520000000000216e-01
9.414160000000000306e-01
9.412920000000000176e-01
9.420720000000000205e-01
9.422479999999999745e-01
9.431059999999999999e-01
9.421960000000000335e-01
9.437799999999999523e-01
9.434500000000000108e-01
9.437959999999999683e-01
9.445799999999999752e-01
9.453979999999999606e-01
9.457079999999999931e-01
9.465040000000000120e-01
9.465899999999999315e-01
9.467980000000000285e-01
9.473219999999999974e-01
9.475200000000000289e-01
9.479360000000000008e-01
9.484639999999999738e-01
9.494679999999999787e-01
9.496139999999999581e-01
9.491319999999999757e-01
9.499900000000000011e-01
9.495639999999999636e-01
9.511699999999999600e-01
9.519499999999999629e-01
9.512439999999999785e-01
9.517039999999999944e-01
9.522239999999999593e-01
9.520760000000000334e-01
9.529919999999999503e-01
9.532579999999999387e-01
9.530440000000000023e-01
9.534620000000000317e-01
9.540619999999999656e-01
9.540259999999999296e-01
9.549199999999999910e-01
9.548959999999999670e-01
9.553599999999999870e-01
9.561520000000000019e-01
9.552539999999999365e-01
9.560839999999999339e-01
9.568799999999999528e-01
9.567539999999999933e-01
9.569459999999999633e-01
9.573340000000000183e-01
9.573819999999999553e-01
9.584540000000000282e-01
9.585559999999999636e-01
9.593140000000000001e-01
9.590659999999999741e-01
9.586700000000000221e-01
9.598900000000000210e-01
9.597360000000000335e-01
9.598559999999999315e-01
9.609119999999999884e-01
9.603659999999999419e-01
9.609679999999999334e-01
9.609699999999999909e-01
9.612939999999999818e-01
9.613380000000000258e-01
9.617539999999999978e-01
9.626879999999999882e-01
9.623840000000000172e-01
9.628360000000000252e-01
9.626700000000000257e-01
9.631619999999999626e-01
9.635099999999999776e-01
9.639839999999999520e-01
9.643239999999999590e-01
9.641359999999999930e-01
9.641680000000000250e-01
9.643340000000000245e-01
9.647900000000000365e-01
9.652300000000000324e-01
9.656019999999999603e-01
9.657799999999999718e-01
9.658459999999999823e-01
9.658259999999999623e-01
9.668479999999999297e-01
9.661899999999999933e-01
9.666059999999999652e-01
9.671899999999999942e-01
9.673479999999999857e-01
9.675939999999999541e-01
9.680099999999999261e-01
9.679400000000000226e-01
9.680480000000000196e-01
9.682159999999999656e-01
9.691779999999999839e-01
9.686500000000000110e-01
9.688259999999999650e-01
9.691959999999999464e-01
9.692939999999999889e-01
9.695880000000000054e-01
9.700759999999999383e-01
9.700759999999999383e-01
9.699599999999999334e-01
9.704579999999999318e-01
9.705759999999999943e-01
9.710239999999999982e-01
9.706719999999999793e-01
9.710379999999999567e-01
9.714559999999999862e-01
9.716339999999999977e-01
9.718099999999999516e-01
9.722499999999999476e-01
9.721600000000000241e-01
9.726879999999999971e-01
9.726519999999999611e-01
9.728539999999999965e-01
9.730480000000000240e-01
9.734359999999999680e-01
9.735779999999999434e-01
9.732999999999999430e-01
9.741400000000000059e-01
9.737000000000000099e-01
9.733619999999999495e-01
9.740240000000000009e-01
9.743380000000000374e-01
9.743340000000000334e-01
9.746519999999999628e-01
9.748759999999999648e-01
9.751839999999999398e-01
9.751520000000000188e-01
9.752159999999999718e-01
9.754979999999999762e-01
9.756279999999999397e-01
9.752319999999999878e-01
9.759039999999999937e-01
9.762140000000000262e-01
9.763659999999999561e-01
9.763659999999999561e-01
9.768419999999999881e-01
9.772419999999999440e-01
9.769639999999999436e-01
9.775359999999999605e-01
9.767379999999999951e-01
9.772699999999999720e-01
9.776179999999999870e-01
9.772419999999999440e-01
9.780320000000000125e-01
9.775500000000000300e-01
9.782539999999999569e-01
9.782760000000000344e-01
9.783300000000000329e-01
9.784479999999999844e-01
9.786340000000000039e-01
9.788000000000000034e-01
9.790659999999999918e-01
9.794039999999999413e-01
9.796759999999999913e-01
9.793939999999999868e-01
9.795519999999999783e-01
9.799379999999999757e-01
9.797240000000000393e-01
9.799240000000000173e-01
9.800339999999999607e-01
9.801600000000000312e-01
9.804340000000000277e-01
9.803079999999999572e-01
9.805319999999999592e-01
9.808080000000000132e-01
9.809839999999999671e-01
9.808080000000000132e-01
9.814119999999999511e-01
9.813319999999999821e-01
9.815439999999999721e-01
9.813539999999999486e-01
9.815199999999999481e-01
9.816239999999999410e-01
9.819339999999999735e-01
9.819639999999999480e-01
9.817080000000000251e-01
9.821959999999999580e-01
9.825059999999999905e-01
9.823600000000000110e-01
9.826359999999999539e-01
9.825220000000000065e-01
9.827819999999999334e-01
9.829379999999999784e-01
9.831060000000000354e-01
9.829679999999999529e-01
9.827899999999999414e-01
9.832619999999999694e-01
9.832879999999999399e-01
9.835079999999999378e-01
9.834680000000000089e-01
9.836000000000000298e-01
9.838359999999999328e-01
9.836660000000000403e-01
9.837639999999999718e-01
9.841280000000000028e-01
9.842940000000000023e-01
9.841560000000000308e-01
9.841679999999999318e-01
9.845239999999999547e-01
9.847120000000000317e-01
9.847319999999999407e-01
9.848879999999999857e-01
9.850639999999999397e-01
9.850579999999999892e-01
9.847859999999999392e-01
9.851419999999999622e-01
9.851199999999999957e-01
9.852039999999999687e-01
9.856380000000000141e-01
9.859299999999999731e-01
9.856679999999999886e-01
9.858320000000000416e-01
9.855659999999999421e-01
9.856139999999999901e-01
9.858379999999999921e-01
9.858820000000000361e-01
9.859639999999999516e-01
9.865099999999999980e-01
9.859839999999999716e-01
9.867819999999999370e-01
9.863060000000000160e-01
9.865300000000000180e-01
9.867479999999999585e-01
9.865300000000000180e-01
9.869719999999999605e-01
9.867660000000000320e-01
9.871199999999999974e-01
9.871539999999999759e-01
9.872879999999999434e-01
9.873979999999999979e-01
9.876899999999999569e-01
9.874039999999999484e-01
9.875680000000000014e-01
9.873399999999999954e-01
9.877799999999999914e-01
9.877299999999999969e-01
9.875979999999999759e-01
9.879679999999999573e-01
9.883579999999999588e-01
9.880459999999999798e-01
9.882560000000000233e-01
9.882199999999999873e-01
9.882299999999999418e-01
9.884319999999999773e-01
9.885399999999999743e-01
9.883199999999999763e-01
9.882959999999999523e-01
9.886599999999999833e-01
9.885420000000000318e-01
9.888500000000000068e-01
9.892940000000000067e-01
9.890499999999999847e-01
9.891360000000000152e-01
9.892640000000000322e-01
9.891179999999999417e-01
9.892579999999999707e-01
9.894880000000000342e-01
9.894760000000000222e-01
9.892499999999999627e-01
9.895319999999999672e-01
9.896819999999999506e-01
9.895760000000000112e-01
9.895340000000000247e-01
9.894539999999999447e-01
9.897620000000000307e-01
9.897599999999999731e-01
9.901360000000000161e-01
9.899719999999999631e-01
9.899459999999999926e-01
9.899580000000000046e-01
9.899259999999999726e-01
9.902619999999999756e-01
9.903079999999999661e-01
9.904359999999999831e-01
9.899400000000000421e-01
9.902499999999999636e-01
9.903440000000000021e-01
9.906540000000000346e-01
