-1.000000000000000000e+00
-1.000000000000000000e+00
-1.000000000000000000e+00
-1.000000000000000000e+00
-1.000000000000000000e+00
-1.000000000000000000e+00
-1.000000000000000000e+00
-9.999995000000000411e-01
-9.999995000000000411e-01
-1.000000000000000000e+00
-1.000000000000000000e+00
-9.999995000000000411e-01
-1.000000000000000000e+00
-1.000000000000000000e+00
-9.999995000000000411e-01
-9.999995000000000411e-01
-9.999989999999999712e-01
-1.000000000000000000e+00
-9.999995000000000411e-01
-9.999995000000000411e-01
-9.999995000000000411e-01
-9.999995000000000411e-01
-1.000000000000000000e+00
-9.999989999999999712e-01
-1.000000000000000000e+00
-9.999989999999999712e-01
-9.999995000000000411e-01
-9.999995000000000411e-01
-9.999980000000000535e-01
-9.999995000000000411e-01
-9.999995000000000411e-01
-9.999989999999999712e-01
-9.999989999999999712e-01
-9.999964999999999549e-01
-9.999985000000000124e-01
-9.999980000000000535e-01
-9.999980000000000535e-01
-9.999980000000000535e-01
-9.999980000000000535e-01
-9.999985000000000124e-01
-9.999959999999999960e-01
-9.999974999999999836e-01
-9.999934999999999796e-01
-9.999970000000000248e-01
-9.999980000000000535e-01
-9.999964999999999549e-01
-9.999934999999999796e-01
-9.999930000000000208e-01
-9.999945000000000084e-01
-9.999959999999999960e-01
-9.999934999999999796e-01
-9.999930000000000208e-01
-9.999909999999999632e-01
-9.999900000000000455e-01
-9.999894999999999756e-01
-9.999865000000000004e-01
-9.999900000000000455e-01
-9.999875000000000291e-01
-9.999919999999999920e-01
-9.999795000000000211e-01
-9.999850000000000128e-01
-9.999824999999999964e-01
-9.999749999999999472e-01
-9.999810000000000088e-01
-9.999810000000000088e-01
-9.999795000000000211e-01
-9.999780000000000335e-01
-9.999784999999999924e-01
-9.999740000000000295e-01
-9.999620000000000175e-01
-9.999544999999999684e-01
-9.999514999999999931e-01
-9.999519999999999520e-01
-9.999424999999999564e-01
-9.999354999999999771e-01
-9.999419999999999975e-01
-9.999225000000000474e-01
-9.999265000000000514e-01
-9.999265000000000514e-01
-9.999135000000000106e-01
-9.999019999999999575e-01
-9.998814999999999786e-01
-9.998660000000000325e-01
-9.998759999999999870e-01
-9.998704999999999954e-01
-9.998359999999999470e-01
-9.998145000000000504e-01
-9.998004999999999809e-01
-9.998110000000000053e-01
-9.997935000000000016e-01
-9.997565000000000479e-01
-9.997234999999999872e-01
-9.997059999999999835e-01
-9.996705000000000174e-01
-9.996675000000000422e-01
-9.996150000000000313e-01
-9.995979999999999865e-01
-9.995659999999999545e-01
-9.994425000000000114e-01
-9.994435000000000402e-01
-9.993705000000000505e-01
-9.993210000000000148e-01
-9.992974999999999497e-01
-9.991820000000000146e-01
-9.991050000000000209e-01
-9.990170000000000439e-01
-9.989390000000000214e-01
-9.988920000000000021e-01
-9.987215000000000398e-01
-9.986525000000000540e-01
-9.984530000000000349e-01
-9.983530000000000459e-01
-9.981149999999999745e-01
-9.980210000000000470e-01
-9.978169999999999540e-01
-9.975500000000000478e-01
-9.973724999999999952e-01
-9.971189999999999776e-01
-9.968485000000000262e-01
-9.966059999999999919e-01
-9.960750000000000437e-01
-9.957924999999999693e-01
-9.954205000000000414e-01
-9.950189999999999868e-01
-9.944579999999999531e-01
-9.938525000000000276e-01
-9.933115000000000139e-01
-9.925929999999999476e-01
-9.917934999999999945e-01
-9.910265000000000324e-01
-9.900729999999999809e-01
-9.890700000000000047e-01
-9.879390000000000116e-01
-9.863935000000000342e-01
-9.851824999999999610e-01
-9.836389999999999301e-01
-9.816705000000000014e-01
-9.797574999999999479e-01
-9.772889999999999633e-01
-9.744665000000000132e-01
-9.712874999999999703e-01
-9.677824999999999900e-01
-9.636339999999999906e-01
-9.585019999999999651e-01
-9.521315000000000195e-01
-9.452015000000000278e-01
-9.360165000000000290e-01
-9.231774999999999842e-01
-9.049475000000000158e-01
-8.727264999999999606e-01
3.692010000000000014e-01
8.751109999999999722e-01
9.043640000000000567e-01
9.227769999999999584e-01
9.351159999999999473e-01
9.450760000000000272e-01
9.525445000000000162e-01
9.585690000000000044e-01
9.636784999999999934e-01
9.679299999999999571e-01
9.715779999999999417e-01
9.745610000000000106e-01
9.772885000000000044e-01
9.796534999999999549e-01
9.818354999999999722e-01
9.833269999999999511e-01
9.852049999999999974e-01
9.866694999999999771e-01
9.879179999999999628e-01
9.890639999999999432e-01
9.900579999999999936e-01
9.911100000000000465e-01
9.917970000000000397e-01
9.926319999999999588e-01
9.932919999999999527e-01
9.939365000000000006e-01
9.944610000000000394e-01
9.950019999999999420e-01
9.954705000000000359e-01
9.958669999999999467e-01
9.962210000000000232e-01
9.965659999999999519e-01
9.968359999999999443e-01
9.971425000000000427e-01
9.973235000000000294e-01
9.976559999999999873e-01
9.978095000000000159e-01
9.979209999999999470e-01
9.981565000000000021e-01
9.983944999999999625e-01
9.984534999999999938e-01
9.986494999999999678e-01
9.987310000000000354e-01
9.988380000000000036e-01
9.989630000000000454e-01
9.990485000000000060e-01
9.991025000000000045e-01
9.992345000000000255e-01
9.992929999999999868e-01
9.993229999999999613e-01
9.994245000000000489e-01
9.994285000000000529e-01
9.994904999999999484e-01
9.995330000000000048e-01
9.995465000000000044e-01
9.996184999999999654e-01
9.996445000000000469e-01
9.996810000000000418e-01
9.996895000000000087e-01
9.997325000000000239e-01
9.997449999999999948e-01
9.997774999999999856e-01
9.997875000000000512e-01
9.998124999999999929e-01
9.998200000000000420e-01
9.998445000000000249e-01
9.998599999999999710e-01
9.998730000000000118e-01
9.998905000000000154e-01
9.998924999999999619e-01
9.999025000000000274e-01
9.999074999999999491e-01
9.999209999999999487e-01
9.999204999999999899e-01
9.999204999999999899e-01
9.999449999999999728e-01
9.999390000000000223e-01
9.999400000000000510e-01
9.999489999999999768e-01
9.999580000000000135e-01
9.999590000000000423e-01
9.999620000000000175e-01
9.999685000000000379e-01
9.999744999999999884e-01
9.999645000000000339e-01
9.999734999999999596e-01
9.999795000000000211e-01
9.999784999999999924e-01
9.999740000000000295e-01
9.999854999999999716e-01
9.999854999999999716e-01
9.999820000000000375e-01
9.999890000000000168e-01
9.999845000000000539e-01
9.999915000000000331e-01
9.999879999999999880e-01
9.999905000000000044e-01
9.999890000000000168e-01
9.999909999999999632e-01
9.999900000000000455e-01
9.999909999999999632e-01
9.999964999999999549e-01
9.999964999999999549e-01
9.999970000000000248e-01
9.999949999999999672e-01
9.999974999999999836e-01
9.999959999999999960e-01
9.999955000000000371e-01
9.999940000000000495e-01
9.999980000000000535e-01
9.999989999999999712e-01
9.999949999999999672e-01
9.999980000000000535e-01
9.999970000000000248e-01
9.999980000000000535e-01
9.999985000000000124e-01
9.999989999999999712e-01
9.999985000000000124e-01
9.999974999999999836e-01
9.999985000000000124e-01
9.999989999999999712e-01
9.999985000000000124e-01
1.000000000000000000e+00
1.000000000000000000e+00
9.999985000000000124e-01
1.000000000000000000e+00
1.000000000000000000e+00
9.999985000000000124e-01
1.000000000000000000e+00
9.999995000000000411e-01
9.999995000000000411e-01
1.000000000000000000e+00
1.000000000000000000e+00
1.000000000000000000e+00
9.999995000000000411e-01
9.999995000000000411e-01
1.000000000000000000e+00
9.999989999999999712e-01
9.999995000000000411e-01
9.999995000000000411e-01
1.000000000000000000e+00
1.000000000000000000e+00
1.000000000000000000e+00
1.000000000000000000e+00
1.000000000000000000e+00
1.000000000000000000e+00
1.000000000000000000e+00
1.000000000000000000e+00
1.000000000000000000e+00
1.000000000000000000e+00
