-1.700000000000000000e+01
-1.689999999999989555e+01
-1.680000000000011440e+01
-1.669999999999988560e+01
-1.660000000000010090e+01
-1.650000000000000000e+01
-1.639999999999990266e+01
-1.629999085000011405e+01
-1.619999089999988584e+01
-1.610000000000009024e+01
-1.600000000000000355e+01
-1.589999104999991175e+01
-1.580000000000011084e+01
-1.569999999999988916e+01
-1.559999120000008510e+01
-1.549999125000000078e+01
-1.539998259999991959e+01
-1.530000000000010907e+01
-1.519999139999989168e+01
-1.509999145000007204e+01
-1.499999150000000014e+01
-1.489999154999993181e+01
-1.480000000000010729e+01
-1.469998329999989295e+01
-1.460000000000006359e+01
-1.449998350000000258e+01
-1.439999179999994361e+01
-1.429999185000010442e+01
-1.419996759999989777e+01
-1.409999195000005479e+01
-1.399999200000000066e+01
-1.389998409999995488e+01
-1.379998420000010206e+01
-1.369994504999989893e+01
-1.359997660000004416e+01
-1.349996900000000188e+01
-1.339996919999996727e+01
-1.329996940000011030e+01
-1.319996959999990160e+01
-1.309997735000003161e+01
-1.299994000000000050e+01
-1.289996274999997894e+01
-1.279990380000010752e+01
-1.269995589999990671e+01
-1.259997080000001723e+01
-1.249994925000000201e+01
-1.239990639999999367e+01
-1.229989990000010813e+01
-1.219992189999991083e+01
-1.209994360000000135e+01
-1.199990900000000238e+01
-1.189990270000000905e+01
-1.179987580000010183e+01
-1.169986299999991530e+01
-1.159985719999998643e+01
-1.149981775000000006e+01
-1.139986600000002603e+01
-1.129983375000009893e+01
-1.119989439999992165e+01
-1.109973144999997174e+01
-1.099980500000000205e+01
-1.089977425000004274e+01
-1.079968000000009276e+01
-1.069975869999992391e+01
-1.059976059999995179e+01
-1.049974375000000215e+01
-1.039972720000006134e+01
-1.029973555000009178e+01
-1.019968279999993044e+01
-1.009954019999999630e+01
-9.999454000000001841e+00
-9.899422850000068053e+00
-9.799433600000085676e+00
-9.699327249999937450e+00
-9.599251799999999335e+00
-9.499333000000001803e+00
-9.399116500000067376e+00
-9.299169450000082549e+00
-9.199176799999943199e+00
-9.099039850000005814e+00
-8.998922000000002086e+00
-8.898708350000065437e+00
-8.798552800000075891e+00
-8.698673199999950256e+00
-8.598627300000012852e+00
-8.498278000000006216e+00
-8.398071800000064258e+00
-8.297946150000070631e+00
-8.198072199999957732e+00
-8.097914350000017691e+00
-7.997565000000006918e+00
-7.897262650000062223e+00
-7.797118800000062855e+00
-7.696805849999968530e+00
-7.596810000000025376e+00
-7.496345500000007434e+00
-7.396224200000080629e+00
-7.295964800000055206e+00
-7.194872999999979868e+00
-7.094936850000033601e+00
-6.994340500000007843e+00
-6.893959900000079521e+00
-6.793825000000045300e+00
-6.692890399999991580e+00
-6.592312000000042360e+00
-6.491658500000008658e+00
-6.391096600000079064e+00
-6.290817600000034204e+00
-6.189534300000005373e+00
-6.089105250000054426e+00
-5.987655000000009053e+00
-5.887013700000078842e+00
-5.785336000000027568e+00
-5.684813700000021619e+00
-5.583461200000067848e+00
-5.481706000000011514e+00
-5.380637500000077900e+00
-5.279062700000013209e+00
-5.177424200000042553e+00
-5.076064600000081306e+00
-4.972709000000013368e+00
-4.871201250000076755e+00
-4.769094400000011724e+00
-4.666923300000044961e+00
-4.563773800000075376e+00
-4.460523250000015594e+00
-4.357747600000075217e+00
-4.253980900000018828e+00
-4.149900700000045184e+00
-4.046212650000068578e+00
-3.941551000000017346e+00
-3.836834000000072464e+00
-3.731629200000027513e+00
-3.624492950000044900e+00
-3.519531000000058363e+00
-3.413044500000019799e+00
-3.304813700000068799e+00
-3.197414750000040051e+00
-3.087682800000044470e+00
-2.977110150000043642e+00
-2.865572500000024281e+00
-2.753403250000067359e+00
-2.639583200000056973e+00
-2.523620400000043951e+00
-2.403679900000029068e+00
-2.284807750000029447e+00
-2.160532600000059755e+00
-2.029081250000056791e+00
-1.889582500000041687e+00
-1.731950650000047442e+00
-1.517782999999982563e+00
-1.735838099999949646e+00
-1.888471799999940526e+00
-2.027754099999956150e+00
-2.157552399999954851e+00
-2.284235999999970179e+00
-2.405417699999935266e+00
-2.523760299999936674e+00
-2.639725799999954603e+00
-2.754142999999950714e+00
-2.866779999999975459e+00
-2.977399099999929799e+00
-3.087448199999953680e+00
-3.196816549999953683e+00
-3.305591699999935962e+00
-3.411409499999979111e+00
-3.519639999999925717e+00
-3.626048149999966164e+00
-3.731600399999953410e+00
-3.836795599999925699e+00
-3.941405999999945120e+00
-4.046652999999914790e+00
-4.149922399999976363e+00
-4.254167599999953531e+00
-4.357613799999917603e+00
-4.461032249999950849e+00
-4.563801599999913527e+00
-4.666804399999983310e+00
-4.769443399999952149e+00
-4.871654299999909732e+00
-4.973719999999956620e+00
-5.075777599999913292e+00
-5.177346199999986354e+00
-5.279230249999944391e+00
-5.380281899999916462e+00
-5.482496999999960430e+00
-5.583404199999912443e+00
-5.684037699999869631e+00
-5.785647699999925564e+00
-5.887347549999931928e+00
-5.987658999999962539e+00
-6.089091949999912323e+00
-6.189608199999864446e+00
-6.290362399999909648e+00
-6.391303199999943452e+00
-6.491919249999965835e+00
-6.592287499999911482e+00
-6.693348149999861718e+00
-6.793787399999895449e+00
-6.893978699999953719e+00
-6.994823499999967886e+00
-7.094804349999911608e+00
-7.195315599999858591e+00
-7.295657899999884677e+00
-7.395741099999963986e+00
-7.496378749999970559e+00
-7.596593199999912116e+00
-7.696907699999855801e+00
-7.796958099999874214e+00
-7.897351749999971915e+00
-7.997451999999970695e+00
-8.097752749999910904e+00
-8.197832499999853084e+00
-8.298068749999863769e+00
-8.398127999999978499e+00
-8.498367249999970952e+00
-8.598516999999908705e+00
-8.698641099999852244e+00
-8.798817399999853350e+00
-8.898828249999969131e+00
-8.998928499999973241e+00
-9.098975249999911696e+00
-9.199115199999850390e+00
-9.299101649999846231e+00
-9.399093699999975016e+00
-9.499367499999975095e+00
-9.599292399999910685e+00
-9.699297999999847875e+00
-9.799398199999838965e+00
-9.899500199999980765e+00
-9.999507999999977415e+00
-1.009954019999991104e+01
-1.019961569999984619e+01
-1.029968634999983479e+01
-1.039955979999997915e+01
-1.049966874999997302e+01
-1.059974169999992455e+01
-1.069972694999984419e+01
-1.079966719999985081e+01
-1.089981294999996386e+01
-1.099981149999997498e+01
-1.109976419999994413e+01
-1.119985479999984257e+01
-1.129979384999986536e+01
-1.139988609999995006e+01
-1.149983799999997558e+01
-1.159987079999996418e+01
-1.169984929999984047e+01
-1.179987579999987979e+01
-1.189986099999993563e+01
-1.199987399999997706e+01
-1.209995064999997716e+01
-1.219995029999984126e+01
-1.229995709999989195e+01
-1.239992799999992279e+01
-1.249996374999997606e+01
-1.259994159999999574e+01
-1.269993384999984087e+01
-1.279991119999990445e+01
-1.289997019999991146e+01
-1.299998499999997748e+01
-1.309992450000000908e+01
-1.319996959999983943e+01
-1.329995409999991374e+01
-1.339996919999990332e+01
-1.349997674999997876e+01
-1.359998439999979603e+01
-1.369997644999983955e+01
-1.379996049999992458e+01
-1.389997614999989395e+01
-1.399998399999997822e+01
-1.409997584999978493e+01
-1.419999999999983942e+01
-1.429999999999993143e+01
-1.439997539999988163e+01
-1.449999999999997868e+01
-1.459999999999977227e+01
-1.469997494999983623e+01
-1.479999999999994031e+01
-1.489999154999987496e+01
-1.499999149999998238e+01
-1.509999999999976161e+01
-1.519999999999983409e+01
-1.529999999999994742e+01
-1.539999129999986494e+01
-1.549999124999998301e+01
-1.559999999999975273e+01
-1.569998229999983330e+01
-1.579999109999995710e+01
-1.589999104999985846e+01
-1.599999999999998224e+01
-1.609999999999974207e+01
-1.619999999999983231e+01
-1.629999999999996518e+01
-1.639999999999985292e+01
-1.649999999999998224e+01
-1.659999999999973497e+01
-1.669999999999983231e+01
-1.679999999999996163e+01
-1.689999999999984226e+01
