2.212232320424697196e+00
2.308967496786802354e+00
2.383374889694171106e+00
2.461208057961696838e+00
2.521642178462440764e+00
2.560443421284013255e+00
2.641216917358365279e+00
2.671004363264888326e+00
2.697168934365233195e+00
2.736575802636196375e+00
2.740665670826174072e+00
2.802497648811248965e+00
2.808803990071590206e+00
2.802781571386577575e+00
2.819683067995503833e+00
2.845079375499436125e+00
2.860308035356509127e+00
2.846261143617887068e+00
2.889665480411533149e+00
2.874472612277362060e+00
2.903421110288729068e+00
2.916465335880791709e+00
2.905708738499291233e+00
2.915356337709596346e+00
2.922936906909249899e+00
2.919584233320956290e+00
2.914519461562147029e+00
2.946013132278506585e+00
2.914820560206120792e+00
2.944164974942131696e+00
2.934127286137495627e+00
2.943803764565325665e+00
2.936006651046837668e+00
2.940611071380198727e+00
2.932091639462264698e+00
2.969419796687656099e+00
2.938241701418931040e+00
2.937051027811981019e+00
2.946449238719283326e+00
2.954227170132466718e+00
2.967921292877501394e+00
2.987939545570758693e+00
2.982035224766805825e+00
2.969753323622451369e+00
2.943120674881100740e+00
2.972675019143092179e+00
2.970362493666387493e+00
2.968000752253297403e+00
2.980866930933272929e+00
2.967303604001378048e+00
