1.160192549858675079e-02
1.090174770658500561e-02
1.110772291146780964e-02
1.164080277858320529e-02
1.330381454259995169e-02
1.224345191060614152e-02
1.276124207669056959e-02
1.291586308013552634e-02
1.358009520566195311e-02
1.244661888610980142e-02
1.320075849857895584e-02
1.246252684301132549e-02
1.396676864080969790e-02
1.520126382018552672e-02
1.277043199876316641e-02
1.512440473102755895e-02
1.355397715619769718e-02
1.469686862091538516e-02
1.446603637645787858e-02
1.491742102313059481e-02
1.558050274953548010e-02
1.621603199571906850e-02
1.509490754770374810e-02
1.798995359910682962e-02
1.523549708669329553e-02
1.477144156642055603e-02
1.678646986132106833e-02
1.578603380888318058e-02
1.724325919895253190e-02
1.592166611929649034e-02
1.760091945713558592e-02
1.635935439953116466e-02
1.457161214070523160e-02
1.527265353751828744e-02
1.753767497717406351e-02
1.811808069790672021e-02
1.628841146730345552e-02
1.603885632035903508e-02
1.648421307883640025e-02
1.545792030831251440e-02
1.636445580087796114e-02
1.817308320084819531e-02
1.658568822400091972e-02
1.684218840145221621e-02
1.867236060237138437e-02
1.690622130160216244e-02
1.883399367352292866e-02
1.701275205676602148e-02
1.777816546426879904e-02
1.938766381081041823e-02
1.694062021887966438e-02
1.823443755767824997e-02
1.749407106437578241e-02
1.757168477496712927e-02
1.706317516748930702e-02
2.048005888044104883e-02
1.763789884975998715e-02
1.933344861266968195e-02
1.673637129548871325e-02
1.928293578937335939e-02
1.799453696614354559e-02
1.913433326300260917e-02
1.847184822931194695e-02
1.839913191775638043e-02
1.841478891540443419e-02
2.221384277602115459e-02
1.951971643975789969e-02
2.034127421969058117e-02
2.068706727031256049e-02
2.196614785429698222e-02
2.057090648554943738e-02
1.649021747786193204e-02
1.736307108100168181e-02
1.731811269370935394e-02
2.173463138571722283e-02
1.945065394155429811e-02
1.945758425275984776e-02
1.823835997041448054e-02
2.209401742709712554e-02
2.002710210355322998e-02
1.982642064705103860e-02
1.839027802899823733e-02
2.230209813381655096e-02
1.962201634282917731e-02
2.136450386750900210e-02
1.905421223687808752e-02
2.093870642862156323e-02
2.046349755230648243e-02
2.284697502005143821e-02
1.870252638183693417e-02
1.757389983320538709e-02
2.200467587246850848e-02
2.314143027829246649e-02
2.110988098260944273e-02
2.081130481795579260e-02
2.151839330185944393e-02
2.039685802332290993e-02
2.027927202927481964e-02
2.245343017256028542e-02
2.194102921654600760e-02
2.517196992251153134e-02
2.174521601531798076e-02
2.646022084641031988e-02
2.278199699648329746e-02
2.401966156463470475e-02
2.108056853534447453e-02
2.167370590470564171e-02
2.533180798618902413e-02
2.110245981793308634e-02
2.217658747681474501e-02
2.484766748030803329e-02
2.730764961941621258e-02
2.577530943432571053e-02
2.385242583859696272e-02
2.746366181205871226e-02
2.416952674825064915e-02
2.494519456489853459e-02
2.626091356768374060e-02
2.634398356344162806e-02
2.999295257404472476e-02
2.534654925380171869e-02
3.026908783160373387e-02
2.865212962535041222e-02
2.951875372707461753e-02
2.681035016013833677e-02
2.665187814052387069e-02
3.031331379623992267e-02
3.018790593721752333e-02
3.051059719761434197e-02
2.766494178002983778e-02
2.994962798229771836e-02
3.060855279618558342e-02
3.622095020942113497e-02
3.120526682683654254e-02
3.275700548046336230e-02
3.015383595497734062e-02
3.480210727518498470e-02
3.826910929633395991e-02
3.498555310700816878e-02
3.972903686916808008e-02
3.963151415929423715e-02
3.925281371355500426e-02
4.253653893140771358e-02
4.662554310414759179e-02
4.256866776754639897e-02
4.674321953457152151e-02
4.629454517171020106e-02
5.613890072566668499e-02
4.888855053332171602e-02
5.287726914552803859e-02
4.995769099582922368e-02
5.738900074037053128e-02
5.015393897541590984e-02
5.586733460834701626e-02
5.124085435374563929e-02
5.372448980648751593e-02
6.270994581775374277e-02
5.740061577978614049e-02
5.618725240615875249e-02
6.432077203903557860e-02
6.454530245502133889e-02
5.787865168417988260e-02
7.097842169568989446e-02
7.023514954824536249e-02
7.377184092671490445e-02
7.078179094596687149e-02
7.379007975906459738e-02
6.361620540821565084e-02
6.707276727908696723e-02
5.416442415104672642e-02
6.154038510403782997e-02
5.258088975624065908e-02
5.188447863717629560e-02
4.112962744940674986e-02
4.166276132350885814e-02
3.869492267398297325e-02
3.851338836974786684e-02
3.634062276991631424e-02
3.659076004655517633e-02
3.739312851898936307e-02
3.531364023351955123e-02
3.378629960631865381e-02
3.100778323737606729e-02
2.710127625145802854e-02
2.903259076691275600e-02
2.671508415194663588e-02
2.601910642201886795e-02
2.450411868970190851e-02
2.438918797220721718e-02
2.324460502545723506e-02
2.480146250299669619e-02
2.355879916748073247e-02
2.543193988850811146e-02
2.429884071827965661e-02
2.160122425472220387e-02
2.245893130413906258e-02
2.180026336762634978e-02
2.173661851546484711e-02
2.110043929162550361e-02
2.069536586622748586e-02
2.026662879742000684e-02
1.874443649428086250e-02
1.872263261184347813e-02
1.906346596412268612e-02
1.630858773783136484e-02
1.775103413899626822e-02
1.542735549601109528e-02
1.762160694513345907e-02
1.716669537091727177e-02
1.627402327422067252e-02
1.832300639859911137e-02
1.668128575975034306e-02
1.576099309416854194e-02
1.716948331225473523e-02
1.573694438807781912e-02
1.654920217449432421e-02
1.510131378464762107e-02
1.420816819733686058e-02
1.517275197156791461e-02
1.346543734540923618e-02
1.327674781923244944e-02
1.310154033785581630e-02
1.220481587046509490e-02
1.125989691493517811e-02
1.124495255251337436e-02
9.319373968096043154e-03
1.022678922415928317e-02
7.789593691373240814e-03
7.760834339973288545e-03
7.705602217405579414e-03
7.455544032477286198e-03
7.315291759479942285e-03
6.691221526046429308e-03
6.526810704238679602e-03
5.865038698413559126e-03
5.766777279034969450e-03
5.434367087385709623e-03
5.031095625280379742e-03
5.189552134481897026e-03
4.659450750589537449e-03
4.235664613180672132e-03
3.944148812247632620e-03
4.037289262378107417e-03
3.264746227887992125e-03
3.861992632372157532e-03
3.623265138344260172e-03
3.106166638916069839e-03
3.704098950406636490e-03
2.644183851854644152e-03
2.763907358419550892e-03
2.782286125728445150e-03
2.338089639437533531e-03
2.507457116259274605e-03
2.166476083663190170e-03
2.290838081617586723e-03
1.983149233010106892e-03
1.878343530039701349e-03
1.792799345779169922e-03
1.794642067759320229e-03
1.793986436845550203e-03
1.550639403195780723e-03
1.609990752106087858e-03
1.508157497943612762e-03
1.316001960167621646e-03
1.338005610665694411e-03
1.253355510167510067e-03
1.344267988762765792e-03
1.269868286179425378e-03
1.189501074052138046e-03
1.100138742419763107e-03
1.007247046672773896e-03
1.033660332099240299e-03
1.087878661036464087e-03
1.027558036123054665e-03
8.934994486876783387e-04
8.280941672887061388e-04
8.513261837684481725e-04
8.592930455584777945e-04
8.069122907200102553e-04
6.960251617329592374e-04
6.456848866231295085e-04
