7.129593971907782215e-05
8.365099683456222849e-05
7.290968521005789936e-05
6.921873647382723591e-05
7.673060809933610949e-05
7.849326211141980367e-05
8.303070982372321958e-05
7.558803263879453505e-05
7.714473802454580606e-05
8.418686182918508072e-05
8.187136519303859974e-05
8.612338031298341883e-05
8.890917822020618321e-05
8.064262400173331910e-05
8.764852865157715656e-05
9.776157727668625280e-05
1.018158684278185891e-04
1.011025104978215957e-04
1.078378087678344736e-04
1.002754539286306707e-04
1.081774914665903429e-04
1.187886175367171987e-04
1.169516073306203638e-04
1.172488026613427323e-04
1.264393086148614767e-04
1.167475342040815632e-04
1.178358123049260135e-04
1.333598644744381277e-04
1.074692962058680309e-04
1.164328415268107183e-04
1.158243305343990262e-04
1.426943756558504066e-04
1.197605140228794962e-04
1.509595840663716180e-04
1.242199948161046947e-04
1.190984718159212295e-04
1.201614776509969923e-04
1.357413998549176365e-04
1.371775385922722535e-04
1.246531961196644138e-04
1.266582223575685347e-04
1.312062391694185132e-04
1.263313440706565762e-04
1.326842225842758455e-04
1.249653885578249333e-04
1.355396752020153158e-04
1.458326734320957688e-04
1.270389231773561467e-04
1.277875353167039706e-04
1.241302835515588256e-04
1.387669708172141816e-04
1.412725840321585032e-04
1.458894589567106474e-04
1.595204792740547600e-04
1.556124600643868827e-04
1.356873455232377108e-04
1.459035407607894613e-04
1.349611887834969298e-04
1.462026778494791368e-04
1.434227184598862396e-04
1.407951913919479813e-04
1.587959145025584105e-04
1.631027062700375011e-04
1.428379236829102573e-04
1.543779824064611152e-04
1.514317993544174229e-04
1.722567661549914990e-04
1.563837311151375982e-04
1.804743789990576356e-04
1.651646580421643848e-04
1.468445438997606305e-04
1.636300065041614710e-04
1.616410920555397788e-04
1.828874033221991374e-04
1.826903376384485321e-04
1.603055736214192893e-04
1.651705107001188782e-04
1.805517940324860430e-04
1.582544939983786681e-04
1.766420793393477752e-04
1.675022696377937922e-04
2.033795602890455792e-04
1.810258575406809305e-04
1.824627407125948729e-04
1.799370211886347178e-04
1.953134547621072491e-04
2.023087896318124395e-04
1.929921059784166194e-04
1.984082733861141366e-04
2.316800566710180617e-04
1.974965860876001041e-04
1.932118454895576153e-04
2.099047882658753856e-04
2.118432867723098894e-04
2.143770971070076538e-04
2.203419766218609474e-04
2.237228164848058557e-04
2.228389896226992955e-04
2.173744018468217105e-04
2.337286501341854692e-04
2.451188396253481503e-04
2.382911802150002977e-04
2.338433380996157046e-04
2.423864152519537060e-04
2.331299125959769472e-04
2.469338968974835982e-04
2.739818988603980781e-04
2.610245470125401360e-04
2.735960980333961533e-04
2.795508249885789620e-04
2.859058442344896973e-04
3.192173541763349107e-04
3.147338315754975185e-04
3.423565640507050551e-04
2.872882485954243205e-04
3.068887382973536524e-04
2.900098760194590479e-04
2.925394482859232739e-04
3.274395353464097875e-04
3.529288950729495889e-04
3.882717414200083784e-04
3.958334043710040780e-04
3.951519197234584693e-04
4.128759207242002714e-04
3.863030097979575886e-04
4.354115068896672529e-04
4.921000230952765403e-04
4.795078112461014386e-04
5.148814951280311506e-04
5.049321967241889508e-04
5.702821554061611106e-04
5.965931993305757797e-04
5.972232089677903619e-04
6.876831737837325442e-04
6.750853160683468069e-04
7.843570968823564788e-04
7.200625423810153632e-04
7.948428143785464008e-04
9.164303139516505716e-04
9.088975128343485367e-04
9.739952346246709977e-04
9.704063570076479914e-04
1.160489616323156798e-03
1.243801376841780762e-03
1.253158211032282020e-03
1.312857883842418263e-03
1.435860584017249883e-03
1.515991532620556336e-03
1.549523584849652781e-03
1.763486477285164389e-03
1.973269984524517618e-03
1.937303845744865229e-03
1.913173689306438101e-03
2.227694351767392673e-03
1.996523235198602395e-03
2.293083453737318131e-03
1.969179272749395707e-03
2.343614132513636289e-03
1.825765381413882059e-03
1.806335615954057783e-03
1.746077775596232597e-03
1.578539772249463275e-03
1.519389350008615519e-03
1.426463052628445648e-03
1.476402973833411620e-03
1.395352137665999354e-03
1.242551709013676488e-03
1.205586707651363316e-03
9.531522437484650674e-04
7.873874637240059872e-04
8.117932536358703341e-04
6.782970812346382798e-04
6.156651651813288420e-04
4.641512948569729256e-04
5.361656567312209597e-04
4.283767018714654132e-04
3.841525142319440452e-04
3.473442285195862023e-04
3.083966087768287589e-04
3.097676987757818842e-04
2.874927513496266986e-04
2.758268512827658620e-04
2.496872003359433740e-04
2.316872114975687322e-04
2.069838137361468451e-04
1.580236074468982846e-04
1.581438672335843906e-04
1.471935558214207613e-04
1.473417671667499916e-04
1.357787243132913381e-04
1.207142577582315983e-04
1.272988720296806158e-04
1.238799194241161576e-04
1.154151185472535485e-04
1.073696604533077746e-04
1.129108587960947187e-04
1.080993304526756631e-04
1.060267031749194329e-04
1.043051658726107568e-04
9.928487095205118203e-05
8.498524506115081570e-05
8.227271483030103197e-05
8.108490081826576375e-05
8.195554996084656782e-05
8.450958060312833292e-05
8.244909698707087711e-05
8.416700631985709528e-05
8.060857188214021998e-05
7.409265815788666494e-05
7.769585469618522585e-05
7.563039942404794689e-05
7.065652831161081757e-05
7.220222544443757049e-05
8.190742204329787941e-05
7.127635966986668422e-05
6.105828132456346828e-05
7.115433603389545577e-05
6.305898008083168243e-05
7.073499130269916509e-05
5.628964923721571509e-05
6.133020604692607334e-05
5.770868966188524846e-05
5.216901541995250707e-05
4.489524276377738593e-05
4.281558409844054967e-05
4.648374443087299935e-05
4.573542137148208772e-05
4.047336076087661329e-05
3.722023574009800795e-05
3.536772258587539359e-05
3.180155448042904230e-05
3.336617479657179427e-05
3.122565590579223110e-05
2.925167988514063670e-05
2.734612640253080893e-05
2.961464671528741641e-05
2.539930467242166239e-05
2.151831862655391285e-05
2.291153088512146543e-05
2.046079853952928774e-05
2.125653410721370880e-05
2.012609233157998349e-05
2.231760105649344583e-05
2.186425217257396283e-05
1.946570584540731756e-05
1.793422024516492136e-05
1.648798718195694429e-05
1.751036975662856798e-05
1.750797795057363080e-05
1.738506730855176170e-05
1.457093401393716757e-05
1.623423425670044383e-05
1.906325310864212871e-05
1.564754391378077300e-05
1.360297265433398016e-05
1.396469651693427984e-05
1.224391340459234509e-05
1.226631189887942555e-05
1.164090262865054969e-05
1.067955311522717727e-05
1.093317800198647227e-05
1.191154587208794210e-05
9.971419129079197772e-06
1.022996470240908172e-05
1.028838820710130740e-05
9.491295901926116531e-06
1.166932751897952701e-05
9.457760495592316431e-06
8.967888225499309930e-06
8.094644509613678718e-06
9.583008228742931087e-06
8.053782163677646332e-06
7.974339803918300290e-06
9.103700216731769248e-06
7.772120520119911479e-06
8.413651912964776943e-06
8.086159058486708630e-06
7.091560202159607530e-06
7.156169039514332180e-06
7.053839614621625663e-06
7.318954327165303305e-06
