1.197981936538531928e-03
1.309125671746414962e-03
1.387969196086837054e-03
1.564171954038532037e-03
1.646265485219271284e-03
1.699357478936269848e-03
1.686994225805049175e-03
1.796125710123706344e-03
1.809973478574643767e-03
2.444351302892706999e-03
2.294053588205803833e-03
2.242211409753899244e-03
2.541732832432296810e-03
2.687881578025290864e-03
2.994933584401475099e-03
3.174198473852441697e-03
3.367900532670584784e-03
4.055691455013329255e-03
3.975837952765841343e-03
4.756627525333828772e-03
4.508648593275266236e-03
4.503710101429523813e-03
4.714557301170514171e-03
4.871212555810966460e-03
4.877763289360213111e-03
5.144511260385448495e-03
4.978834589006093589e-03
5.792733528353201031e-03
4.856228717147056777e-03
5.057744937353813794e-03
4.895394709824810002e-03
6.114126479582829288e-03
6.347329589406177155e-03
5.549830653590276906e-03
5.312057827353782076e-03
5.700585483123162336e-03
5.768349799694799836e-03
6.112696756907843622e-03
6.132189819401856826e-03
6.335741049287993594e-03
6.236821947936982413e-03
6.579421185310512822e-03
7.573313173081609728e-03
6.837067228478792801e-03
5.974274653981879839e-03
6.741636393261650310e-03
7.599290313024647733e-03
7.623972257659962504e-03
7.621930556389716269e-03
7.007521700694542381e-03
8.225673786247366878e-03
7.507082482383379760e-03
7.690152647318555107e-03
7.926578691224763287e-03
8.331834062758666087e-03
1.030231085901798550e-02
8.470893940996010452e-03
8.082347636554469000e-03
9.330363568406704888e-03
9.568695199224793238e-03
8.666858017896034855e-03
9.144000678770091567e-03
8.874817041418786925e-03
9.020371647351728764e-03
1.041836112924318831e-02
1.067852639623767877e-02
1.215652063695603705e-02
1.046906881258125380e-02
1.077418122204200010e-02
1.158050875672531066e-02
1.099861567192876935e-02
1.193129982678946092e-02
1.124084219351050885e-02
1.265503322726238382e-02
1.463966093308292568e-02
1.337524748030687050e-02
1.259320212355697494e-02
1.343969903469141407e-02
1.283277124582176722e-02
1.436242911215379441e-02
1.296678384965378912e-02
1.354607811252190111e-02
1.308614543557575470e-02
1.406157260000371993e-02
1.574290205620889824e-02
1.656875933600565967e-02
1.522281298520106185e-02
1.466358867376364901e-02
1.730898979881026131e-02
1.912961950034804820e-02
1.662521064489237005e-02
1.643765174997334141e-02
2.272766673527229844e-02
2.194276541347639845e-02
1.893800480609392906e-02
2.439640789766400059e-02
2.166861114537014729e-02
2.190318137941154805e-02
2.461452296407585019e-02
2.467505066907443520e-02
2.521494183724547894e-02
2.782612850728366158e-02
2.663708043845168516e-02
2.737653840188274817e-02
2.760246315414420851e-02
2.619232409416403368e-02
2.962566560083060643e-02
3.323832109928726020e-02
3.018217503434343987e-02
3.229493476426421872e-02
3.481066434538297727e-02
3.368893420559310875e-02
3.895838271251540058e-02
4.201459759982081876e-02
3.817644795236988658e-02
5.696343618064061282e-02
4.085141528802377353e-02
4.375807720773772225e-02
4.487212055248384485e-02
4.870488027109278611e-02
5.006100401487845880e-02
5.839552568881663241e-02
6.078601330372865319e-02
7.323981728378416156e-02
6.737378464013094037e-02
6.161612656282399597e-02
6.373646529027982011e-02
7.390712804833113325e-02
7.595481965342604225e-02
9.172789785066487456e-02
8.049050094861495697e-02
8.742977525699746622e-02
9.191530377390585982e-02
1.085583152240394561e-01
1.128079574194545687e-01
1.398479053755796730e-01
1.198781653151178433e-01
1.256863583394392803e-01
1.437417422107118703e-01
1.572324144681309654e-01
1.629730988945871650e-01
1.613302540251506101e-01
1.718907002070214907e-01
1.833395623707287647e-01
1.604518034006396088e-01
1.726953471095826476e-01
1.620394041295312726e-01
1.838161880353907096e-01
1.859280408197446222e-01
2.025138270266165219e-01
2.174090477817222644e-01
2.497095493550992862e-01
2.403349040458272468e-01
3.272935466548158590e-01
3.580468523627567401e-01
4.310370300761720563e-01
4.591895254462581843e-01
6.323977204043476075e-01
5.292775773882736345e-01
5.895589516918600115e-01
5.874400855116741482e-01
5.861320746368139378e-01
6.127785784149164527e-01
6.151256132906327556e-01
6.154840819341312885e-01
5.945401874628809535e-01
5.308907465396441872e-01
5.614439574020388957e-01
4.490328382471310831e-01
3.316426120241501296e-01
3.896300126968127442e-01
3.297164828501741307e-01
2.759501260132269373e-01
2.015243689356667756e-01
2.329800283929391314e-01
1.716738007463096960e-01
1.200786718516127921e-01
1.063029983904350412e-01
9.752404532699317230e-02
1.299402019309797707e-01
1.249034986526090241e-01
1.089113537595011866e-01
8.436582625220506726e-02
6.674184291767169819e-02
7.882783759953188030e-02
2.050805013639845145e-02
2.122947714685921930e-02
1.804415130378181353e-02
1.629609762034123568e-02
1.591282594387161825e-02
1.388936773347106829e-02
1.630424061835098609e-02
1.417465879399161521e-02
1.255200367692999378e-02
1.247409624153304579e-02
1.366611094737467565e-02
1.223624730455086240e-02
9.520365569820086332e-03
8.564274170618026844e-03
9.390109414314593700e-03
7.317137374380096836e-03
6.041868711924401093e-03
5.894436651891716249e-03
6.133373710984009637e-03
5.289352633606352050e-03
6.000242508306007777e-03
4.641859523770228493e-03
4.661807374683573681e-03
5.302743855198942431e-03
3.904025096879103901e-03
4.103286594001043057e-03
4.931580291831724229e-03
3.399207844160723538e-03
3.471546829700775365e-03
3.058689061908510722e-03
3.108240403283785234e-03
2.843116202577001313e-03
2.634108133248971775e-03
2.696207696652513398e-03
2.736343538858532470e-03
2.513186490422030395e-03
2.201299016208783325e-03
1.799362028613129758e-03
1.426036144300174557e-03
1.524322527770628679e-03
1.142831984854722266e-03
1.097277904992424984e-03
9.805155177602580072e-04
9.171388257580078297e-04
7.090066339656280218e-04
6.986497547773454133e-04
6.863069653501213717e-04
5.341858400432764314e-04
5.519584197797586592e-04
5.289553777650968800e-04
4.401901772426772123e-04
4.009846772920430420e-04
3.845372707977955454e-04
3.500789475786295264e-04
3.038027156860153774e-04
3.276814041112484474e-04
2.862566334663668504e-04
2.799713292007459885e-04
2.445322850501729147e-04
2.503580673653719112e-04
2.637134796248420676e-04
2.104959337248806406e-04
2.300892230901655888e-04
2.013396476377061367e-04
4.002027446766252697e-04
1.884541149252613463e-04
1.509824923007789717e-04
1.465189633191470219e-04
1.545024169473605544e-04
1.474375402795741088e-04
1.200768173421943262e-04
1.453530640575737280e-04
1.096918483881713239e-04
1.073416872787456074e-04
1.244106487227430958e-04
1.029212715108263673e-04
1.138350629757122612e-04
9.965383548372299305e-05
8.487739261773952887e-05
8.935066455351790425e-05
8.657916958475076852e-05
8.270610752491779300e-05
8.575463523806223134e-05
7.235485633812143119e-05
7.906102221379346145e-05
6.819986864353824512e-05
5.981955805307938480e-05
7.182328399864829484e-05
5.636073265218471170e-05
5.741355735482772356e-05
5.495273824263505143e-05
5.666969592423208254e-05
5.119617390056427315e-05
5.055673180256937038e-05
4.786999030134358557e-05
4.327517696595764324e-05
