9.905640000000000001e-01
9.904539999999999456e-01
9.905380000000000296e-01
9.905819999999999625e-01
9.905579999999999385e-01
9.904180000000000206e-01
9.901079999999999881e-01
9.900999999999999801e-01
9.900639999999999441e-01
9.899740000000000206e-01
9.899360000000000381e-01
9.897019999999999706e-01
9.898979999999999446e-01
9.899820000000000286e-01
9.896399999999999642e-01
9.900320000000000231e-01
9.895059999999999967e-01
9.895559999999999912e-01
9.895039999999999392e-01
9.894039999999999502e-01
9.893300000000000427e-01
9.894199999999999662e-01
9.893159999999999732e-01
9.897219999999999906e-01
9.890599999999999392e-01
9.888479999999999492e-01
9.890059999999999407e-01
9.887519999999999643e-01
9.887960000000000083e-01
9.887540000000000218e-01
9.884420000000000428e-01
9.885420000000000318e-01
9.884579999999999478e-01
9.885399999999999743e-01
9.883419999999999428e-01
9.880120000000000013e-01
9.882879999999999443e-01
9.881480000000000263e-01
9.881199999999999983e-01
9.880360000000000253e-01
9.877740000000000409e-01
9.878679999999999684e-01
9.877179999999999849e-01
9.876719999999999944e-01
9.876179999999999959e-01
9.875119999999999454e-01
9.875880000000000214e-01
9.872119999999999784e-01
9.873659999999999659e-01
9.869860000000000300e-01
9.871739999999999959e-01
9.872779999999999889e-01
9.868899999999999340e-01
9.871499999999999719e-01
9.869440000000000435e-01
9.866559999999999775e-01
9.866399999999999615e-01
9.864459999999999340e-01
9.863079999999999625e-01
9.865559999999999885e-01
9.862119999999999775e-01
9.859299999999999731e-01
9.861179999999999390e-01
9.860039999999999916e-01
9.856719999999999926e-01
9.860499999999999821e-01
9.855760000000000076e-01
9.856059999999999821e-01
9.855140000000000011e-01
9.857759999999999856e-01
9.857799999999999896e-01
9.855579999999999341e-01
9.850539999999999852e-01
9.851440000000000197e-01
9.852659999999999751e-01
9.850179999999999492e-01
9.847559999999999647e-01
9.848439999999999417e-01
9.845859999999999612e-01
9.843419999999999392e-01
9.846599999999999797e-01
9.842199999999999838e-01
9.843079999999999607e-01
9.838799999999999768e-01
9.842039999999999678e-01
9.840039999999999898e-01
9.840139999999999443e-01
9.840579999999999883e-01
9.835399999999999698e-01
9.835939999999999683e-01
9.834420000000000384e-01
9.833300000000000374e-01
9.835039999999999338e-01
9.830539999999999834e-01
9.833140000000000214e-01
9.830459999999999754e-01
9.826779999999999404e-01
9.827000000000000179e-01
9.824600000000000000e-01
9.819599999999999440e-01
9.825460000000000305e-01
9.822859999999999925e-01
9.818900000000000405e-01
9.820200000000000040e-01
9.819860000000000255e-01
9.816399999999999570e-01
9.813340000000000396e-01
9.814260000000000206e-01
9.813199999999999701e-01
9.813880000000000381e-01
9.808999999999999941e-01
9.812699999999999756e-01
9.812879999999999381e-01
9.811759999999999371e-01
9.806460000000000177e-01
9.805639999999999912e-01
9.803439999999999932e-01
9.799959999999999782e-01
9.801799999999999402e-01
9.801680000000000392e-01
9.798120000000000163e-01
9.799360000000000293e-01
9.798799999999999732e-01
9.794539999999999358e-01
9.793340000000000378e-01
9.792239999999999833e-01
9.787700000000000289e-01
9.788599999999999524e-01
9.788459999999999939e-01
9.788459999999999939e-01
9.786859999999999449e-01
9.785099999999999909e-01
9.780339999999999590e-01
9.777179999999999760e-01
9.779299999999999660e-01
9.778139999999999610e-01
9.779339999999999700e-01
9.778799999999999715e-01
9.768040000000000056e-01
9.771779999999999911e-01
9.771859999999999991e-01
9.770699999999999941e-01
9.766439999999999566e-01
9.771219999999999350e-01
9.764039999999999386e-01
9.765639999999999876e-01
9.762680000000000247e-01
9.760219999999999452e-01
9.757979999999999432e-01
9.754359999999999697e-01
9.757240000000000357e-01
9.757839999999999847e-01
9.749360000000000248e-01
9.749299999999999633e-01
9.745699999999999363e-01
9.749719999999999498e-01
9.746279999999999388e-01
9.744479999999999809e-01
9.739940000000000264e-01
9.739219999999999544e-01
9.734159999999999480e-01
9.736799999999999899e-01
9.732680000000000220e-01
9.730499999999999705e-01
9.730839999999999490e-01
9.728539999999999965e-01
9.728959999999999830e-01
9.723920000000000341e-01
9.726639999999999731e-01
9.724300000000000166e-01
9.717679999999999652e-01
9.715500000000000247e-01
9.718379999999999797e-01
9.713640000000000052e-01
9.716000000000000192e-01
9.709139999999999437e-01
9.707679999999999643e-01
9.704819999999999558e-01
9.701379999999999448e-01
9.705639999999999823e-01
9.701520000000000143e-01
9.692439999999999944e-01
9.696960000000000024e-01
9.693140000000000089e-01
9.696399999999999464e-01
9.687240000000000295e-01
9.689099999999999380e-01
9.693859999999999699e-01
9.685000000000000275e-01
9.686040000000000205e-01
9.678559999999999386e-01
9.680259999999999421e-01
9.676200000000000356e-01
9.678839999999999666e-01
9.671039999999999637e-01
9.670919999999999517e-01
9.664639999999999898e-01
9.664359999999999618e-01
9.666779999999999262e-01
9.662180000000000213e-01
9.662979999999999903e-01
9.654019999999999824e-01
9.651259999999999284e-01
9.646279999999999299e-01
9.647499999999999964e-01
9.646679999999999700e-01
9.641140000000000265e-01
9.640940000000000065e-01
9.633979999999999766e-01
9.635559999999999681e-01
9.633159999999999501e-01
9.632499999999999396e-01
9.630239999999999911e-01
9.626540000000000097e-01
9.622720000000000162e-01
9.623639999999999972e-01
9.617459999999999898e-01
9.615899999999999448e-01
9.616899999999999338e-01
9.608440000000000314e-01
9.603800000000000114e-01
9.605519999999999614e-01
9.596780000000000310e-01
9.597099999999999520e-01
9.597580000000000000e-01
9.589159999999999906e-01
9.590520000000000156e-01
9.587979999999999281e-01
9.578940000000000232e-01
9.580100000000000282e-01
9.572800000000000198e-01
9.577160000000000117e-01
9.573479999999999768e-01
9.567419999999999813e-01
9.564119999999999289e-01
9.563819999999999544e-01
9.559480000000000199e-01
9.558599999999999319e-01
9.552319999999999700e-01
9.548799999999999510e-01
9.546379999999999866e-01
9.547839999999999661e-01
9.536820000000000297e-01
9.539199999999999902e-01
9.533340000000000147e-01
9.522760000000000113e-01
9.529739999999999878e-01
9.523920000000000163e-01
9.525479999999999503e-01
9.509859999999999980e-01
9.509140000000000370e-01
9.509940000000000060e-01
9.504599999999999715e-01
9.496499999999999941e-01
9.496059999999999501e-01
9.499100000000000321e-01
9.489459999999999562e-01
9.488659999999999872e-01
9.484359999999999458e-01
9.479560000000000208e-01
9.472599999999999909e-01
9.470539999999999514e-01
9.464019999999999655e-01
9.462079999999999380e-01
9.456280000000000241e-01
9.459539999999999615e-01
9.446999999999999842e-01
9.449499999999999567e-01
9.447299999999999587e-01
9.440560000000000063e-01
9.439499999999999558e-01
9.429819999999999869e-01
9.429600000000000204e-01
9.416759999999999575e-01
9.415320000000000356e-01
9.417379999999999640e-01
9.404279999999999307e-01
9.407940000000000191e-01
9.395679999999999588e-01
9.394120000000000248e-01
9.396320000000000228e-01
9.385919999999999819e-01
9.377499999999999725e-01
9.374379999999999935e-01
9.374759999999999760e-01
9.373239999999999350e-01
9.363660000000000316e-01
9.355620000000000047e-01
9.354740000000000277e-01
9.348239999999999883e-01
9.343160000000000354e-01
9.330760000000000165e-01
9.331500000000000350e-01
9.326240000000000085e-01
9.320699999999999541e-01
9.325139999999999540e-01
9.319760000000000266e-01
9.307539999999999702e-01
9.298039999999999639e-01
9.292979999999999574e-01
9.287699999999999845e-01
9.286980000000000235e-01
9.277600000000000291e-01
9.270779999999999577e-01
9.268499999999999517e-01
9.254839999999999733e-01
9.248100000000000209e-01
9.245280000000000165e-01
9.253639999999999644e-01
9.239079999999999515e-01
9.241239999999999455e-01
9.214719999999999578e-01
9.213900000000000423e-01
9.211199999999999388e-01
9.201679999999999859e-01
9.200479999999999769e-01
9.190159999999999441e-01
9.185659999999999936e-01
9.175099999999999367e-01
9.180739999999999457e-01
9.167800000000000393e-01
9.156220000000000470e-01
9.148659999999999570e-01
9.144120000000000026e-01
9.145739999999999981e-01
9.133580000000000032e-01
9.118300000000000294e-01
9.118659999999999544e-01
9.104339999999999655e-01
9.110779999999999434e-01
9.096879999999999411e-01
9.090880000000000072e-01
9.080120000000000413e-01
9.078739999999999588e-01
9.062459999999999960e-01
9.053799999999999626e-01
9.057359999999999856e-01
9.038340000000000263e-01
9.032919999999999838e-01
9.017319999999999780e-01
9.016539999999999555e-01
9.000599999999999712e-01
8.997260000000000257e-01
8.983079999999999954e-01
8.972940000000000360e-01
8.971479999999999455e-01
8.964280000000000026e-01
8.955520000000000147e-01
8.941160000000000219e-01
8.937720000000000109e-01
8.927140000000000075e-01
8.925819999999999865e-01
8.911059999999999537e-01
8.890139999999999709e-01
8.897819999999999618e-01
8.870500000000000052e-01
8.867000000000000437e-01
8.861980000000000413e-01
8.841959999999999820e-01
8.837099999999999955e-01
8.815199999999999703e-01
8.807660000000000489e-01
8.801539999999999919e-01
8.786939999999999751e-01
8.775779999999999692e-01
8.749660000000000215e-01
8.757460000000000244e-01
8.754159999999999719e-01
8.719040000000000123e-01
8.714539999999999509e-01
8.709240000000000315e-01
8.692180000000000462e-01
8.682919999999999527e-01
8.664859999999999784e-01
8.649259999999999726e-01
8.640619999999999967e-01
8.629599999999999493e-01
8.626679999999999904e-01
8.610999999999999766e-01
8.601680000000000437e-01
8.574460000000000415e-01
8.557559999999999611e-01
8.540719999999999423e-01
8.533319999999999794e-01
8.521640000000000326e-01
8.486939999999999484e-01
8.476879999999999971e-01
8.466339999999999977e-01
8.448499999999999899e-01
8.440419999999999590e-01
8.417440000000000477e-01
8.396519999999999539e-01
8.387580000000000036e-01
8.371999999999999442e-01
8.342699999999999561e-01
8.336860000000000381e-01
8.319280000000000008e-01
8.293139999999999956e-01
8.273719999999999963e-01
8.270939999999999959e-01
8.228720000000000478e-01
8.228339999999999543e-01
8.201000000000000512e-01
8.177839999999999554e-01
8.153780000000000472e-01
8.117180000000000506e-01
8.126280000000000170e-01
8.102160000000000473e-01
8.075900000000000301e-01
8.050460000000000393e-01
8.030479999999999841e-01
8.012059999999999738e-01
7.981000000000000316e-01
7.959659999999999513e-01
7.932299999999999907e-01
7.922080000000000233e-01
7.884860000000000202e-01
7.860380000000000145e-01
7.833280000000000243e-01
7.805900000000000061e-01
7.759359999999999591e-01
7.753560000000000452e-01
7.726659999999999640e-01
7.703980000000000272e-01
7.647319999999999673e-01
7.643419999999999659e-01
7.579759999999999831e-01
7.581520000000000481e-01
7.544840000000000435e-01
7.506059999999999954e-01
7.467599999999999794e-01
7.438599999999999657e-01
7.392079999999999762e-01
7.338839999999999808e-01
7.319620000000000015e-01
7.248860000000000303e-01
7.257519999999999527e-01
7.198099999999999499e-01
7.168619999999999992e-01
7.129480000000000262e-01
7.099739999999999940e-01
7.031539999999999457e-01
7.005080000000000195e-01
6.925740000000000229e-01
6.922439999999999705e-01
6.843240000000000434e-01
6.796459999999999724e-01
6.753400000000000514e-01
6.704419999999999824e-01
6.651019999999999710e-01
6.604379999999999695e-01
6.550200000000000466e-01
6.462379999999999791e-01
6.377340000000000231e-01
6.361580000000000013e-01
6.275020000000000042e-01
6.222699999999999898e-01
6.162459999999999605e-01
6.068379999999999885e-01
6.008539999999999992e-01
5.915259999999999962e-01
5.849360000000000115e-01
5.762040000000000495e-01
5.710560000000000080e-01
5.590079999999999494e-01
5.495400000000000285e-01
5.436199999999999921e-01
5.334400000000000253e-01
5.210679999999999756e-01
5.126939999999999831e-01
5.036760000000000126e-01
4.951099999999999945e-01
4.805180000000000007e-01
4.734960000000000280e-01
4.572039999999999993e-01
4.475040000000000129e-01
4.338279999999999914e-01
4.212400000000000033e-01
4.075920000000000099e-01
3.920399999999999996e-01
3.762420000000000209e-01
3.624379999999999824e-01
3.455219999999999958e-01
3.348880000000000190e-01
3.152059999999999862e-01
2.964880000000000293e-01
2.810980000000000145e-01
2.672200000000000131e-01
2.523400000000000087e-01
2.237580000000000124e-01
2.074640000000000095e-01
1.883380000000000054e-01
1.696840000000000015e-01
1.472600000000000020e-01
1.249719999999999998e-01
1.086339999999999945e-01
8.601000000000000312e-02
6.322600000000000442e-02
4.229999999999999732e-02
1.473400000000000057e-02
-8.220000000000003562e-04
-1.761199999999999918e-02
-4.051600000000000340e-02
-6.344600000000000239e-02
-8.411000000000000421e-02
-1.054760000000000003e-01
-1.302180000000000004e-01
-1.496560000000000112e-01
-1.742579999999999962e-01
-1.903900000000000037e-01
-2.044239999999999946e-01
-2.340800000000000103e-01
-2.459979999999999944e-01
-2.693180000000000018e-01
-2.785099999999999798e-01
-2.925499999999999767e-01
-3.162179999999999991e-01
-3.328780000000000072e-01
-3.526199999999999890e-01
-3.623239999999999794e-01
-3.741260000000000141e-01
-3.906439999999999912e-01
-4.064360000000000195e-01
-4.204479999999999884e-01
-4.354740000000000277e-01
-4.422960000000000225e-01
-4.587780000000000191e-01
-4.730520000000000280e-01
-4.847080000000000277e-01
-4.915220000000000145e-01
-5.008120000000000349e-01
-5.155659999999999688e-01
-5.234680000000000444e-01
-5.322240000000000304e-01
-5.420519999999999783e-01
-5.532900000000000595e-01
-5.596600000000000463e-01
-5.724360000000000559e-01
-5.788320000000000132e-01
-5.847639999999999505e-01
-5.928039999999999976e-01
-5.998820000000000263e-01
-6.100940000000000252e-01
-6.142260000000000497e-01
-6.206359999999999655e-01
-6.285640000000000116e-01
-6.342919999999999670e-01
-6.420019999999999616e-01
-6.455800000000000427e-01
-6.515999999999999570e-01
-6.607039999999999580e-01
-6.654499999999999860e-01
-6.730180000000000051e-01
-6.736860000000000070e-01
-6.794400000000000439e-01
-6.853740000000000387e-01
-6.898659999999999792e-01
-6.941720000000000113e-01
-6.971559999999999979e-01
-7.023719999999999963e-01
-7.084019999999999762e-01
-7.131960000000000521e-01
-7.155280000000000529e-01
-7.198480000000000434e-01
-7.219659999999999966e-01
-7.270980000000000221e-01
-7.349499999999999922e-01
-7.371140000000000470e-01
-7.410919999999999730e-01
-7.436120000000000507e-01
-7.470139999999999558e-01
-7.487260000000000026e-01
-7.536760000000000126e-01
-7.569360000000000532e-01
-7.601019999999999444e-01
-7.627080000000000526e-01
-7.667119999999999491e-01
-7.701179999999999692e-01
-7.689120000000000399e-01
-7.740479999999999583e-01
-7.783980000000000343e-01
-7.795739999999999892e-01
-7.813740000000000130e-01
-7.847619999999999596e-01
-7.884740000000000082e-01
-7.907459999999999489e-01
-7.938239999999999741e-01
-7.952540000000000164e-01
-7.995959999999999734e-01
-8.004459999999999908e-01
-8.015900000000000247e-01
-8.067119999999999846e-01
-8.073120000000000296e-01
-8.095019999999999438e-01
-8.122139999999999915e-01
-8.155599999999999516e-01
-8.181340000000000279e-01
-8.187799999999999523e-01
-8.208839999999999471e-01
-8.229319999999999968e-01
-8.236759999999999637e-01
-8.267060000000000519e-01
-8.266019999999999479e-01
-8.309800000000000519e-01
-8.315139999999999754e-01
-8.317539999999999933e-01
-8.345860000000000500e-01
-8.378360000000000252e-01
-8.385719999999999841e-01
-8.394679999999999920e-01
-8.410839999999999428e-01
-8.429839999999999556e-01
-8.462939999999999907e-01
-8.469940000000000246e-01
-8.488820000000000254e-01
-8.492760000000000309e-01
-8.518759999999999666e-01
-8.533159999999999634e-01
-8.538099999999999579e-01
-8.565260000000000096e-01
-8.567620000000000235e-01
-8.582560000000000189e-01
-8.605599999999999916e-01
-8.613859999999999850e-01
-8.629780000000000229e-01
-8.644899999999999807e-01
-8.664439999999999920e-01
-8.664380000000000415e-01
-8.673699999999999743e-01
-8.686500000000000332e-01
-8.706300000000000150e-01
-8.724239999999999773e-01
-8.725039999999999463e-01
-8.737920000000000131e-01
-8.747759999999999980e-01
-8.767540000000000333e-01
-8.782560000000000366e-01
-8.789360000000000506e-01
-8.804919999999999414e-01
-8.819519999999999582e-01
-8.816100000000000048e-01
-8.833999999999999631e-01
-8.842099999999999405e-01
-8.849099999999999744e-01
-8.875220000000000331e-01
-8.860860000000000403e-01
-8.885480000000000045e-01
-8.894980000000000109e-01
-8.902499999999999858e-01
-8.916880000000000361e-01
-8.917579999999999396e-01
-8.936340000000000394e-01
-8.946960000000000468e-01
-8.943100000000000493e-01
-8.969399999999999595e-01
-8.971379999999999910e-01
-8.978140000000000009e-01
-8.988359999999999683e-01
-8.992919999999999803e-01
-9.011419999999999986e-01
-9.016379999999999395e-01
-9.026140000000000274e-01
-9.025980000000000114e-01
-9.044100000000000472e-01
-9.050960000000000116e-01
-9.050880000000000036e-01
-9.057779999999999720e-01
-9.069340000000000179e-01
-9.081040000000000223e-01
-9.086619999999999697e-01
-9.090580000000000327e-01
-9.113179999999999614e-01
-9.104940000000000255e-01
-9.121740000000000403e-01
-9.125739999999999963e-01
-9.123999999999999888e-01
-9.139479999999999826e-01
-9.149039999999999395e-01
-9.144780000000000131e-01
-9.149760000000000115e-01
-9.163980000000000459e-01
-9.172439999999999483e-01
-9.180399999999999672e-01
-9.188079999999999581e-01
-9.191080000000000361e-01
-9.197659999999999725e-01
-9.205079999999999929e-01
-9.205059999999999354e-01
-9.216940000000000133e-01
-9.224999999999999867e-01
-9.236140000000000461e-01
-9.239880000000000315e-01
-9.243879999999999875e-01
-9.252960000000000074e-01
-9.248939999999999939e-01
-9.261220000000000008e-01
-9.267339999999999467e-01
-9.274379999999999846e-01
-9.277400000000000091e-01
-9.291479999999999739e-01
-9.299060000000000104e-01
-9.293780000000000374e-01
-9.297659999999999814e-01
-9.308800000000000407e-01
-9.312540000000000262e-01
-9.315940000000000332e-01
-9.327379999999999560e-01
-9.331580000000000430e-01
-9.329539999999999500e-01
-9.330380000000000340e-01
-9.345820000000000238e-01
-9.352300000000000058e-01
-9.355059999999999487e-01
-9.358940000000000037e-01
-9.363160000000000371e-01
-9.371119999999999450e-01
-9.376780000000000115e-01
-9.375660000000000105e-01
-9.377480000000000260e-01
-9.391140000000000043e-01
-9.397219999999999462e-01
-9.394979999999999443e-01
-9.400779999999999692e-01
-9.402199999999999447e-01
-9.405679999999999596e-01
-9.406719999999999526e-01
-9.423779999999999379e-01
-9.416240000000000165e-01
-9.426619999999999999e-01
-9.429959999999999454e-01
-9.435080000000000133e-01
-9.442399999999999682e-01
-9.447099999999999387e-01
-9.448919999999999542e-01
-9.450999999999999401e-01
-9.459279999999999911e-01
-9.462539999999999285e-01
-9.464479999999999560e-01
-9.468560000000000310e-01
-9.470060000000000144e-01
-9.472539999999999294e-01
-9.481020000000000003e-01
-9.479819999999999913e-01
-9.485580000000000123e-01
-9.491140000000000132e-01
-9.491439999999999877e-01
-9.498159999999999936e-01
-9.505219999999999780e-01
-9.507799999999999585e-01
-9.512079999999999425e-01
-9.509699999999999820e-01
-9.514799999999999924e-01
-9.512420000000000320e-01
-9.520159999999999734e-01
-9.527860000000000218e-01
-9.532979999999999787e-01
-9.532239999999999602e-01
-9.544880000000000031e-01
-9.536160000000000192e-01
-9.541579999999999506e-01
-9.546639999999999571e-01
-9.552779999999999605e-01
-9.547039999999999971e-01
-9.556919999999999860e-01
-9.555839999999999890e-01
-9.566719999999999668e-01
-9.569320000000000048e-01
-9.564279999999999449e-01
-9.567639999999999478e-01
-9.572880000000000278e-01
-9.577579999999999982e-01
-9.575779999999999292e-01
-9.579480000000000217e-01
-9.587839999999999696e-01
-9.586599999999999566e-01
-9.589600000000000346e-01
-9.595979999999999510e-01
-9.599779999999999980e-01
-9.604500000000000259e-01
-9.601100000000000190e-01
-9.607479999999999354e-01
-9.613399999999999723e-01
-9.610159999999999814e-01
-9.614639999999999853e-01
-9.613659999999999428e-01
-9.623899999999999677e-01
-9.618719999999999493e-01
-9.623979999999999757e-01
-9.621600000000000152e-01
-9.626939999999999387e-01
-9.630219999999999336e-01
-9.636259999999999826e-01
-9.635839999999999961e-01
-9.639119999999999910e-01
-9.646259999999999835e-01
-9.647059999999999524e-01
-9.648639999999999439e-01
-9.650819999999999954e-01
-9.653840000000000199e-01
-9.653619999999999424e-01
-9.659560000000000368e-01
-9.659039999999999848e-01
-9.657740000000000213e-01
-9.663680000000000048e-01
-9.663720000000000088e-01
-9.664719999999999978e-01
-9.675979999999999581e-01
-9.672720000000000207e-01
-9.674899999999999611e-01
-9.678219999999999601e-01
-9.681939999999999991e-01
-9.684340000000000170e-01
-9.682560000000000056e-01
-9.687780000000000280e-01
-9.687120000000000175e-01
-9.692339999999999289e-01
-9.693840000000000234e-01
-9.699400000000000244e-01
-9.694579999999999309e-01
-9.700480000000000214e-01
-9.702300000000000368e-01
-9.703619999999999468e-01
-9.707259999999999778e-01
-9.705540000000000278e-01
-9.706599999999999673e-01
-9.711659999999999737e-01
-9.712319999999999842e-01
-9.713680000000000092e-01
-9.715119999999999312e-01
-9.722159999999999691e-01
-9.722379999999999356e-01
-9.727120000000000211e-01
-9.724140000000000006e-01
-9.725880000000000081e-01
-9.726739999999999275e-01
-9.731839999999999380e-01
-9.730619999999999825e-01
-9.730240000000000000e-01
-9.735580000000000345e-01
-9.737399999999999389e-01
-9.738240000000000229e-01
-9.739860000000000184e-01
-9.742279999999999829e-01
-9.743579999999999464e-01
-9.746099999999999763e-01
-9.748439999999999328e-01
-9.748820000000000263e-01
-9.750659999999999883e-01
-9.750619999999999843e-01
-9.755159999999999387e-01
-9.758939999999999282e-01
-9.760360000000000147e-01
-9.755359999999999587e-01
-9.759860000000000202e-01
-9.762140000000000262e-01
-9.761159999999999837e-01
-9.761499999999999622e-01
-9.766259999999999941e-01
-9.762819999999999832e-01
-9.770480000000000276e-01
-9.768700000000000161e-01
-9.771299999999999430e-01
-9.767919999999999936e-01
-9.771299999999999430e-01
-9.777879999999999905e-01
-9.777200000000000335e-01
-9.776599999999999735e-01
-9.780639999999999334e-01
-9.785699999999999399e-01
-9.781199999999999894e-01
-9.785899999999999599e-01
-9.784920000000000284e-01
-9.788080000000000114e-01
-9.785059999999999869e-01
-9.793379999999999308e-01
-9.795779999999999488e-01
-9.797019999999999618e-01
-9.795859999999999568e-01
-9.798259999999999748e-01
-9.798439999999999372e-01
-9.797319999999999363e-01
-9.799980000000000357e-01
-9.803579999999999517e-01
-9.805019999999999847e-01
-9.805840000000000112e-01
-9.810860000000000136e-01
-9.804859999999999687e-01
-9.811339999999999506e-01
-9.810280000000000111e-01
-9.808660000000000156e-01
-9.809660000000000046e-01
-9.812239999999999851e-01
-9.814539999999999376e-01
-9.815519999999999801e-01
-9.819980000000000375e-01
-9.814499999999999336e-01
-9.818999999999999950e-01
-9.819320000000000270e-01
-9.819160000000000110e-01
-9.823340000000000405e-01
-9.823680000000000190e-01
-9.826460000000000194e-01
-9.824539999999999385e-01
-9.826359999999999539e-01
-9.828040000000000109e-01
-9.826559999999999739e-01
-9.830719999999999459e-01
-9.828099999999999614e-01
-9.833959999999999368e-01
-9.835319999999999618e-01
-9.833220000000000294e-01
-9.837359999999999438e-01
-9.836719999999999908e-01
-9.837139999999999773e-01
-9.839919999999999778e-01
-9.840219999999999523e-01
-9.843819999999999792e-01
-9.842220000000000413e-01
-9.841280000000000028e-01
-9.843199999999999728e-01
-9.842940000000000023e-01
-9.847080000000000277e-01
-9.846759999999999957e-01
-9.844960000000000377e-01
-9.846420000000000172e-01
-9.848339999999999872e-01
-9.850679999999999437e-01
-9.853239999999999776e-01
-9.853760000000000296e-01
-9.855079999999999396e-01
-9.855460000000000331e-01
-9.856920000000000126e-01
-9.856239999999999446e-01
-9.856019999999999781e-01
-9.858359999999999346e-01
-9.858019999999999561e-01
-9.861259999999999470e-01
-9.860980000000000301e-01
-9.859320000000000306e-01
-9.863560000000000105e-01
-9.864300000000000290e-01
-9.865800000000000125e-01
-9.864519999999999955e-01
-9.867939999999999490e-01
-9.867660000000000320e-01
-9.870360000000000245e-01
-9.869219999999999660e-01
-9.870560000000000445e-01
-9.871860000000000079e-01
-9.869940000000000380e-01
-9.873220000000000329e-01
-9.874119999999999564e-01
-9.872739999999999849e-01
-9.877819999999999379e-01
-9.877139999999999809e-01
-9.878240000000000354e-01
-9.875720000000000054e-01
-9.876300000000000079e-01
-9.878379999999999939e-01
-9.878919999999999924e-01
-9.878000000000000114e-01
-9.883779999999999788e-01
-9.879660000000000108e-01
-9.881360000000000143e-01
-9.883339999999999348e-01
-9.882760000000000433e-01
-9.885380000000000278e-01
-9.886559999999999793e-01
-9.886179999999999968e-01
-9.887019999999999698e-01
-9.885220000000000118e-01
-9.885099999999999998e-01
-9.890059999999999407e-01
-9.890079999999999982e-01
-9.889780000000000237e-01
-9.891419999999999657e-01
-9.891480000000000272e-01
-9.890419999999999767e-01
-9.891259999999999497e-01
-9.895059999999999967e-01
-9.891699999999999937e-01
-9.895199999999999552e-01
-9.896960000000000202e-01
-9.895880000000000232e-01
-9.897160000000000402e-01
-9.898780000000000356e-01
-9.899280000000000301e-01
-9.899200000000000221e-01
-9.896760000000000002e-01
-9.897519999999999651e-01
-9.897920000000000051e-01
-9.901940000000000186e-01
-9.899879999999999791e-01
-9.899879999999999791e-01
-9.901039999999999841e-01
-9.901820000000000066e-01
-9.904619999999999536e-01
-9.904420000000000446e-01
-9.903680000000000261e-01
-9.905420000000000336e-01
