-6.915619999999999656e+00
-6.904817460000006513e+00
-6.895727240000010028e+00
-6.886048540000016871e+00
-6.875947680000003892e+00
-6.864893100000005965e+00
-6.852213520000012714e+00
-6.842192999999991976e+00
-6.831966879999998632e+00
-6.821380340000000153e+00
-6.811042399999988284e+00
-6.799166779999994858e+00
-6.790954239999996034e+00
-6.781744340000003923e+00
-6.768942400000010018e+00
-6.762431200000013298e+00
-6.747885040000020318e+00
-6.738419480000006345e+00
-6.728137280000009213e+00
-6.717385240000016466e+00
-6.706879999999996400e+00
-6.697661799999999666e+00
-6.686914480000005767e+00
-6.680585939999992284e+00
-6.664885599999994525e+00
-6.653136000000000827e+00
-6.644660440000007995e+00
-6.632612960000015434e+00
-6.623013120000016407e+00
-6.612871340000003428e+00
-6.600245400000009255e+00
-6.591249980000013053e+00
-6.580759440000019111e+00
-6.571489800000001047e+00
-6.559901720000003600e+00
-6.547299800000010883e+00
-6.539700319999997014e+00
-6.528501239999998873e+00
-6.518482400000005228e+00
-6.507793960000013200e+00
-6.495788400000019003e+00
-6.486710120000021007e+00
-6.475604440000006790e+00
-6.465313040000013167e+00
-6.454994080000014733e+00
-6.444243599999999184e+00
-6.434921520000005835e+00
-6.421978360000009545e+00
-6.413454319999993380e+00
-6.400274859999999677e+00
-6.392007000000003103e+00
-6.383142220000009637e+00
-6.369987200000016614e+00
-6.362272500000018205e+00
-6.350602240000024601e+00
-6.338371200000010752e+00
-6.328349600000011677e+00
-6.316959780000018121e+00
-6.305897360000004781e+00
-6.298151960000010874e+00
-6.285456800000012834e+00
-6.273284699999997827e+00
-6.264880840000004447e+00
-6.254009480000006782e+00
-6.241605920000013796e+00
-6.234785500000019631e+00
-6.221031840000022406e+00
-6.211581980000028480e+00
-6.200776480000014246e+00
-6.192990560000015243e+00
-6.183326000000021416e+00
-6.171547820000009565e+00
-6.157583120000016841e+00
-6.148540880000017417e+00
-6.139689160000002310e+00
-6.127778500000008677e+00
-6.115841440000010287e+00
-6.106850120000017590e+00
-6.094868920000023671e+00
-6.083035820000026739e+00
-6.075784000000033380e+00
-6.062389800000016038e+00
-6.053251440000018135e+00
-6.039927600000024377e+00
-6.032664640000015233e+00
-6.021256600000015169e+00
-6.011513960000023360e+00
-6.002003540000006687e+00
-5.988040800000007380e+00
-5.978623340000014608e+00
-5.967668200000021628e+00
-5.956815700000028357e+00
-5.948528320000028735e+00
-5.935097780000012868e+00
-5.927378840000018911e+00
-5.915252300000021002e+00
-5.902627120000013328e+00
-5.893025000000019276e+00
-5.881353200000021708e+00
-5.867519600000028035e+00
-5.862280000000011704e+00
-5.850305140000012116e+00
-5.837614200000018627e+00
-5.828719400000025530e+00
-5.818708560000032115e+00
-5.806082000000032828e+00
-5.794167960000016215e+00
-5.784860180000023000e+00
-5.774266400000023225e+00
-5.764935080000017642e+00
-5.751410000000023892e+00
-5.744580300000025730e+00
-5.734785440000008450e+00
-5.724231120000014883e+00
-5.710209560000016893e+00
-5.699823400000022744e+00
-5.688296960000029934e+00
-5.675888680000030106e+00
-5.667523600000036410e+00
-5.657676080000019425e+00
-5.645149600000020307e+00
-5.636369440000025932e+00
-5.626114400000023608e+00
-5.612781580000030246e+00
-5.602235840000029832e+00
-5.591786000000012358e+00
-5.578491800000018763e+00
-5.569407800000020003e+00
-5.559619120000026449e+00
-5.549762660000032710e+00
-5.538802200000033871e+00
-5.527561900000040218e+00
-5.514201120000023160e+00
-5.502161060000022808e+00
-5.493867800000028723e+00
-5.483245100000028849e+00
-5.474439760000034738e+00
-5.464420400000035372e+00
-5.446838480000017135e+00
-5.439688580000023421e+00
-5.430117600000023081e+00
-5.419281300000030832e+00
-5.406321520000036074e+00
-5.400325540000038060e+00
-5.385026240000044595e+00
-5.376510200000024220e+00
-5.364544720000025357e+00
-5.352945660000031580e+00
-5.341660960000034208e+00
-5.329352360000034317e+00
-5.321498000000040030e+00
-5.312510160000021742e+00
-5.296641280000021546e+00
-5.286859100000027567e+00
-5.274508200000034286e+00
-5.267501400000040412e+00
-5.255540320000040566e+00
-5.244120640000021538e+00
-5.231315480000027662e+00
-5.221042020000028039e+00
-5.207770400000033995e+00
-5.199871200000037774e+00
-5.187037840000039424e+00
-5.175666500000044579e+00
-5.166430240000026153e+00
-5.155184900000025827e+00
-5.145440640000031429e+00
-5.132309360000038900e+00
-5.124504480000044992e+00
-5.113331300000044877e+00
-5.098954400000025089e+00
-5.087535500000030630e+00
-5.079932640000030197e+00
-5.066932280000036926e+00
-5.058868000000042997e+00
-5.044226500000043245e+00
-5.033588320000022875e+00
-5.021916860000029459e+00
-5.009976360000029771e+00
-5.003330440000035573e+00
-4.990510400000043312e+00
-4.974968360000041834e+00
-4.968257280000047516e+00
-4.955793380000028669e+00
-4.948222400000028109e+00
-4.932504600000034323e+00
-4.923985400000041146e+00
-4.917698180000047437e+00
-4.901880000000046422e+00
-4.893146440000027297e+00
-4.878273600000033738e+00
-4.869740340000033640e+00
-4.857441600000039550e+00
-4.849251880000045922e+00
-4.834402240000045481e+00
-4.824778600000051654e+00
-4.811082560000033759e+00
-4.801065080000031848e+00
-4.793043560000038283e+00
-4.780328180000045002e+00
-4.771238000000050938e+00
-4.755679980000049767e+00
-4.743907480000031818e+00
-4.731085160000037426e+00
-4.722492000000036327e+00
-4.712314600000043541e+00
-4.698903160000049262e+00
-4.688867420000049080e+00
-4.675018160000055545e+00
-4.666259960000036067e+00
-4.655028400000036370e+00
-4.645284500000041561e+00
-4.634193120000049682e+00
-4.622060980000047614e+00
-4.610021920000052731e+00
-4.600773400000035984e+00
-4.587366640000034579e+00
-4.576615700000040476e+00
-4.567461800000047312e+00
-4.552935640000052686e+00
-4.540280000000051608e+00
-4.531600080000035113e+00
-4.516700840000040351e+00
-4.507072700000040122e+00
-4.498144080000045619e+00
-4.482975000000051224e+00
-4.474226480000051076e+00
-4.463446540000056473e+00
-4.447987680000040633e+00
-4.439051100000038552e+00
-4.424984000000043771e+00
-4.418288040000050820e+00
-4.406228640000056984e+00
-4.392729140000054322e+00
-4.381395920000039190e+00
-4.371384300000044298e+00
-4.359222720000042628e+00
-4.349095800000049472e+00
-4.335803840000054699e+00
-4.323844800000054001e+00
-4.312874800000037645e+00
-4.305002560000043665e+00
-4.288563560000042685e+00
-4.280206400000047928e+00
-4.267027040000055393e+00
-4.250727800000052348e+00
-4.245929960000057513e+00
-4.232807760000043551e+00
-4.224676960000040893e+00
-4.205302860000046827e+00
-4.195349000000053508e+00
-4.186543060000058603e+00
-4.173700800000055722e+00
-4.159535500000042241e+00
-4.149662760000047079e+00
-4.141527500000046658e+00
-4.126948240000051449e+00
-4.117308380000056722e+00
-4.105075120000056366e+00
-4.092377960000060710e+00
-4.078944000000047865e+00
-4.068427060000044726e+00
-4.055204760000050257e+00
-4.044588960000057298e+00
-4.031758080000062527e+00
-4.024431900000059237e+00
-4.008422000000046559e+00
-3.999917500000051529e+00
-3.989085600000048526e+00
-3.975605360000055821e+00
-3.965433000000060382e+00
-3.950400780000058898e+00
-3.941104800000064134e+00
-3.924408520000050249e+00
-3.914138320000049021e+00
-3.905846500000053734e+00
-3.889166720000061250e+00
-3.881906620000057373e+00
-3.866004960000061441e+00
-3.855360520000050695e+00
-3.847374400000047157e+00
-3.832524480000052414e+00
-3.818023000000059675e+00
-3.807344460000063435e+00
-3.797384160000059961e+00
-3.787678600000049745e+00
-3.773235240000054169e+00
-3.759591060000052387e+00
-3.749556880000057379e+00
-3.737706640000062475e+00
-3.724963600000060548e+00
-3.708420840000064445e+00
-3.699604000000055404e+00
-3.687659680000051399e+00
-3.675296200000055524e+00
-3.668605700000062253e+00
-3.656919040000067511e+00
-3.640298620000062879e+00
-3.626492080000054408e+00
-3.614088980000058626e+00
-3.601904000000053951e+00
-3.592409020000061126e+00
-3.578652800000065248e+00
-3.565323660000062844e+00
-3.555614000000053121e+00
-3.538845800000057551e+00
-3.526363400000054771e+00
-3.515595040000059068e+00
-3.510346880000066339e+00
-3.493980280000061001e+00
-3.485631600000065333e+00
-3.463150080000057862e+00
-3.453801200000053306e+00
-3.442642400000057723e+00
-3.428828480000064349e+00
-3.419168800000068398e+00
-3.405117440000063223e+00
-3.392919780000057006e+00
-3.379016200000060977e+00
-3.372689940000058062e+00
-3.356656000000062701e+00
-3.342819380000066953e+00
-3.329249480000064043e+00
-3.317829240000067514e+00
-3.309354240000062397e+00
-3.294740500000056915e+00
-3.278552200000060424e+00
-3.269332180000067201e+00
-3.253570480000071541e+00
-3.247143380000065971e+00
-3.231077600000061611e+00
-3.219622720000065108e+00
-3.205744160000059129e+00
-3.195741580000066140e+00
-3.178800360000069158e+00
-3.165881000000065448e+00
-3.158219040000069366e+00
-3.140457420000064115e+00
-3.129405040000060367e+00
-3.112636520000063634e+00
-3.104078400000070292e+00
-3.087423400000063989e+00
-3.076163080000067218e+00
-3.060707560000064831e+00
-3.047906640000058509e+00
-3.037551400000062518e+00
-3.026579120000068901e+00
-3.013978560000071916e+00
-2.996964320000065296e+00
-2.986899720000064207e+00
-2.973915000000067366e+00
-2.963591180000062941e+00
-2.949416880000066854e+00
-2.931518580000070706e+00
-2.925649720000066178e+00
-2.904870500000068745e+00
-2.894416000000068934e+00
-2.882911140000061767e+00
-2.866122320000064949e+00
-2.855403100000070804e+00
-2.836900000000074584e+00
-2.825944740000067235e+00
-2.813932520000068216e+00
-2.798514780000070701e+00
-2.785178080000063616e+00
-2.765956100000069640e+00
-2.760511640000072209e+00
-2.750695280000067466e+00
-2.726581280000066609e+00
-2.716860740000069718e+00
-2.704989200000064820e+00
-2.689791220000067096e+00
-2.677473760000073533e+00
-2.661805220000065475e+00
-2.647302760000068034e+00
-2.634593500000070865e+00
-2.622018400000063032e+00
-2.611485640000066333e+00
-2.598190000000071720e+00
-2.586011280000074297e+00
-2.566411200000065840e+00
-2.550889640000070013e+00
-2.535884960000072130e+00
-2.525554440000066680e+00
-2.511626240000069732e+00
-2.490570100000072618e+00
-2.479168320000067371e+00
-2.466348420000069375e+00
-2.451000000000073786e+00
-2.439110620000065843e+00
-2.422022400000067410e+00
-2.408344680000072735e+00
-2.394926640000075491e+00
-2.380428000000067712e+00
-2.363366200000072137e+00
-2.352782300000074045e+00
-2.338733120000065835e+00
-2.321285420000071653e+00
-2.305943440000072897e+00
-2.296860940000068130e+00
-2.274504000000070469e+00
-2.266141660000072555e+00
-2.249010000000067677e+00
-2.230998480000069062e+00
-2.216650880000074153e+00
-2.195972100000066707e+00
-2.190634320000067969e+00
-2.174708880000073119e+00
-2.159086800000065587e+00
-2.140931860000067299e+00
-2.125783200000072259e+00
-2.113457340000073348e+00
-2.096676000000066153e+00
-2.083386420000071126e+00
-2.065105800000071934e+00
-2.054584800000068601e+00
-2.035148240000069997e+00
-2.020443540000071536e+00
-2.004116960000068115e+00
-1.986713900000068422e+00
-1.967368800000073081e+00
-1.956963240000066939e+00
-1.941955480000067347e+00
-1.928070460000071762e+00
-1.904208320000072563e+00
-1.897116500000066930e+00
-1.868826240000071026e+00
-1.864162960000071312e+00
-1.844448480000065338e+00
-1.826794260000069947e+00
-1.808652000000069426e+00
-1.794643400000067501e+00
-1.774217440000068091e+00
-1.754906280000068541e+00
-1.742358920000066869e+00
-1.715703900000066007e+00
-1.711477280000070600e+00
-1.690400300000065581e+00
-1.677106440000064813e+00
-1.660966280000068629e+00
-1.645912400000064224e+00
-1.620692860000064073e+00
-1.610518640000067947e+00
-1.584375180000066496e+00
-1.577560640000062575e+00
-1.554058200000066003e+00
-1.535640840000064511e+00
-1.518818200000064289e+00
-1.503961840000064054e+00
-1.484018020000063665e+00
-1.468083000000063532e+00
-1.450391800000061959e+00
-1.426130240000064830e+00
-1.402818980000061222e+00
-1.394632680000059910e+00
-1.369503900000062391e+00
-1.353570800000061469e+00
-1.337973780000058621e+00
-1.314655960000060908e+00
-1.298946140000058813e+00
-1.276746400000055903e+00
-1.259545040000058513e+00
-1.240297520000055886e+00
-1.226490720000056767e+00
-1.201862880000055256e+00
-1.181587000000053900e+00
-1.170078800000054819e+00
-1.146703200000052325e+00
-1.125125760000053710e+00
-1.109831140000051564e+00
-1.091950800000049293e+00
-1.076721900000050525e+00
-1.052813040000048161e+00
-1.036959920000046997e+00
-1.013441040000047311e+00
-9.991120000000448531e-01
-9.804827200000428844e-01
-9.619092000000434295e-01
-9.424342400000407238e-01
-9.260724000000403189e-01
-9.061964000000385377e-01
-8.894872200000368823e-01
-8.754139600000362398e-01
-8.586669600000339519e-01
-8.401529600000331444e-01
-8.237932000000310895e-01
-8.129537200000285235e-01
-8.038026000000279003e-01
-7.919008000000262726e-01
-7.758493800000232365e-01
-7.638864000000221699e-01
-7.553544200000193998e-01
-7.445827200000174617e-01
-7.355762000000156675e-01
-7.274143200000129372e-01
-7.243877000000115141e-01
-7.140284000000091114e-01
-7.125647800000066701e-01
-7.107500000000045448e-01
-7.069793400000015104e-01
-7.085519999999999596e-01
-7.073601199999980382e-01
-7.085663199999957529e-01
-7.083673799999932186e-01
-7.147843999999909936e-01
-7.207537999999886758e-01
-7.292570799999856801e-01
-7.357479199999840125e-01
-7.445726399999814671e-01
-7.546150999999791109e-01
-7.618903999999782073e-01
-7.815327999999743813e-01
-7.868797599999731718e-01
-8.061393399999706721e-01
-8.131553999999688864e-01
-8.223024999999682949e-01
-8.452188799999644786e-01
-8.578652599999628814e-01
-8.791795999999618694e-01
-8.885895599999595884e-01
-9.029571999999584930e-01
-9.262312399999570456e-01
-9.434439199999538062e-01
-9.597270399999535684e-01
-9.823217599999525262e-01
-9.951499999999497970e-01
-1.018318279999949505e+00
-1.037252039999946529e+00
-1.056518239999945541e+00
-1.068981379999945025e+00
-1.086571599999942572e+00
-1.109297459999942337e+00
-1.126697759999939041e+00
-1.145545919999939155e+00
-1.166853679999939608e+00
-1.188347499999935941e+00
-1.205397599999936675e+00
-1.225589319999935478e+00
-1.246072159999932039e+00
-1.260889959999933030e+00
-1.277621599999933855e+00
-1.296731619999929919e+00
-1.320287479999930236e+00
-1.334537179999928602e+00
-1.352795839999928029e+00
-1.371289799999927173e+00
-1.390990319999925617e+00
-1.412176939999926217e+00
-1.426370399999921990e+00
-1.443347999999924136e+00
-1.467339999999924371e+00
-1.486287499999920270e+00
-1.508029359999919050e+00
-1.515533579999922331e+00
-1.534181599999917767e+00
-1.554203699999918031e+00
-1.571568959999921189e+00
-1.586890039999916402e+00
-1.601878479999916838e+00
-1.620851479999916744e+00
-1.641449199999915454e+00
-1.658357559999914299e+00
-1.673303359999914752e+00
-1.692560239999914895e+00
-1.703510239999910025e+00
-1.723529699999914122e+00
-1.752050999999913428e+00
-1.762622379999908784e+00
-1.780366559999913223e+00
-1.796344279999912086e+00
-1.810741799999907142e+00
-1.823167459999906814e+00
-1.843338719999911612e+00
-1.860739279999906293e+00
-1.875707479999905836e+00
-1.891298999999907693e+00
-1.910885119999905957e+00
-1.928326859999903942e+00
-1.932279359999906632e+00
-1.953969919999905658e+00
-1.973866399999899990e+00
-1.985046939999906224e+00
-1.998770679999905209e+00
-2.016680459999899977e+00
-2.037102159999897744e+00
-2.049990099999904114e+00
-2.066208639999898455e+00
-2.078554979999897245e+00
-2.099176479999903755e+00
-2.111872939999898335e+00
-2.124310999999897032e+00
-2.147923919999900289e+00
-2.158371039999897878e+00
-2.172204859999895987e+00
-2.190977159999899726e+00
-2.209073999999898064e+00
-2.225712639999891884e+00
-2.236240599999899548e+00
-2.252326319999897741e+00
-2.265830679999892183e+00
-2.275431999999899535e+00
-2.296021059999897140e+00
-2.302702039999891426e+00
-2.326689399999889218e+00
-2.337130559999896828e+00
-2.345505699999891558e+00
-2.364525159999889770e+00
-2.385208519999894250e+00
-2.395869759999891269e+00
-2.408152119999888541e+00
-2.421092399999893452e+00
-2.434712239999890837e+00
-2.456429279999885917e+00
-2.467411219999893657e+00
-2.482197479999891154e+00
-2.493827399999885674e+00
-2.511636159999882434e+00
-2.525399719999890102e+00
-2.536587799999885817e+00
-2.553613939999883176e+00
-2.563750399999891183e+00
-2.578441759999885008e+00
-2.595267199999882202e+00
-2.607704779999887368e+00
-2.621092719999886356e+00
-2.636440499999883169e+00
-2.652343439999888197e+00
-2.662756259999885522e+00
-2.675161599999879236e+00
-2.687678499999886839e+00
-2.704362999999883943e+00
-2.720447439999881478e+00
-2.730369279999889098e+00
-2.743919359999885454e+00
-2.756303839999879379e+00
-2.772893899999876233e+00
-2.787412159999883343e+00
-2.799830319999881745e+00
-2.815206959999878578e+00
-2.829857279999883346e+00
-2.837517999999879859e+00
-2.853633999999875659e+00
-2.865966199999880448e+00
-2.878477299999877115e+00
-2.897799679999876421e+00
-2.900768699999883626e+00
-2.920736079999880275e+00
-2.933058059999873901e+00
-2.946165999999870166e+00
-2.959619119999876702e+00
-2.969276999999877376e+00
-2.985943339999873825e+00
-3.000233919999880428e+00
-3.007502299999873951e+00
-3.028675599999870460e+00
-3.037543899999874508e+00
-3.050513839999870580e+00
-3.063700519999874583e+00
-3.074461359999878241e+00
-3.091711779999875009e+00
-3.104820799999868264e+00
-3.117192539999874334e+00
-3.125500759999870759e+00
-3.143112299999873294e+00
-3.155769439999879467e+00
-3.164519199999875188e+00
-3.176451479999868432e+00
-3.191455779999865072e+00
-3.205250719999870324e+00
-3.217594779999874088e+00
-3.228334599999870491e+00
-3.248733779999873672e+00
-3.253169679999869501e+00
-3.271257019999865179e+00
-3.281662759999868229e+00
-3.290067999999864323e+00
-3.306540479999869220e+00
-3.320524079999874534e+00
-3.328090839999870543e+00
-3.338871039999864010e+00
-3.355520399999859293e+00
-3.368211639999864282e+00
-3.381716799999869849e+00
-3.394582639999866203e+00
-3.404626719999871209e+00
-3.417439099999864283e+00
-3.430296879999859883e+00
-3.439906219999862902e+00
-3.454568719999871362e+00
-3.468316999999866646e+00
-3.482530599999869469e+00
-3.494369079999865235e+00
-3.505072959999858462e+00
-3.519201279999863097e+00
-3.527290359999859071e+00
-3.542065899999866652e+00
-3.554690639999870783e+00
-3.567388859999866213e+00
-3.578741199999858846e+00
-3.594700519999854738e+00
-3.608123999999858889e+00
-3.614749779999867574e+00
-3.626019319999862933e+00
-3.640998399999865409e+00
-3.651698159999860138e+00
-3.663035699999855233e+00
-3.679456279999857138e+00
-3.690261059999852655e+00
-3.699064319999862072e+00
-3.708249419999865903e+00
-3.726698199999861405e+00
-3.739343299999854597e+00
-3.749904719999849423e+00
-3.761414219999853259e+00
-3.772776239999863002e+00
-3.786974799999858643e+00
-3.799660479999862339e+00
-3.807914219999855021e+00
-3.818186639999850751e+00
-3.835207659999852137e+00
-3.848272399999847160e+00
-3.856070579999859582e+00
-3.868317159999861143e+00
-3.879026599999856550e+00
-3.890156319999849011e+00
-3.900279999999852976e+00
-3.919002279999848071e+00
-3.924490479999859449e+00
-3.939697359999862591e+00
-3.951244839999857206e+00
-3.963404399999850281e+00
-3.976902399999845183e+00
-3.988667199999848645e+00
-3.999242359999860330e+00
-4.010045999999856114e+00
-4.024294799999856842e+00
-4.035707439999852042e+00
-4.045805759999845819e+00
-4.058169279999847667e+00
-4.067840339999841959e+00
-4.079205599999855103e+00
-4.093445819999858237e+00
-4.102804439999853336e+00
-4.115399939999845991e+00
-4.127814159999839916e+00
-4.137486799999843257e+00
-4.150715359999856524e+00
-4.164901339999850904e+00
-4.175610399999854394e+00
-4.187679919999846234e+00
-4.196396999999842059e+00
-4.208334799999842168e+00
-4.216289839999857847e+00
-4.230972479999852709e+00
-4.244388439999853269e+00
-4.257301899999847983e+00
-4.266449439999840720e+00
-4.283858159999843096e+00
-4.287793279999838170e+00
-4.300605219999852125e+00
-4.313446399999854464e+00
-4.326403579999849036e+00
-4.332420479999841589e+00
-4.348265959999836561e+00
-4.356901759999838752e+00
-4.373256799999853506e+00
-4.384439119999848700e+00
-4.390846759999848636e+00
-4.402779519999842961e+00
-4.415408719999837750e+00
-4.428134599999837384e+00
-4.436016379999832893e+00
-4.447938559999848884e+00
-4.463040319999850070e+00
-4.471496399999844940e+00
-4.483123999999837572e+00
-4.496902479999831392e+00
-4.508887059999833191e+00
-4.521654999999849878e+00
-4.528882899999844724e+00
-4.542650399999845767e+00
-4.556097399999837982e+00
-4.563173119999833105e+00
-4.576203119999833646e+00
-4.585111439999827176e+00
-4.600939499999845417e+00
-4.607293919999845500e+00
-4.620582259999840069e+00
-4.628348799999832508e+00
-4.641437659999834153e+00
-4.653179799999828781e+00
-4.666815659999845600e+00
-4.676245279999847071e+00
-4.688222159999841487e+00
-4.702432439999833846e+00
-4.712354699999828256e+00
-4.723037439999829168e+00
-4.734269539999846899e+00
-4.745888319999841620e+00
-4.755340379999841716e+00
-4.768827999999834866e+00
-4.778079039999829192e+00
-4.786765479999829154e+00
-4.800319039999823012e+00
-4.810238879999841011e+00
-4.820715599999842560e+00
-4.837837879999836943e+00
-4.845405039999829633e+00
-4.856317199999823586e+00
-4.868169979999824371e+00
-4.880277399999842558e+00
-4.891701739999836818e+00
-4.900366719999838416e+00
-4.913627139999830362e+00
-4.922759679999825444e+00
-4.936119099999824122e+00
-4.946449439999843989e+00
-4.960213799999838358e+00
-4.966568439999837992e+00
-4.980405119999832486e+00
-4.990955999999824755e+00
-5.001782019999825302e+00
-5.013793719999819487e+00
-5.022357419999837980e+00
-5.032822399999839824e+00
-5.046201499999832585e+00
-5.056448319999827135e+00
-5.066917359999820292e+00
-5.077659359999821653e+00
-5.092478639999840517e+00
-5.102133399999834396e+00
-5.115080719999833825e+00
-5.123018479999827512e+00
-5.133910039999821429e+00
-5.144139159999820521e+00
-5.157650399999814006e+00
-5.166424319999833870e+00
-5.176042879999834589e+00
-5.189074039999828081e+00
-5.200162599999822888e+00
-5.210681599999817060e+00
-5.221448259999816877e+00
-5.232779759999836244e+00
-5.243523939999829686e+00
-5.254950399999830601e+00
-5.266479799999823186e+00
-5.276467719999817341e+00
-5.287635019999815889e+00
-5.297347759999810002e+00
-5.310402839999829538e+00
-5.322900999999828464e+00
-5.333738359999822265e+00
-5.339858719999819314e+00
-5.352754579999820628e+00
-5.364389559999813706e+00
-5.373443799999831683e+00
-5.383145999999832121e+00
-5.396550819999825777e+00
-5.403713559999818727e+00
-5.419126319999812758e+00
-5.427479999999812676e+00
-5.439139299999831145e+00
-5.446483039999824527e+00
-5.458901899999823115e+00
-5.473512319999823461e+00
-5.482605999999817570e+00
-5.492199599999816328e+00
-5.504842879999809924e+00
-5.518337599999827425e+00
-5.524698799999827159e+00
-5.538070999999820998e+00
-5.546901319999814284e+00
-5.559181759999807682e+00
-5.566787379999807328e+00
-5.582732119999825215e+00
-5.594361499999818577e+00
-5.604911519999817848e+00
-5.614227219999820662e+00
-5.625434279999813825e+00
-5.635652759999812744e+00
-5.644505599999831702e+00
-5.656252379999824775e+00
-5.668815559999822895e+00
-5.679790659999816249e+00
-5.690222559999809526e+00
-5.703845099999809598e+00
-5.709027959999803059e+00
-5.723688579999819837e+00
-5.732772639999819120e+00
-5.741404739999811824e+00
-5.751867399999817110e+00
-5.763573839999811099e+00
-5.775363679999810707e+00
-5.785827359999826669e+00
-5.799176119999820855e+00
-5.804687499999818812e+00
-5.817915999999812904e+00
-5.828146039999806405e+00
-5.837689679999803261e+00
-5.850764659999797779e+00
-5.861007999999814366e+00
-5.873014459999812864e+00
-5.881285079999806875e+00
-5.892559079999813321e+00
-5.903616159999807600e+00
-5.912204799999806859e+00
-5.925408319999823092e+00
-5.933160699999816323e+00
-5.947671679999815275e+00
-5.958545879999808115e+00
-5.966720199999802077e+00
-5.979886959999800133e+00
-5.989084639999793680e+00
-5.999182819999809624e+00
-6.011458879999807436e+00
-6.021411299999800626e+00
-6.034217119999810919e+00
-6.042605739999809877e+00
-6.051891039999802935e+00
-6.063136799999818471e+00
-6.072822799999817889e+00
-6.085920679999810901e+00
-6.095588719999803118e+00
-6.104062079999796886e+00
-6.114946079999796780e+00
-6.126348499999811459e+00
-6.138021679999805080e+00
-6.150065479999802243e+00
-6.160161279999797124e+00
-6.171309319999807919e+00
-6.181399799999805822e+00
-6.192336519999798838e+00
-6.201675679999814506e+00
-6.211432659999812422e+00
-6.223224239999806784e+00
-6.232750699999799693e+00
-6.245253359999792586e+00
-6.254852259999791109e+00
-6.263314159999805675e+00
-6.276670839999798801e+00
-6.287327999999797967e+00
-6.298321799999811788e+00
-6.306985839999804888e+00
-6.319709419999801625e+00
-6.329397039999817842e+00
-6.341574199999810979e+00
-6.350560119999808961e+00
-6.361412319999802278e+00
-6.372569279999794389e+00
-6.380675059999793675e+00
-6.393280999999786829e+00
-6.403824119999800502e+00
-6.412626479999799400e+00
-6.426732459999793257e+00
-6.436089559999807364e+00
-6.446771199999801638e+00
-6.454520319999799582e+00
-6.464973099999813400e+00
-6.476538039999806706e+00
-6.486952279999804283e+00
-6.496071999999798230e+00
-6.510758579999791351e+00
-6.517246919999788446e+00
-6.528645679999781848e+00
-6.540185759999794790e+00
-6.549419399999793612e+00
-6.561623079999787223e+00
-6.572383519999803525e+00
-6.581992239999797434e+00
-6.592732379999795889e+00
-6.600945399999809560e+00
-6.610830099999803089e+00
-6.624908319999801343e+00
-6.634847839999792996e+00
-6.644383719999787274e+00
-6.655848499999784451e+00
-6.665656479999777062e+00
-6.674626339999790936e+00
-6.685366279999787942e+00
-6.698465739999781121e+00
-6.705383999999800615e+00
-6.718451199999798007e+00
-6.729686719999791400e+00
-6.738730039999804688e+00
-6.749733439999802798e+00
-6.761108299999796678e+00
-6.771326079999789194e+00
-6.781330399999782266e+00
-6.788926879999780617e+00
-6.799623279999793546e+00
-6.809856799999786325e+00
-6.823364539999784206e+00
-6.831376959999803766e+00
-6.841312839999798001e+00
-6.852133759999794904e+00
-6.862792899999788254e+00
-6.875111519999800969e+00
-6.884880739999798216e+00
-6.894132639999791756e+00
-6.905544579999784105e+00
