6.896123177038074314e-02
7.015554475824486991e-02
7.151728797767743784e-02
7.275960329792220682e-02
7.432695424131942341e-02
7.574815644045009011e-02
7.736840513822711152e-02
7.900058642712706747e-02
8.077660473323841628e-02
8.201633635853917970e-02
8.431429503932469371e-02
8.651094568151648789e-02
8.812398723023918967e-02
9.040912942426300447e-02
9.245708162323038048e-02
9.568921600620251822e-02
9.770086049200946143e-02
1.004646321744093185e-01
1.038176222879856891e-01
1.067788766536710426e-01
1.097777305799888387e-01
1.104641435354402901e-01
1.112307190261279527e-01
1.117855675153519995e-01
1.124655212334434440e-01
1.134021786426157585e-01
1.138435145342343163e-01
1.143879602517101635e-01
1.150906572845060427e-01
1.157860791762753694e-01
1.168549129794249491e-01
1.179732789343299199e-01
1.180071729324768809e-01
1.192688999607877526e-01
1.194964690917763861e-01
1.210943144347100403e-01
1.225726638864836626e-01
1.226033962579228254e-01
1.235820727059212532e-01
1.245641487525301905e-01
1.255306886334890404e-01
1.266331444668967188e-01
1.271162614254386647e-01
1.277959771716273840e-01
1.290930600254877325e-01
1.300746941242773014e-01
1.316714515956555753e-01
1.328719518529908605e-01
1.329717640681959134e-01
1.343346971471421625e-01
1.356530274923183066e-01
1.363814254906097478e-01
1.376855795095799917e-01
1.391094673916129787e-01
1.397139500205507312e-01
1.405389646113533453e-01
1.421356540907594279e-01
1.425774319301973680e-01
1.436280098888084167e-01
1.460632443614869880e-01
1.473288129362277377e-01
1.482766550248287019e-01
1.485778934577074717e-01
1.507752920115935924e-01
1.525109570821979732e-01
1.544200356779253380e-01
1.544322402369371350e-01
1.561399606069630019e-01
1.578995928477716082e-01
1.597562496329246462e-01
1.608247094802270627e-01
1.627854959708205373e-01
1.639401696388859131e-01
1.658046794968292825e-01
1.678585469973789823e-01
1.687037552039281074e-01
1.710925851555729904e-01
1.725954457133285214e-01
1.745146891089013330e-01
1.768627918691921264e-01
1.784878000050238722e-01
1.798406022801107562e-01
1.824815804606984004e-01
1.851756263755963694e-01
1.862408226082326868e-01
1.882857151684506070e-01
1.910128391778289914e-01
1.932697307073993342e-01
1.958334360115696893e-01
1.974133654698258800e-01
2.000362577858055269e-01
2.031211555529557344e-01
2.061314661265910009e-01
2.080424824935263595e-01
2.113618165808585081e-01
2.144798264384752406e-01
2.171671411481243541e-01
2.192274338900479513e-01
2.230617391749026845e-01
2.281947591209508297e-01
2.298137159712558275e-01
2.331278486727138555e-01
2.364157024769125148e-01
2.406755355198468560e-01
2.450333789907226945e-01
2.479474809236800747e-01
2.518857119380585319e-01
2.568735690234371649e-01
2.613625010167349161e-01
2.651656659783172554e-01
2.711152695106138766e-01
2.749543342335233342e-01
2.806467241349475117e-01
2.850373397364288075e-01
2.911917350890235734e-01
2.966520003973209807e-01
3.024411088792146596e-01
3.103031226138769361e-01
3.162123389146805352e-01
3.208901186107930292e-01
3.292449721560233300e-01
3.360804430942510024e-01
3.435231503362909944e-01
3.519104020562796586e-01
3.623780041499939930e-01
3.693014906962482358e-01
3.779006733936171591e-01
3.887414494268089937e-01
3.982523024835628589e-01
4.079678453726564569e-01
4.198487965927112375e-01
4.317896147442973342e-01
4.459670288217489342e-01
4.556909347234244234e-01
4.713510157428850711e-01
4.863297492088239360e-01
4.977774895779392139e-01
5.146387507744571987e-01
5.358224656203154357e-01
5.494569977956520468e-01
5.659184321995860412e-01
5.836848365261567695e-01
6.029489680165810439e-01
6.239143266436851798e-01
6.426977208945949815e-01
6.626996332754757635e-01
6.862196202784601740e-01
7.102059982148227757e-01
7.332577924971653838e-01
7.514817488007268231e-01
7.778156515656162728e-01
7.977792504701565202e-01
8.209504386557008315e-01
8.483549770110035970e-01
8.719932360496481794e-01
8.923069936110726852e-01
9.137008716430335964e-01
9.341167531467182705e-01
9.533758192352129734e-01
9.740341261158141917e-01
9.955462761834354968e-01
1.015587555916226181e+00
1.032398809017183394e+00
1.051739907420150111e+00
1.069688632220203273e+00
1.085826118872540214e+00
1.100656255883212919e+00
1.114481505540600104e+00
1.128290233148740107e+00
1.139353172951129700e+00
1.151780099708035188e+00
1.164303269101604643e+00
1.176221921870250098e+00
1.186950477153308370e+00
1.196360770083162883e+00
1.206467606772328116e+00
1.214463598688231283e+00
1.223546170312030945e+00
1.231642008439125302e+00
1.239004689129873382e+00
1.245964891341121206e+00
1.252871957826086735e+00
1.259510014073001116e+00
1.266270897817713958e+00
1.271613299042184231e+00
1.277483113995091735e+00
1.282930494824655376e+00
1.288793578572313914e+00
1.293067451957509828e+00
1.299199783915122364e+00
1.303143114327416585e+00
1.307996041343943316e+00
1.312308500173368753e+00
1.316528251948684947e+00
1.320343961429140123e+00
1.324162594564400441e+00
1.328687834270858570e+00
1.332194758209519492e+00
1.335535645752042422e+00
1.339517629600538440e+00
1.342497853726470458e+00
1.345673214812646901e+00
1.348878730338498588e+00
1.351971379190480826e+00
1.355126206701049441e+00
1.357594111316375196e+00
1.360892333896335904e+00
1.363737152009610876e+00
1.366500311764260678e+00
1.368716544094449317e+00
1.371500645376539929e+00
1.374152434280709212e+00
1.376427479666859854e+00
1.378901129603837150e+00
1.381350982350540990e+00
1.383487290117396018e+00
1.385778483596946442e+00
1.387868590818684522e+00
1.390120416946325044e+00
1.392119312937342590e+00
1.394120928607248455e+00
1.403744614341885910e+00
1.412082503890049523e+00
1.420169367076812073e+00
1.427406738562776223e+00
1.433685015288738596e+00
1.439663413421266469e+00
1.445234131688419854e+00
1.450469241580742086e+00
1.455048704885038013e+00
1.459386048776292411e+00
1.463428783451958592e+00
1.467071725331026810e+00
1.470569606337383650e+00
1.473850694940347594e+00
1.476923592124402607e+00
1.479750562344972042e+00
1.482466433682949614e+00
1.484916864361417232e+00
1.487177563441431261e+00
1.489526346121444300e+00
1.491464491285291682e+00
1.493510301737134283e+00
1.495263372752624775e+00
1.496986017360550703e+00
1.498731541267125822e+00
1.500178648407668458e+00
1.501659445570441731e+00
1.503023908468762881e+00
1.504300219775112746e+00
1.505495212682699036e+00
1.506782028748755664e+00
1.507782020680042079e+00
1.508828213156445441e+00
1.509802266150333638e+00
1.510758301271585724e+00
1.511652735666015435e+00
1.512457352665154797e+00
1.513291206212344919e+00
1.514080015077945429e+00
1.514782338154894159e+00
1.515437304823198161e+00
1.516130448983898482e+00
1.516722319101991179e+00
1.517321498357096399e+00
1.517895860542344932e+00
1.518409471900423302e+00
1.518890243135923912e+00
1.519413645338000718e+00
1.519921511374427325e+00
1.520294243366085318e+00
1.520698115681015983e+00
1.521152302055382322e+00
1.521521668444415942e+00
1.521841944629513721e+00
1.522226745196239239e+00
1.522557526141043560e+00
1.522864203931699079e+00
1.523169283911007810e+00
1.523486024513550641e+00
1.523759080273948019e+00
