4.396002072244115100e-02
4.477364341890194971e-02
4.584388444627091053e-02
4.659381893717563783e-02
4.742780568297544352e-02
4.848346182427072659e-02
4.925227317577349218e-02
5.008652083187873499e-02
5.156770863581920661e-02
5.276875704481677476e-02
5.382319995319179845e-02
5.506365886382493663e-02
5.640635547764182023e-02
5.772939249994436806e-02
5.925518292059852449e-02
6.073203961346881896e-02
6.244963824516170520e-02
6.410139616127868978e-02
6.602919718054328646e-02
6.790630332746235009e-02
6.989473990170946838e-02
7.058022954717235731e-02
7.100688312413090675e-02
7.135857717033869396e-02
7.176108349852944324e-02
7.242032556726582526e-02
7.286144662066060262e-02
7.304184000583664738e-02
7.370540014012792740e-02
7.414440782004870500e-02
7.489751237116443194e-02
7.479582257962209824e-02
7.579726155944850607e-02
7.619354517685469896e-02
7.640997027521098661e-02
7.722050118455241197e-02
7.773235502174995204e-02
7.834535073884840717e-02
7.917440627987554214e-02
7.929118973258714176e-02
7.979087210403623676e-02
8.093021522579901816e-02
8.129645502153466652e-02
8.187409739224700556e-02
8.201841992769701162e-02
8.319809978267965478e-02
8.326474932020239139e-02
8.441548117679729957e-02
8.499702415657586774e-02
8.580417627746192433e-02
8.639331174712858163e-02
8.713056599718928263e-02
8.782923161307649995e-02
8.876165981711602038e-02
8.930711890165325684e-02
8.992915516083495320e-02
9.079091580864805111e-02
9.144857937003655901e-02
9.231545385983613849e-02
9.267464907732510249e-02
9.392657499588200065e-02
9.463968199717492924e-02
9.506726180571775653e-02
9.599641558542408581e-02
9.723558299004533834e-02
9.793871017215546870e-02
9.890680481494758258e-02
9.978919042240513848e-02
1.004497239971533923e-01
1.018212120631747652e-01
1.024816673648313858e-01
1.032754086960182421e-01
1.047729555761093279e-01
1.055530382528067773e-01
1.068444268550603482e-01
1.073935778204194724e-01
1.090165834208777912e-01
1.103464171566368446e-01
1.109416709729658945e-01
1.129841420714681050e-01
1.135199474747043413e-01
1.150655801240866305e-01
1.159084900023322345e-01
1.174485261256630192e-01
1.186700168570912067e-01
1.204279652675192408e-01
1.218634546314632111e-01
1.237273326258968437e-01
1.251067915017491650e-01
1.261825116455322082e-01
1.275902401529781516e-01
1.292668889122333964e-01
1.306219265834972498e-01
1.326027706678562790e-01
1.342070689994150912e-01
1.371614346609192625e-01
1.381424052272844649e-01
1.396831327629246555e-01
1.418865724743634538e-01
1.433150042145454606e-01
1.465461435280524527e-01
1.477500880414403250e-01
1.506907820029398104e-01
1.528794281000605826e-01
1.549024613808080708e-01
1.574544120327283636e-01
1.595948679964357686e-01
1.627115198679189301e-01
1.655331604570495774e-01
1.681921756528041156e-01
1.712484920161560231e-01
1.744627765239321060e-01
1.770182755560062715e-01
1.801433678758702084e-01
1.840165813600161127e-01
1.872453724807741915e-01
1.905380344443022012e-01
1.941704407620491457e-01
1.990426276236351155e-01
2.032408309842277661e-01
2.081842463591968284e-01
2.124104975776234527e-01
2.177292324269572144e-01
2.228832806915019560e-01
2.279629564734831360e-01
2.331456526895643588e-01
2.387181489019618019e-01
2.454058670783847429e-01
2.522062593702087407e-01
2.597764805637266528e-01
2.663854690554853799e-01
2.771622387662232567e-01
2.850271842407577916e-01
2.933684867054358048e-01
3.012220043085923615e-01
3.134550970711630358e-01
3.273702785728572207e-01
3.360380581027229141e-01
3.514865311963524808e-01
3.643636027747916839e-01
3.807547056654030926e-01
3.952327359234916737e-01
4.121041355498585856e-01
4.314407722881352658e-01
4.555632737134456267e-01
4.782708585523953726e-01
5.037443144026894082e-01
5.288881883551612706e-01
5.539460923619929922e-01
5.870794964598433641e-01
6.164532482839873984e-01
6.593371444516720192e-01
6.865978489396943329e-01
7.220597992404382826e-01
7.688282976271011426e-01
8.021868542730243856e-01
8.412467707311982457e-01
8.774306337560436875e-01
9.217098782371814236e-01
9.528921559344615266e-01
9.869022838861416513e-01
1.020098958733059336e+00
1.052048925867528739e+00
1.080425622004977493e+00
1.104923495086713725e+00
1.128098552919906794e+00
1.149462554050001195e+00
1.169687290331424379e+00
1.189541638343255769e+00
1.206907945682482275e+00
1.221915245540656114e+00
1.236875177132878312e+00
1.248420262465538721e+00
1.263141669856534532e+00
1.272874420025599695e+00
1.284947039904813959e+00
1.295135117693404503e+00
1.303665554038490493e+00
1.312050258932477176e+00
1.320031231219837675e+00
1.328472331876343615e+00
1.335349888390999107e+00
1.342407929609437778e+00
1.349721754245807093e+00
1.355739389530303152e+00
1.362512086193205185e+00
1.368191620858406399e+00
1.373804532077115503e+00
1.379387895203733949e+00
1.384733008084947148e+00
1.389529087410438235e+00
1.394131101650748938e+00
1.398801004752532995e+00
1.403525959928763500e+00
1.407411514470356284e+00
1.412059683743698058e+00
1.415908006384705597e+00
1.419814759888614830e+00
1.423641466110817433e+00
1.427369574328597013e+00
1.431105548992085419e+00
1.434544933865873340e+00
1.437635416433721725e+00
1.441170098796568766e+00
1.444408895827540285e+00
1.447446974560542499e+00
1.450397570068133080e+00
1.453136645591109666e+00
1.456303144376445591e+00
1.459390026382079153e+00
1.462040614174968001e+00
1.464512791501002553e+00
1.467321647485166913e+00
1.469864779368763585e+00
1.472428079618970154e+00
1.474490432082746327e+00
1.476878622381462058e+00
1.479648785367330577e+00
1.481464616729019079e+00
1.483997260018337316e+00
1.486170238451616887e+00
1.496291797157837333e+00
1.505441099701893881e+00
1.513948667258708802e+00
1.521353549591674126e+00
1.528377098467734507e+00
1.534721184726387522e+00
1.540530587496117709e+00
1.545956034660373346e+00
1.551025704532141170e+00
1.555605293531699962e+00
1.559866128411111719e+00
1.563855133888808480e+00
1.567615581938946567e+00
1.571015882448980605e+00
1.574312066701631929e+00
1.577332481806956288e+00
1.580166502590079736e+00
1.582805936467411634e+00
1.585329682715314714e+00
1.587711428529486213e+00
1.589846692378115378e+00
1.591924829915370321e+00
1.593866511362883820e+00
1.595731328634416801e+00
1.597463551288729411e+00
1.599077346755406026e+00
1.600658619752510337e+00
1.602127075133545686e+00
1.603480469069885173e+00
1.604819969532460533e+00
1.606050070303968180e+00
1.607228549971545739e+00
1.608328208635852130e+00
1.609374889462640512e+00
1.610365500664791449e+00
1.611283161345543613e+00
1.612244159228027884e+00
1.613089926074118052e+00
1.613883628268759196e+00
1.614657657826370496e+00
1.615379935824899471e+00
1.616087172344319978e+00
1.616719723288810640e+00
1.617360897318895763e+00
1.617951311249059110e+00
1.618534276190002341e+00
1.619080165776543456e+00
1.619587623275094534e+00
1.620078252058945179e+00
1.620553695863019561e+00
1.621005096782448307e+00
1.621438781892138303e+00
1.621842997182829649e+00
1.622223547908818286e+00
1.622582899672490475e+00
1.622946804320992475e+00
1.623263679886940425e+00
1.623605785479423469e+00
1.623902218722940605e+00
1.624192507528764873e+00
