5.364927153358955980e-02
5.442341582094749330e-02
5.546086788412227936e-02
5.653891727658057892e-02
5.789202943326642731e-02
5.883522353709399327e-02
6.024227384464919677e-02
6.119179145826262461e-02
6.249142139111697053e-02
6.414187726814105095e-02
6.532088476511152542e-02
6.708841477629011452e-02
6.861916007150603569e-02
7.020558793408396281e-02
7.206069558235950190e-02
7.387718819282046434e-02
7.581565119736415059e-02
7.817326973301132187e-02
8.003030020401172284e-02
8.270381670814622166e-02
8.524634339201438149e-02
8.566097929856870963e-02
8.635828996859123974e-02
8.689995111247406090e-02
8.746201003557207976e-02
8.786943040117951853e-02
8.831810225225522615e-02
8.901727627625853623e-02
8.959671989553900928e-02
9.026437548518648213e-02
9.113561240869219593e-02
9.149888714328674455e-02
9.147670530174951964e-02
9.256070156861458120e-02
9.324693122932584122e-02
9.375594403271551858e-02
9.450084952090687107e-02
9.528302208871393397e-02
9.616530037570153455e-02
9.702250267560728891e-02
9.710904952114039757e-02
9.804837815660356892e-02
9.882406863130725749e-02
9.953180615445632318e-02
1.002216832314703904e-01
1.003644082172327617e-01
1.016409048086447942e-01
1.027214518883539374e-01
1.034798369585339384e-01
1.041423385903622184e-01
1.053537565528495507e-01
1.055223306193666527e-01
1.064296650705214148e-01
1.076323213047161304e-01
1.083089170288884379e-01
1.094770813915238866e-01
1.104210287661096385e-01
1.109889552719556666e-01
1.124375147628701027e-01
1.130128550388098813e-01
1.139070468975257322e-01
1.147643483120049102e-01
1.160695484838869251e-01
1.168479745208177434e-01
1.185933623362884770e-01
1.188282836982703650e-01
1.203123658523078676e-01
1.205582889319422729e-01
1.231469237153775542e-01
1.236206913764498067e-01
1.250376531413496251e-01
1.267082490996979394e-01
1.272365099532508648e-01
1.287442606674272794e-01
1.298201691850991435e-01
1.315065838293694722e-01
1.324746160453026123e-01
1.341112751737030262e-01
1.349805099828251254e-01
1.366541983158649498e-01
1.381125106808064884e-01
1.406677834988198095e-01
1.413486807954796864e-01
1.431089159740526473e-01
1.452353398556794906e-01
1.460666534290011032e-01
1.483758445840624995e-01
1.500733997063881664e-01
1.518927666394790932e-01
1.534489447342412549e-01
1.561098340417187147e-01
1.575942135394765575e-01
1.599411078782768669e-01
1.612639504442322791e-01
1.631819165549873163e-01
1.662146044503757247e-01
1.672085055699782941e-01
1.706637783607113934e-01
1.725231677585598034e-01
1.746183110808070538e-01
1.776996642317574815e-01
1.799209804060016016e-01
1.831878165696990135e-01
1.863628329925559879e-01
1.883754138751226603e-01
1.921097933046798933e-01
1.954459502010454930e-01
1.983391838915952443e-01
2.008590529839736349e-01
2.051710126788305610e-01
2.079892364601963750e-01
2.124876504906200170e-01
2.165813004260046248e-01
2.200908087113274125e-01
2.245677148793133182e-01
2.291939074178236391e-01
2.338293770804085736e-01
2.392689038086174835e-01
2.417170932414796636e-01
2.483496620902589658e-01
2.547111922264926331e-01
2.600538443706152947e-01
2.648858185865144432e-01
2.713225568610789784e-01
2.791904897532901941e-01
2.859918903664775969e-01
2.933697016929979751e-01
3.007318529169138999e-01
3.093259189971057088e-01
3.184252711727257323e-01
3.269601856754849600e-01
3.364723104036785317e-01
3.465283759109441530e-01
3.581484297413594642e-01
3.692138185958558361e-01
3.816056379638663731e-01
3.954725993513896198e-01
4.109186739459704807e-01
4.269836595829779036e-01
4.393144243737457377e-01
4.561693333382037530e-01
4.757154210237843905e-01
4.953341002229569856e-01
5.166689879071777458e-01
5.373283701275340940e-01
5.608614802903860719e-01
5.871005967145481730e-01
6.104348830430672557e-01
6.388801114659067304e-01
6.660145100090926196e-01
6.922827066491037407e-01
7.261427822713640845e-01
7.527003736429230818e-01
7.840062865303927264e-01
8.137556050418917053e-01
8.424181719013837943e-01
8.767235693021374621e-01
9.083740242698202794e-01
9.372385271612514446e-01
9.588598559627314888e-01
9.938108856949128267e-01
1.018757746310484880e+00
1.042811525150563856e+00
1.067466314941104999e+00
1.087541178876020531e+00
1.106424824398516860e+00
1.128132878451762133e+00
1.145575239493035191e+00
1.162420078416831037e+00
1.174483650140502933e+00
1.191948212846227761e+00
1.203641988096372240e+00
1.216032063047890244e+00
1.229181613329896061e+00
1.239118721526111688e+00
1.249057276795099591e+00
1.258717280466874699e+00
1.268084678094922202e+00
1.275595263304031057e+00
1.284758623671182320e+00
1.291393392863492195e+00
1.298251427543946734e+00
1.306625102458623955e+00
1.311578055922871355e+00
1.318738132354445369e+00
1.324397633966960530e+00
1.330388971171373003e+00
1.335520192107420456e+00
1.341484609793685001e+00
1.345950633181506761e+00
1.351106275948451341e+00
1.355590794115677733e+00
1.360281490418586925e+00
1.364792412708179414e+00
1.368876765696574793e+00
1.373005264315983132e+00
1.377084958919426505e+00
1.380705733224899756e+00
1.384362942047571821e+00
1.387973467906151059e+00
1.391762142299041827e+00
1.394864269864586781e+00
1.398269925899852772e+00
1.401291175973465197e+00
1.404514699068566852e+00
1.407712373082913526e+00
1.410819159033410042e+00
1.413882156165358284e+00
1.416369713906793448e+00
1.418865934261947626e+00
1.421598126593562217e+00
1.424487891274041296e+00
1.427045661779305474e+00
1.429250267236466421e+00
1.431811903210095105e+00
1.434060238017060618e+00
1.436348833163759942e+00
1.438720208802201528e+00
1.440971041296417843e+00
1.443178322847062045e+00
1.445209239925716149e+00
1.454983780398565463e+00
1.463965305169272701e+00
1.472110937273365394e+00
1.479542409229949396e+00
1.486345990363752589e+00
1.492619863571230443e+00
1.498210440909371277e+00
1.503466427270472527e+00
1.508260956000523789e+00
1.512758141010236868e+00
1.517037591125003360e+00
1.520815818841853240e+00
1.524499174089000375e+00
1.527850376577615021e+00
1.530979165963416877e+00
1.534010307671459516e+00
1.536670443708178846e+00
1.539283044395473254e+00
1.541702748299927039e+00
1.544009144424017155e+00
1.546182390030139908e+00
1.548072782466562325e+00
1.549991521670990302e+00
1.551796735042993092e+00
1.553438151670918810e+00
1.555107340202324329e+00
1.556642981757468513e+00
1.558088032592482852e+00
1.559367205277377932e+00
1.560670601564023263e+00
1.561870304183929248e+00
1.562982746333373418e+00
1.564075643088933987e+00
1.565141204045138013e+00
1.566077955701691504e+00
1.566970997831355294e+00
1.567878352105424922e+00
1.568711330803580273e+00
1.569489142330155795e+00
1.570218922934439210e+00
1.570973105546705328e+00
1.571637311949196647e+00
1.572293985644106273e+00
1.572904590885278342e+00
1.573436935259257208e+00
1.574027182367043309e+00
1.574520079140790507e+00
1.575046436994533394e+00
1.575524189061458191e+00
1.576001802367980043e+00
1.576393285110177400e+00
1.576829983920780887e+00
1.577188402041276527e+00
1.577592174990581242e+00
1.577977373868822086e+00
1.578288435046125260e+00
1.578642928229512465e+00
1.578913649775423034e+00
1.579255059835115382e+00
1.579550738430619772e+00
