1.812244958138500006e-01
1.842273193747953619e-01
1.867716782673629894e-01
1.914910106157889924e-01
1.945199711968047807e-01
1.986925597580438130e-01
2.032500026046051844e-01
2.083557894640720998e-01
2.118053427047922044e-01
2.163462498855947824e-01
2.218174216174744473e-01
2.268002578008959380e-01
2.325869407036254555e-01
2.384824389552195334e-01
2.441909775020242868e-01
2.514429337544148435e-01
2.582454932841664053e-01
2.659724498706935725e-01
2.743362962932219262e-01
2.834346463205858480e-01
2.910077145338413884e-01
2.923940434147183631e-01
2.947082365080945787e-01
2.966322412304198131e-01
2.980423067927893688e-01
2.998430941347827172e-01
3.030283434276480059e-01
3.048013935238523819e-01
3.063928180009960478e-01
3.088825025148450032e-01
3.097252880599722369e-01
3.130940299019032147e-01
3.151969932004247688e-01
3.170521882168503836e-01
3.190089975664068267e-01
3.225860354560417531e-01
3.226428434690519209e-01
3.263153614932297053e-01
3.289413318974457323e-01
3.307885257852783978e-01
3.330843162828907578e-01
3.350613951582160910e-01
3.380458161233976244e-01
3.411619890060768601e-01
3.433932370663724809e-01
3.466510299251475136e-01
3.488084008981013895e-01
3.522859580888968445e-01
3.535453357294319199e-01
3.570378283602676506e-01
3.596774006830917858e-01
3.633704549373248383e-01
3.655262256845601132e-01
3.694486456251253048e-01
3.730102146661471441e-01
3.752203930878145743e-01
3.784699181137101687e-01
3.817045076995655428e-01
3.853634238051352745e-01
3.880470023352207143e-01
3.914402809715035181e-01
3.932271996906023803e-01
3.980582811350436567e-01
4.015979804245779494e-01
4.063010438115316481e-01
4.084408123015808578e-01
4.129937211752729431e-01
4.154839390976946545e-01
4.185262348930321452e-01
4.233634505360612810e-01
4.266991210464746720e-01
4.321094842010477222e-01
4.360868452246180471e-01
4.406829601927121920e-01
4.447808715537500679e-01
4.494449961148844763e-01
4.535573095073897054e-01
4.569556555251147456e-01
4.622425345950695319e-01
4.697910660139731909e-01
4.700292329417575798e-01
4.775316245191084108e-01
4.797402027150573511e-01
4.854655436319073036e-01
4.904726499053941313e-01
4.957509944381830458e-01
5.011722924684998137e-01
5.066375967060779972e-01
5.096438874227470217e-01
5.168377021406952432e-01
5.205720955593253763e-01
5.257872311762297191e-01
5.328778313353286222e-01
5.391461821793555043e-01
5.420964649958737169e-01
5.479122186658244020e-01
5.559522860846234371e-01
5.633085237130092127e-01
5.668980967041064023e-01
5.737321273396570609e-01
5.781714201873286996e-01
5.850969303931257137e-01
5.931826042449048764e-01
5.992885321784943153e-01
6.057553110116271622e-01
6.111739419990795952e-01
6.178124783926749464e-01
6.256991908467753882e-01
6.311426253328660252e-01
6.386066114929705995e-01
6.456558724876723110e-01
6.530147771589224215e-01
6.597645292399603179e-01
6.662566449803042357e-01
6.735819449114638369e-01
6.833251859034219500e-01
6.866779254881670846e-01
6.971570036063927667e-01
7.030775720609114821e-01
7.098867991978239367e-01
7.178881944950903371e-01
7.242440243450670723e-01
7.330943393860486212e-01
7.389071593088485379e-01
7.462882004358726284e-01
7.556932603926340697e-01
7.645523766750679240e-01
7.716467106941767851e-01
7.781620297074404169e-01
7.852598308822728024e-01
7.938741126297614858e-01
8.006550691123119901e-01
8.084134968046382541e-01
8.171475287767351325e-01
8.227211149546049818e-01
8.329849627136797219e-01
8.411594490928407941e-01
8.475859555787222943e-01
8.539228494243624734e-01
8.612206788140193137e-01
8.678146755917807154e-01
8.760851755140575126e-01
8.831179008430004584e-01
8.904055954697730479e-01
8.988649220268443152e-01
9.053389018757107554e-01
9.112413344387521041e-01
9.185383637155498660e-01
9.274417529095314583e-01
9.336276921290507236e-01
9.407084242295515875e-01
9.470298492265786239e-01
9.539486918252148007e-01
9.606093646745841319e-01
9.680954872904625752e-01
9.735999970581463714e-01
9.807055326572854392e-01
9.857057046193250516e-01
9.904887792922084655e-01
9.978927569878656145e-01
1.005361010416553125e+00
1.009862978771536524e+00
1.016613530965433609e+00
1.022808538130691502e+00
1.027562808740640321e+00
1.034413908450522612e+00
1.037868795776971220e+00
1.042842297310367705e+00
1.050239340694577583e+00
1.054015339981891231e+00
1.059255545801720322e+00
1.064907009631228529e+00
1.069454584419191834e+00
1.073976822299943956e+00
1.078021926212268333e+00
1.083089574358775398e+00
1.087446988990512287e+00
1.092254600457747360e+00
1.095589737559587995e+00
1.100474959974174993e+00
1.105015867154977460e+00
1.108928685741231268e+00
1.112582801169645252e+00
1.116383070547024126e+00
1.120678609784308666e+00
1.124754918098145540e+00
1.128914971557922087e+00
1.131854852907269393e+00
1.134751261457928262e+00
1.138348568873331912e+00
1.142038956084700851e+00
1.145945640472366467e+00
1.148348112684551836e+00
1.151848606443980572e+00
1.154309220190608443e+00
1.157521139912117025e+00
1.159533690457537736e+00
1.163327558932042427e+00
1.166343184298736624e+00
1.169162782014902868e+00
1.171447904341057944e+00
1.174021067296560084e+00
1.176688910273746114e+00
1.179402893092484916e+00
1.182650017779802720e+00
1.184669235932384268e+00
1.186233723276598262e+00
1.189093860044302398e+00
1.190406578542123839e+00
1.193134429983757183e+00
1.195081104570429265e+00
1.197293950034961085e+00
1.199513729810939955e+00
1.201328652480114334e+00
1.203526029096033012e+00
1.206261348257686494e+00
1.208029064268162145e+00
1.209882925763155592e+00
1.211547960623354792e+00
1.213300474489503733e+00
1.215064189935683103e+00
1.223491511978382462e+00
1.230863751863954025e+00
1.237767925726836582e+00
1.243974667880697327e+00
1.249770418729165833e+00
1.254765790014049420e+00
1.259475787712450501e+00
1.263701717130975899e+00
1.267838033909260087e+00
1.272209050459605084e+00
1.275162000318987632e+00
1.278630756268330781e+00
1.281926421135779259e+00
1.284679076076050697e+00
1.287348519278955328e+00
1.289690182913834082e+00
1.292112391243215530e+00
1.294402580950812842e+00
1.296424199441972513e+00
1.298305798182754822e+00
1.300005504600190376e+00
1.301746816886309110e+00
1.303697225332991261e+00
1.305066218435250169e+00
1.306542159956368465e+00
1.307755931163923524e+00
1.309240673926494125e+00
1.310162670644691829e+00
1.311240689370452683e+00
1.312383517237816655e+00
1.313363388786170205e+00
1.314372064397458573e+00
1.315240186849796933e+00
1.316052301401984481e+00
1.316963896653011279e+00
1.317814149918158595e+00
1.318344091335300394e+00
1.319085795955869500e+00
1.319910445609519423e+00
1.320435319645218986e+00
1.320942324493727282e+00
1.321580547851160636e+00
1.322143027191247100e+00
1.322593490731031940e+00
1.323092227746661020e+00
1.323610167470913312e+00
1.324037694442064872e+00
1.324536431457693952e+00
1.324880746691478484e+00
1.325320542059805984e+00
1.325569910567620413e+00
1.325971033814415057e+00
1.326219335505083974e+00
1.326596722070386258e+00
1.326903431999783667e+00
1.327183738204824603e+00
1.327478713145619160e+00
1.327736882894885895e+00
1.327986251402700324e+00
1.328220151061902055e+00
