9.997719999999999940e-01
9.997599999999999820e-01
9.997519999999999740e-01
9.997260000000000035e-01
9.997080000000000410e-01
9.997219999999999995e-01
9.996760000000000090e-01
9.997540000000000315e-01
9.997179999999999955e-01
9.997219999999999995e-01
9.997059999999999835e-01
9.997279999999999500e-01
9.997460000000000235e-01
9.997019999999999795e-01
9.997120000000000450e-01
9.997080000000000410e-01
9.997279999999999500e-01
9.996859999999999635e-01
9.997139999999999915e-01
9.996880000000000210e-01
9.997179999999999955e-01
9.996979999999999755e-01
9.997179999999999955e-01
9.996720000000000050e-01
9.996840000000000170e-01
9.996300000000000185e-01
9.996300000000000185e-01
9.996639999999999970e-01
9.996680000000000010e-01
9.996159999999999490e-01
9.996840000000000170e-01
9.996479999999999810e-01
9.996899999999999675e-01
9.996580000000000465e-01
9.996899999999999675e-01
9.996340000000000225e-01
9.996800000000000130e-01
9.996580000000000465e-01
9.996420000000000305e-01
9.996680000000000010e-01
9.996140000000000025e-01
9.996699999999999475e-01
9.996399999999999730e-01
9.996639999999999970e-01
9.996099999999999985e-01
9.995720000000000161e-01
9.995899999999999785e-01
9.995739999999999625e-01
9.996080000000000521e-01
9.995880000000000321e-01
9.996279999999999610e-01
9.995659999999999545e-01
9.996000000000000441e-01
9.996220000000000105e-01
9.995579999999999465e-01
9.995279999999999720e-01
9.995260000000000256e-01
9.996359999999999690e-01
9.995579999999999465e-01
9.995659999999999545e-01
9.995359999999999800e-01
9.995619999999999505e-01
9.995720000000000161e-01
9.995199999999999640e-01
9.995680000000000121e-01
9.995579999999999465e-01
9.995239999999999680e-01
9.995279999999999720e-01
9.994560000000000111e-01
9.995039999999999480e-01
9.994779999999999776e-01
9.994439999999999991e-01
9.995000000000000551e-01
9.994579999999999576e-01
9.994800000000000351e-01
9.994520000000000071e-01
9.995140000000000136e-01
9.994979999999999976e-01
9.994199999999999751e-01
9.994760000000000311e-01
9.994499999999999496e-01
9.994319999999999871e-01
9.994459999999999456e-01
9.994619999999999616e-01
9.994539999999999536e-01
9.993779999999999886e-01
9.993999999999999551e-01
9.994439999999999991e-01
9.994359999999999911e-01
9.992919999999999581e-01
9.993499999999999606e-01
9.994420000000000526e-01
9.993760000000000421e-01
9.994100000000000206e-01
9.994319999999999871e-01
9.993480000000000141e-01
9.992839999999999501e-01
9.993720000000000381e-01
9.994319999999999871e-01
9.993100000000000316e-01
9.993779999999999886e-01
9.993919999999999471e-01
9.992980000000000196e-01
9.993199999999999861e-01
9.993060000000000276e-01
9.993279999999999941e-01
9.992779999999999996e-01
9.992879999999999541e-01
9.992640000000000411e-01
9.992560000000000331e-01
9.992799999999999461e-01
9.992199999999999971e-01
9.991980000000000306e-01
9.992699999999999916e-01
9.991499999999999826e-01
9.992659999999999876e-01
9.992499999999999716e-01
9.991719999999999491e-01
9.992159999999999931e-01
9.991200000000000081e-01
9.991379999999999706e-01
9.991759999999999531e-01
9.991700000000000026e-01
9.992220000000000546e-01
9.990520000000000511e-01
9.991400000000000281e-01
9.991379999999999706e-01
9.990780000000000216e-01
9.991440000000000321e-01
9.991139999999999466e-01
9.991039999999999921e-01
9.990820000000000256e-01
9.989719999999999711e-01
9.990099999999999536e-01
9.990940000000000376e-01
9.990499999999999936e-01
9.990179999999999616e-01
9.989839999999999831e-01
9.990240000000000231e-01
9.989759999999999751e-01
9.989280000000000381e-01
9.989219999999999766e-01
9.990400000000000391e-01
9.990559999999999441e-01
9.989139999999999686e-01
9.989679999999999671e-01
9.990219999999999656e-01
9.989179999999999726e-01
9.988320000000000531e-01
9.989019999999999566e-01
9.989179999999999726e-01
9.989139999999999686e-01
9.989000000000000101e-01
9.989360000000000461e-01
9.988879999999999981e-01
9.988960000000000061e-01
9.989460000000000006e-01
9.987099999999999866e-01
9.987920000000000131e-01
9.987380000000000146e-01
9.988620000000000276e-01
9.987040000000000362e-01
9.988540000000000196e-01
9.986779999999999546e-01
9.988359999999999461e-01
9.986319999999999641e-01
9.986340000000000217e-01
9.987519999999999731e-01
9.986960000000000282e-01
9.986199999999999521e-01
9.986859999999999626e-01
9.986680000000000001e-01
9.986380000000000257e-01
9.986639999999999961e-01
9.985680000000000112e-01
9.985519999999999952e-01
9.985319999999999752e-01
9.984680000000000222e-01
9.985519999999999952e-01
9.985260000000000247e-01
9.983840000000000492e-01
9.985460000000000447e-01
9.984739999999999727e-01
9.983560000000000212e-01
9.984680000000000222e-01
9.984420000000000517e-01
9.984319999999999862e-01
9.983079999999999732e-01
9.983360000000000012e-01
9.983640000000000292e-01
9.982739999999999947e-01
9.983300000000000507e-01
9.983100000000000307e-01
9.982659999999999867e-01
9.982999999999999652e-01
9.983180000000000387e-01
9.982060000000000377e-01
9.982180000000000497e-01
9.982100000000000417e-01
9.981240000000000112e-01
9.980679999999999552e-01
9.981020000000000447e-01
9.980480000000000462e-01
9.981320000000000192e-01
9.981900000000000217e-01
9.980299999999999727e-01
9.979660000000000197e-01
9.980219999999999647e-01
9.980480000000000462e-01
9.978580000000000227e-01
9.979620000000000157e-01
9.978719999999999812e-01
9.979179999999999717e-01
9.979120000000000212e-01
9.977800000000000002e-01
9.978799999999999892e-01
9.977859999999999507e-01
9.977979999999999627e-01
9.978519999999999612e-01
9.978660000000000307e-01
9.976399999999999713e-01
9.976620000000000488e-01
9.975880000000000303e-01
9.975739999999999608e-01
9.975939999999999808e-01
9.976180000000000048e-01
9.975399999999999823e-01
9.974520000000000053e-01
9.974640000000000173e-01
9.974739999999999718e-01
9.975439999999999863e-01
9.975180000000000158e-01
9.974119999999999653e-01
9.973579999999999668e-01
9.972680000000000433e-01
9.973159999999999803e-01
9.972940000000000138e-01
9.971980000000000288e-01
9.972119999999999873e-01
9.972079999999999833e-01
9.971419999999999728e-01
9.971940000000000248e-01
9.971299999999999608e-01
9.971119999999999983e-01
9.971299999999999608e-01
9.971060000000000478e-01
9.969839999999999813e-01
9.967979999999999619e-01
9.967840000000000034e-01
9.969780000000000308e-01
9.968960000000000043e-01
9.968719999999999803e-01
9.968080000000000274e-01
9.969040000000000123e-01
9.968080000000000274e-01
9.967139999999999889e-01
9.966319999999999624e-01
9.966080000000000494e-01
9.966620000000000479e-01
9.965359999999999774e-01
9.964880000000000404e-01
9.964859999999999829e-01
9.965899999999999759e-01
9.964459999999999429e-01
9.963180000000000369e-01
9.963880000000000514e-01
9.962280000000000024e-01
9.962640000000000384e-01
9.962119999999999864e-01
9.961640000000000494e-01
9.959519999999999484e-01
9.961039999999999894e-01
9.959240000000000315e-01
9.958719999999999795e-01
9.959919999999999884e-01
9.959639999999999604e-01
9.957840000000000025e-01
9.958500000000000130e-01
9.958040000000000225e-01
9.958380000000000010e-01
9.956319999999999615e-01
9.955840000000000245e-01
9.957019999999999760e-01
9.955180000000000140e-01
9.955359999999999765e-01
9.955239999999999645e-01
9.954600000000000115e-01
9.953400000000000025e-01
9.953779999999999850e-01
9.952760000000000495e-01
9.949500000000000011e-01
9.952699999999999880e-01
9.951179999999999470e-01
9.952299999999999480e-01
9.951619999999999910e-01
9.948759999999999826e-01
9.949660000000000171e-01
9.951119999999999965e-01
9.948960000000000026e-01
9.947019999999999751e-01
9.948899999999999411e-01
9.946119999999999406e-01
9.944600000000000106e-01
9.945579999999999421e-01
9.945060000000000011e-01
9.944180000000000241e-01
9.945039999999999436e-01
9.944960000000000466e-01
9.941879999999999606e-01
9.940339999999999732e-01
9.940499999999999892e-01
9.940160000000000107e-01
9.941919999999999646e-01
9.940679999999999517e-01
9.938379999999999992e-01
9.937660000000000382e-01
9.935260000000000202e-01
9.937179999999999902e-01
9.936519999999999797e-01
9.934979999999999922e-01
9.935260000000000202e-01
9.933939999999999992e-01
9.933539999999999592e-01
9.934459999999999402e-01
9.932879999999999487e-01
9.933159999999999767e-01
9.929519999999999458e-01
9.930480000000000418e-01
9.928000000000000158e-01
9.927859999999999463e-01
9.927080000000000348e-01
9.926220000000000043e-01
9.923859999999999904e-01
9.925920000000000298e-01
9.924819999999999753e-01
9.923499999999999543e-01
9.920499999999999874e-01
9.920740000000000114e-01
9.922199999999999909e-01
9.921520000000000339e-01
9.918939999999999424e-01
9.917859999999999454e-01
9.917519999999999669e-01
9.915000000000000480e-01
9.913739999999999775e-01
9.910719999999999530e-01
9.913020000000000165e-01
9.913619999999999655e-01
9.913339999999999375e-01
9.909980000000000455e-01
9.907120000000000370e-01
9.907460000000000155e-01
9.906739999999999435e-01
9.907759999999999900e-01
9.904180000000000206e-01
9.903039999999999621e-01
9.902799999999999381e-01
9.900019999999999376e-01
9.901360000000000161e-01
9.897160000000000402e-01
9.897179999999999866e-01
9.896040000000000392e-01
9.897420000000000107e-01
9.893939999999999957e-01
9.892760000000000442e-01
9.892039999999999722e-01
9.888359999999999372e-01
9.890560000000000462e-01
9.888379999999999947e-01
9.888000000000000123e-01
9.887939999999999507e-01
9.883520000000000083e-01
9.881839999999999513e-01
9.881679999999999353e-01
9.880700000000000038e-01
9.876059999999999839e-01
9.875779999999999559e-01
9.879940000000000389e-01
9.873520000000000074e-01
9.875359999999999694e-01
9.869980000000000420e-01
9.869780000000000220e-01
9.869040000000000035e-01
9.865180000000000060e-01
9.862579999999999680e-01
9.862799999999999345e-01
9.863359999999999905e-01
9.861060000000000381e-01
9.862760000000000415e-01
9.855420000000000291e-01
9.857920000000000016e-01
9.853579999999999561e-01
9.853079999999999616e-01
9.847279999999999367e-01
9.848219999999999752e-01
9.844920000000000337e-01
9.841759999999999398e-01
9.840379999999999683e-01
9.843159999999999688e-01
9.836719999999999908e-01
9.836660000000000403e-01
9.836179999999999923e-01
9.834340000000000304e-01
9.834359999999999769e-01
9.828519999999999479e-01
9.827479999999999549e-01
9.824899999999999745e-01
9.822699999999999765e-01
9.819539999999999935e-01
9.819479999999999320e-01
9.812879999999999381e-01
9.816359999999999530e-01
9.812199999999999811e-01
9.809200000000000141e-01
9.804039999999999422e-01
9.804340000000000277e-01
9.802560000000000162e-01
9.801179999999999337e-01
9.792379999999999418e-01
9.796679999999999833e-01
9.793720000000000203e-01
9.789139999999999509e-01
9.784420000000000339e-01
9.786819999999999409e-01
9.778519999999999435e-01
9.776519999999999655e-01
9.775800000000000045e-01
9.772819999999999840e-01
9.767820000000000391e-01
9.765880000000000116e-01
9.763199999999999656e-01
9.759299999999999642e-01
9.756299999999999972e-01
9.749879999999999658e-01
9.748839999999999728e-01
9.747519999999999518e-01
9.743319999999999759e-01
9.736339999999999995e-01
9.728040000000000020e-01
9.731499999999999595e-01
9.734279999999999600e-01
9.723140000000000116e-01
9.719280000000000141e-01
9.719980000000000286e-01
9.708820000000000228e-01
9.705319999999999503e-01
9.708059999999999468e-01
9.700900000000000079e-01
9.696139999999999759e-01
9.691039999999999655e-01
9.684500000000000330e-01
9.680100000000000371e-01
9.670940000000000092e-01
9.666719999999999757e-01
9.667299999999999782e-01
9.658879999999999688e-01
9.653460000000000374e-01
9.649400000000000199e-01
9.639679999999999360e-01
9.645679999999999810e-01
9.632579999999999476e-01
9.628879999999999661e-01
9.622260000000000257e-01
9.617599999999999483e-01
9.605160000000000364e-01
9.605179999999999829e-01
9.596559999999999535e-01
9.590899999999999981e-01
9.579820000000000002e-01
9.571859999999999813e-01
9.560520000000000129e-01
9.559560000000000279e-01
9.557379999999999765e-01
9.543479999999999741e-01
9.536040000000000072e-01
9.524920000000000053e-01
9.518240000000000034e-01
9.510079999999999645e-01
9.500739999999999741e-01
9.488919999999999577e-01
9.481180000000000163e-01
9.476660000000000084e-01
9.460779999999999745e-01
9.443179999999999907e-01
9.438619999999999788e-01
9.423120000000000385e-01
9.412880000000000136e-01
9.387959999999999638e-01
9.388900000000000023e-01
9.374179999999999735e-01
9.353460000000000107e-01
9.329039999999999555e-01
9.315459999999999852e-01
9.300319999999999698e-01
9.276780000000000026e-01
9.264900000000000357e-01
9.229319999999999746e-01
6.072100000000000275e-01
9.166980000000000128e-01
1.197239999999999971e-01
1.726000000000000034e-01
-9.162120000000000264e-01
-9.183499999999999996e-01
-4.508360000000000145e-01
-9.237140000000000351e-01
-8.918399999999999661e-01
-9.274580000000000046e-01
-9.310939999999999772e-01
-9.319260000000000321e-01
-9.343799999999999883e-01
-9.353139999999999787e-01
-9.367199999999999971e-01
-9.391559999999999908e-01
-9.395479999999999388e-01
-9.409939999999999971e-01
-9.417499999999999760e-01
-9.432800000000000074e-01
-9.450180000000000247e-01
-9.458499999999999686e-01
-9.460859999999999825e-01
-9.474219999999999864e-01
-9.498280000000000056e-01
-9.495359999999999356e-01
-9.509419999999999540e-01
-9.521260000000000279e-01
-9.525460000000000038e-01
-9.535359999999999392e-01
-9.542519999999999891e-01
-9.557839999999999669e-01
-9.556620000000000115e-01
-9.567940000000000333e-01
-9.575740000000000363e-01
-9.579339999999999522e-01
-9.587599999999999456e-01
-9.595019999999999660e-01
-9.604119999999999324e-01
-9.606899999999999329e-01
-9.615679999999999783e-01
-9.625460000000000127e-01
-9.631760000000000321e-01
-9.631440000000000001e-01
-9.642439999999999900e-01
-9.640179999999999305e-01
-9.651279999999999859e-01
-9.653920000000000279e-01
-9.658539999999999903e-01
-9.661299999999999333e-01
-9.669219999999999482e-01
-9.678139999999999521e-01
-9.680259999999999421e-01
-9.681379999999999431e-01
-9.689619999999999900e-01
-9.700459999999999638e-01
-9.696479999999999544e-01
-9.700060000000000349e-01
-9.707919999999999883e-01
-9.711100000000000287e-01
-9.718539999999999957e-01
-9.719539999999999846e-01
-9.727139999999999675e-01
-9.728419999999999845e-01
-9.730280000000000040e-01
-9.733300000000000285e-01
-9.741379999999999484e-01
-9.745880000000000098e-01
-9.748360000000000358e-01
-9.746759999999999868e-01
-9.757160000000000277e-01
-9.753039999999999488e-01
-9.753979999999999873e-01
-9.763119999999999576e-01
-9.763479999999999936e-01
-9.774499999999999300e-01
-9.770179999999999421e-01
-9.775920000000000165e-01
-9.778660000000000130e-01
-9.777820000000000400e-01
-9.779499999999999860e-01
-9.788459999999999939e-01
-9.796239999999999393e-01
-9.791039999999999743e-01
-9.796660000000000368e-01
-9.800320000000000142e-01
-9.799539999999999917e-01
-9.799940000000000317e-01
-9.801320000000000032e-01
-9.806300000000000017e-01
-9.807500000000000107e-01
-9.810379999999999656e-01
-9.815920000000000201e-01
-9.820240000000000080e-01
-9.821379999999999555e-01
-9.820679999999999410e-01
-9.826779999999999404e-01
-9.824920000000000320e-01
-9.830799999999999539e-01
-9.827399999999999469e-01
-9.829740000000000144e-01
-9.834260000000000224e-01
-9.839879999999999738e-01
-9.838979999999999393e-01
-9.837219999999999853e-01
-9.843419999999999392e-01
-9.847660000000000302e-01
-9.846779999999999422e-01
-9.846059999999999812e-01
-9.849980000000000402e-01
-9.850959999999999717e-01
-9.852799999999999336e-01
-9.853020000000000111e-01
-9.854840000000000266e-01
-9.856540000000000301e-01
-9.862159999999999815e-01
-9.863699999999999690e-01
-9.862900000000000000e-01
-9.866120000000000445e-01
-9.864680000000000115e-01
-9.868740000000000290e-01
-9.869660000000000100e-01
-9.870860000000000190e-01
-9.871020000000000350e-01
-9.873279999999999834e-01
-9.875300000000000189e-01
-9.877120000000000344e-01
-9.875039999999999374e-01
-9.880959999999999743e-01
-9.878599999999999604e-01
-9.884319999999999773e-01
-9.884519999999999973e-01
-9.881199999999999983e-01
-9.887740000000000418e-01
-9.886759999999999993e-01
-9.889280000000000292e-01
-9.889639999999999542e-01
-9.891119999999999912e-01
-9.891499999999999737e-01
-9.892900000000000027e-01
-9.899440000000000461e-01
-9.895599999999999952e-01
-9.897479999999999611e-01
-9.898919999999999941e-01
-9.901719999999999411e-01
-9.897960000000000091e-01
-9.903579999999999606e-01
-9.903520000000000101e-01
-9.902039999999999731e-01
-9.909080000000000110e-01
-9.906040000000000401e-01
-9.904979999999999896e-01
-9.908179999999999765e-01
-9.909499999999999975e-01
-9.908460000000000045e-01
-9.909339999999999815e-01
-9.912760000000000460e-01
-9.911879999999999580e-01
-9.915460000000000385e-01
-9.914720000000000200e-01
-9.915599999999999969e-01
-9.916040000000000409e-01
-9.917599999999999749e-01
-9.920980000000000354e-01
-9.918040000000000189e-01
-9.920940000000000314e-01
-9.922299999999999454e-01
-9.922959999999999559e-01
-9.922680000000000389e-01
-9.923800000000000399e-01
-9.925460000000000393e-01
-9.927059999999999773e-01
-9.927420000000000133e-01
-9.929139999999999633e-01
-9.928160000000000318e-01
-9.928939999999999433e-01
-9.929400000000000448e-01
-9.932799999999999407e-01
-9.930219999999999603e-01
-9.929860000000000353e-01
-9.931799999999999518e-01
-9.931919999999999638e-01
-9.934560000000000057e-01
-9.932560000000000278e-01
-9.935920000000000307e-01
-9.932860000000000023e-01
-9.936040000000000427e-01
-9.937799999999999967e-01
-9.938059999999999672e-01
-9.937960000000000127e-01
-9.937380000000000102e-01
-9.941619999999999902e-01
-9.941079999999999917e-01
-9.940559999999999397e-01
-9.939259999999999762e-01
-9.944459999999999411e-01
-9.942280000000000006e-01
-9.944420000000000481e-01
-9.947580000000000311e-01
-9.946180000000000021e-01
-9.944680000000000186e-01
-9.947960000000000136e-01
-9.946180000000000021e-01
-9.946679999999999966e-01
-9.947979999999999601e-01
-9.947819999999999441e-01
-9.948759999999999826e-01
-9.949759999999999716e-01
-9.948320000000000496e-01
-9.950299999999999701e-01
-9.951539999999999830e-01
-9.953739999999999810e-01
-9.950579999999999981e-01
-9.951299999999999590e-01
-9.953379999999999450e-01
-9.952779999999999960e-01
-9.954800000000000315e-01
-9.953359999999999985e-01
-9.954640000000000155e-01
-9.955880000000000285e-01
-9.955960000000000365e-01
-9.957559999999999745e-01
-9.957840000000000025e-01
-9.956840000000000135e-01
-9.957779999999999410e-01
-9.958059999999999690e-01
-9.958519999999999595e-01
-9.958979999999999499e-01
-9.959179999999999700e-01
-9.960980000000000389e-01
-9.961480000000000334e-01
-9.961240000000000094e-01
-9.961879999999999624e-01
-9.960139999999999549e-01
-9.961419999999999719e-01
-9.961320000000000174e-01
-9.963520000000000154e-01
-9.961699999999999999e-01
-9.962959999999999594e-01
-9.963319999999999954e-01
-9.964859999999999829e-01
-9.964800000000000324e-01
-9.966099999999999959e-01
-9.964600000000000124e-01
-9.966599999999999904e-01
-9.966540000000000399e-01
-9.965880000000000294e-01
-9.966119999999999424e-01
-9.968439999999999523e-01
-9.968160000000000354e-01
-9.967920000000000114e-01
-9.967960000000000154e-01
-9.967799999999999994e-01
-9.968620000000000259e-01
-9.969780000000000308e-01
-9.969620000000000148e-01
-9.968939999999999468e-01
-9.971039999999999903e-01
-9.970839999999999703e-01
-9.971980000000000288e-01
-9.969980000000000508e-01
-9.971039999999999903e-01
-9.970879999999999743e-01
-9.971020000000000438e-01
-9.971900000000000208e-01
-9.971179999999999488e-01
-9.971740000000000048e-01
-9.972020000000000328e-01
-9.972860000000000058e-01
-9.973300000000000498e-01
-9.974560000000000093e-01
-9.973680000000000323e-01
-9.974760000000000293e-01
-9.974079999999999613e-01
-9.974939999999999918e-01
-9.975559999999999983e-01
-9.975079999999999503e-01
-9.975920000000000343e-01
-9.975519999999999943e-01
-9.976899999999999658e-01
-9.975800000000000223e-01
-9.976239999999999553e-01
-9.977979999999999627e-01
-9.976660000000000528e-01
-9.978540000000000187e-01
-9.975899999999999768e-01
-9.978519999999999612e-01
-9.978280000000000483e-01
-9.979740000000000277e-01
-9.978700000000000347e-01
-9.979519999999999502e-01
-9.978740000000000387e-01
-9.977740000000000498e-01
-9.980259999999999687e-01
-9.979879999999999862e-01
-9.980080000000000062e-01
-9.980620000000000047e-01
-9.980719999999999592e-01
-9.980400000000000382e-01
-9.980700000000000127e-01
-9.981419999999999737e-01
-9.981200000000000072e-01
-9.981219999999999537e-01
-9.980980000000000407e-01
-9.982760000000000522e-01
-9.981619999999999937e-01
-9.982499999999999707e-01
-9.981659999999999977e-01
-9.982379999999999587e-01
-9.982499999999999707e-01
-9.981619999999999937e-01
-9.983180000000000387e-01
-9.983180000000000387e-01
-9.983339999999999437e-01
-9.984100000000000197e-01
-9.983100000000000307e-01
-9.983020000000000227e-01
-9.983339999999999437e-01
-9.984079999999999622e-01
-9.984039999999999582e-01
-9.984140000000000237e-01
-9.984060000000000157e-01
-9.984539999999999527e-01
-9.984819999999999807e-01
-9.984220000000000317e-01
-9.985460000000000447e-01
-9.984420000000000517e-01
-9.985500000000000487e-01
-9.985100000000000087e-01
-9.986960000000000282e-01
-9.986460000000000337e-01
-9.986040000000000472e-01
-9.986800000000000122e-01
-9.987099999999999866e-01
-9.986660000000000537e-01
-9.986019999999999897e-01
-9.986739999999999506e-01
-9.986220000000000097e-01
-9.986899999999999666e-01
-9.986479999999999801e-01
-9.987500000000000266e-01
-9.987519999999999731e-01
-9.986840000000000162e-01
-9.987519999999999731e-01
-9.987519999999999731e-01
-9.988200000000000411e-01
-9.987899999999999556e-01
-9.987979999999999636e-01
-9.987439999999999651e-01
-9.987819999999999476e-01
-9.988860000000000516e-01
-9.989259999999999806e-01
-9.988540000000000196e-01
-9.988080000000000291e-01
-9.989660000000000206e-01
-9.989080000000000181e-01
-9.988719999999999821e-01
-9.989240000000000341e-01
-9.989320000000000421e-01
-9.989879999999999871e-01
-9.989660000000000206e-01
-9.990219999999999656e-01
-9.989200000000000301e-01
-9.989780000000000326e-01
-9.990200000000000191e-01
-9.989959999999999951e-01
-9.990480000000000471e-01
-9.990780000000000216e-01
-9.990740000000000176e-01
-9.991060000000000496e-01
-9.990660000000000096e-01
-9.990679999999999561e-01
-9.990919999999999801e-01
-9.990339999999999776e-01
-9.991419999999999746e-01
-9.991339999999999666e-01
-9.991579999999999906e-01
-9.991160000000000041e-01
-9.991339999999999666e-01
-9.991060000000000496e-01
-9.991499999999999826e-01
-9.991379999999999706e-01
-9.991499999999999826e-01
-9.991679999999999451e-01
-9.991919999999999691e-01
-9.992100000000000426e-01
-9.992760000000000531e-01
-9.992320000000000091e-01
-9.992100000000000426e-01
-9.992259999999999476e-01
-9.992320000000000091e-01
-9.992280000000000051e-01
-9.991879999999999651e-01
-9.992299999999999516e-01
-9.992360000000000131e-01
-9.992699999999999916e-01
-9.992739999999999956e-01
-9.993499999999999606e-01
-9.992820000000000036e-01
-9.992900000000000116e-01
-9.993539999999999646e-01
-9.992320000000000091e-01
-9.993480000000000141e-01
-9.992919999999999581e-01
-9.993079999999999741e-01
-9.993379999999999486e-01
-9.993339999999999446e-01
-9.993600000000000261e-01
-9.993020000000000236e-01
-9.993600000000000261e-01
-9.993819999999999926e-01
-9.993419999999999526e-01
-9.993980000000000086e-01
-9.993699999999999806e-01
-9.993880000000000541e-01
-9.993800000000000461e-01
-9.993859999999999966e-01
-9.993720000000000381e-01
-9.994300000000000406e-01
-9.994459999999999456e-01
-9.994239999999999791e-01
-9.994380000000000486e-01
-9.994279999999999831e-01
-9.994819999999999816e-01
-9.994859999999999856e-01
-9.994680000000000231e-01
-9.994619999999999616e-01
-9.995180000000000176e-01
-9.994380000000000486e-01
-9.994420000000000526e-01
-9.995079999999999520e-01
-9.994899999999999896e-01
-9.994800000000000351e-01
-9.995140000000000136e-01
-9.994579999999999576e-01
-9.995060000000000056e-01
-9.995140000000000136e-01
-9.995380000000000376e-01
-9.995420000000000416e-01
-9.995680000000000121e-01
-9.995579999999999465e-01
-9.995159999999999600e-01
-9.995300000000000296e-01
-9.995720000000000161e-01
-9.995600000000000041e-01
-9.995819999999999705e-01
-9.995180000000000176e-01
-9.995800000000000241e-01
-9.995920000000000361e-01
-9.995359999999999800e-01
-9.995840000000000281e-01
-9.995479999999999920e-01
-9.995899999999999785e-01
-9.995960000000000401e-01
-9.995600000000000041e-01
-9.996220000000000105e-01
-9.996359999999999690e-01
-9.995659999999999545e-01
-9.995460000000000456e-01
-9.996300000000000185e-01
-9.995880000000000321e-01
-9.996420000000000305e-01
-9.996399999999999730e-01
-9.996359999999999690e-01
-9.996140000000000025e-01
-9.996559999999999890e-01
-9.996439999999999770e-01
-9.996880000000000210e-01
-9.996620000000000505e-01
-9.996979999999999755e-01
-9.996519999999999850e-01
-9.997019999999999795e-01
-9.996580000000000465e-01
-9.996519999999999850e-01
-9.996680000000000010e-01
-9.996739999999999515e-01
-9.996660000000000545e-01
-9.997059999999999835e-01
-9.996939999999999715e-01
-9.996859999999999635e-01
-9.996840000000000170e-01
-9.997040000000000370e-01
-9.997120000000000450e-01
-9.996779999999999555e-01
-9.996979999999999755e-01
-9.997319999999999540e-01
-9.996979999999999755e-01
-9.997139999999999915e-01
-9.997500000000000275e-01
-9.997380000000000155e-01
-9.997160000000000490e-01
-9.997300000000000075e-01
-9.997380000000000155e-01
-9.997460000000000235e-01
-9.997599999999999820e-01
-9.997960000000000180e-01
-9.997620000000000395e-01
-9.996979999999999755e-01
-9.997620000000000395e-01
-9.997279999999999500e-01
-9.997179999999999955e-01
-9.997179999999999955e-01
-9.997800000000000020e-01
