-6.997948000000000057e+00
-6.987846400000006675e+00
-6.977772960000010016e+00
-6.967546220000016888e+00
-6.957383680000003956e+00
-6.947519900000006743e+00
-6.937103440000013777e+00
-6.927803219999990603e+00
-6.917484559999998339e+00
-6.907527019999999851e+00
-6.897383399999988285e+00
-6.887581919999994362e+00
-6.877744479999996052e+00
-6.867356740000004400e+00
-6.857448320000010256e+00
-6.847415800000013597e+00
-6.837599520000019915e+00
-6.827227380000007173e+00
-6.817477480000009749e+00
-6.807251280000017779e+00
-6.797522399999995635e+00
-6.787345419999999407e+00
-6.777524040000005634e+00
-6.767123439999992662e+00
-6.757231839999994882e+00
-6.746762500000000884e+00
-6.736770200000008479e+00
-6.727066720000015820e+00
-6.717104960000016334e+00
-6.706655360000003618e+00
-6.697250800000009718e+00
-6.686945120000014064e+00
-6.677309200000020262e+00
-6.667034860000000229e+00
-6.657315400000003436e+00
-6.646838100000009852e+00
-6.637235199999997448e+00
-6.627048539999998766e+00
-6.616914040000005492e+00
-6.607141480000012557e+00
-6.596680400000018984e+00
-6.587165300000020984e+00
-6.576911200000007618e+00
-6.567120480000014027e+00
-6.556665600000015637e+00
-6.546340599999997956e+00
-6.536498600000004267e+00
-6.526370220000009326e+00
-6.516660159999993596e+00
-6.506497879999999512e+00
-6.496838000000003888e+00
-6.486315340000009755e+00
-6.476612000000017133e+00
-6.466802340000018745e+00
-6.456260680000024621e+00
-6.446015600000011503e+00
-6.435999440000013117e+00
-6.426931480000019015e+00
-6.416278360000003289e+00
-6.406354060000009731e+00
-6.396102400000012622e+00
-6.386329179999997940e+00
-6.376417360000004031e+00
-6.365990400000007376e+00
-6.356392480000013556e+00
-6.346309300000020137e+00
-6.336034160000022730e+00
-6.326072240000029545e+00
-6.315477920000014400e+00
-6.305878240000015289e+00
-6.295671400000022011e+00
-6.285390760000009180e+00
-6.275864000000016318e+00
-6.265517660000017308e+00
-6.255704800000002841e+00
-6.245487000000008670e+00
-6.235995360000010201e+00
-6.225868540000018214e+00
-6.215232400000024526e+00
-6.205697960000027713e+00
-6.195502000000034037e+00
-6.185352080000017239e+00
-6.175472280000018799e+00
-6.165604540000026113e+00
-6.155544640000014667e+00
-6.144930700000014845e+00
-6.135120000000022777e+00
-6.125483720000007182e+00
-6.115420320000008125e+00
-6.104262120000014669e+00
-6.094739000000021889e+00
-6.085489780000028937e+00
-6.074970080000029249e+00
-6.065242700000013976e+00
-6.055421920000020108e+00
-6.044759400000022431e+00
-6.034275360000012078e+00
-6.024961160000017912e+00
-6.015452640000020779e+00
-6.004489100000027335e+00
-5.995024000000011455e+00
-5.985146080000012248e+00
-5.974406040000019402e+00
-5.964588400000025992e+00
-5.954475760000033091e+00
-5.944661600000033630e+00
-5.934279320000017677e+00
-5.924357840000023856e+00
-5.914178880000023675e+00
-5.904122960000017351e+00
-5.894320000000023541e+00
-5.883857800000025229e+00
-5.873688240000007887e+00
-5.864254900000014814e+00
-5.853323000000017373e+00
-5.844250100000023984e+00
-5.834120000000030615e+00
-5.823520760000030272e+00
-5.813885120000037432e+00
-5.803139200000019926e+00
-5.793288400000021987e+00
-5.783585040000027711e+00
-5.773558600000022523e+00
-5.763962940000030066e+00
-5.752671520000030014e+00
-5.743347000000012414e+00
-5.733340120000018025e+00
-5.722884940000020570e+00
-5.713403680000027407e+00
-5.703184940000032732e+00
-5.693124800000035179e+00
-5.682956580000041669e+00
-5.672124960000024529e+00
-5.662422700000024456e+00
-5.653084040000030619e+00
-5.642744500000028474e+00
-5.632505520000034238e+00
-5.622263920000035498e+00
-5.612578880000016923e+00
-5.602211360000024065e+00
-5.591860800000024057e+00
-5.581833980000030948e+00
-5.572735200000037636e+00
-5.562861920000039540e+00
-5.551809840000045959e+00
-5.542228400000026589e+00
-5.532633880000027204e+00
-5.521884540000034036e+00
-5.511216640000033529e+00
-5.501766020000032675e+00
-5.491901000000040334e+00
-5.481877860000021307e+00
-5.471792000000021972e+00
-5.462071920000028058e+00
-5.451728480000035404e+00
-5.441775200000042112e+00
-5.432166240000041668e+00
-5.420439300000023053e+00
-5.411056640000029283e+00
-5.400668580000029806e+00
-5.391602800000036666e+00
-5.380434560000037614e+00
-5.371554520000040078e+00
-5.360284860000045448e+00
-5.351448960000025679e+00
-5.339981200000026185e+00
-5.330005560000032894e+00
-5.320880160000039716e+00
-5.310490720000046849e+00
-5.299928200000046274e+00
-5.290423800000026766e+00
-5.280317720000033077e+00
-5.270120640000032886e+00
-5.260319280000036457e+00
-5.249639680000043107e+00
-5.239538000000043994e+00
-5.229407680000022651e+00
-5.218983640000029567e+00
-5.209581440000031094e+00
-5.199396460000036413e+00
-5.188412800000044456e+00
-5.179585740000043792e+00
-5.169075320000049878e+00
-5.158260520000029103e+00
-5.149062880000029097e+00
-5.138872300000034699e+00
-5.128844480000042338e+00
-5.117968040000048902e+00
-5.108196320000048196e+00
-5.098388040000027210e+00
-5.087813400000034569e+00
-5.078195700000034840e+00
-5.068066800000041283e+00
-5.057784620000047582e+00
-5.048022000000047527e+00
-5.038161900000053706e+00
-5.027450240000034043e+00
-5.017532540000033237e+00
-5.007494200000039086e+00
-4.996917240000046334e+00
-4.986508000000053009e+00
-4.976788980000052653e+00
-4.966479040000032263e+00
-4.957020040000038819e+00
-4.947430400000037309e+00
-4.936372500000044461e+00
-4.925948040000051265e+00
-4.916348460000051546e+00
-4.906580160000057589e+00
-4.895262780000036784e+00
-4.885985800000037571e+00
-4.875414080000043171e+00
-4.865719840000051200e+00
-4.855699440000049272e+00
-4.844834800000055175e+00
-4.835538000000036973e+00
-4.824956240000035201e+00
-4.815012340000041746e+00
-4.805430640000049713e+00
-4.795535460000055039e+00
-4.784024000000053789e+00
-4.774212980000035245e+00
-4.763718640000041304e+00
-4.753667980000041204e+00
-4.743819440000047294e+00
-4.733965500000054227e+00
-4.723515600000053993e+00
-4.712983960000059369e+00
-4.703050080000041433e+00
-4.693134540000039934e+00
-4.683624800000045774e+00
-4.673499420000053917e+00
-4.662812160000060047e+00
-4.652457860000057899e+00
-4.641908880000039872e+00
-4.632275400000045451e+00
-4.622144160000043911e+00
-4.611566740000051290e+00
-4.601667440000057674e+00
-4.591644880000058215e+00
-4.581305200000038269e+00
-4.571632460000044418e+00
-4.561227400000044341e+00
-4.551181840000049661e+00
-4.541284800000058297e+00
-4.531144300000056191e+00
-4.520371360000060790e+00
-4.509246940000045001e+00
-4.499167680000041969e+00
-4.490466780000048175e+00
-4.479956000000055560e+00
-4.469847280000061929e+00
-4.459419840000059310e+00
-4.450108880000042788e+00
-4.439515680000048370e+00
-4.428981300000049082e+00
-4.418482080000054601e+00
-4.408393440000059726e+00
-4.398758040000060099e+00
-4.387975760000065506e+00
-4.377727200000049557e+00
-4.367717540000046306e+00
-4.358412200000052472e+00
-4.347553020000059831e+00
-4.336818480000066423e+00
-4.327203800000063438e+00
-4.316249520000048356e+00
-4.306567120000053706e+00
-4.296271840000050801e+00
-4.285974840000059238e+00
-4.274741600000064423e+00
-4.265682160000063838e+00
-4.254626720000069362e+00
-4.244329440000051967e+00
-4.235129920000050952e+00
-4.225011000000056249e+00
-4.213952160000064673e+00
-4.204365500000061928e+00
-4.194116880000066772e+00
-4.184417980000052495e+00
-4.173182400000049697e+00
-4.162964960000055115e+00
-4.153718360000063115e+00
-4.142634060000068175e+00
-4.132745760000064550e+00
-4.122748600000051944e+00
-4.112420400000056375e+00
-4.101738200000055734e+00
-4.092009360000060880e+00
-4.081552360000066493e+00
-4.069527000000065620e+00
-4.061482300000070822e+00
-4.050729440000057302e+00
-4.041370100000054144e+00
-4.030989720000058618e+00
-4.019395800000066465e+00
-4.009910640000072135e+00
-4.000913360000069474e+00
-3.989645920000056467e+00
-3.978547020000060996e+00
-3.969784000000057489e+00
-3.958121880000065484e+00
-3.947262800000070015e+00
-3.937927260000068763e+00
-3.927671760000054579e+00
-3.917175100000060084e+00
-3.907793760000058736e+00
-3.897825280000063231e+00
-3.886064960000071178e+00
-3.875272940000067390e+00
-3.865331000000072237e+00
-3.855210240000060740e+00
-3.846384960000056363e+00
-3.835683160000062486e+00
-3.824278680000070096e+00
-3.814127100000074488e+00
-3.802667840000070409e+00
-3.793843940000059423e+00
-3.783686640000064383e+00
-3.772803380000062212e+00
-3.763022800000067836e+00
-3.752347260000072904e+00
-3.742254120000071183e+00
-3.732903420000075911e+00
-3.721982880000065830e+00
-3.712183000000060851e+00
-3.700316480000065411e+00
-3.690889040000073340e+00
-3.679596000000078249e+00
-3.669528060000073921e+00
-3.659163600000064687e+00
-3.648751180000068928e+00
-3.637636480000064676e+00
-3.628740640000072126e+00
-3.618192120000076617e+00
-3.607753500000074443e+00
-3.596010000000078755e+00
-3.586368620000067953e+00
-3.577184400000065434e+00
-3.566740720000070031e+00
-3.555530400000077140e+00
-3.545131740000072362e+00
-3.534912160000077019e+00
-3.523687000000069069e+00
-3.513111440000063812e+00
-3.501537600000069084e+00
-3.492861080000076779e+00
-3.483271860000080267e+00
-3.473279680000075142e+00
-3.461534980000068096e+00
-3.450148000000072379e+00
-3.440439540000069574e+00
-3.430157520000074456e+00
-3.420804720000079513e+00
-3.409022280000076233e+00
-3.398592800000080238e+00
-3.388619200000073661e+00
-3.377014860000068452e+00
-3.367809120000072376e+00
-3.355851560000079559e+00
-3.345981200000084144e+00
-3.335565560000079088e+00
-3.326343960000072819e+00
-3.314533780000077368e+00
-3.304235360000071342e+00
-3.293865400000078658e+00
-3.282100240000082270e+00
-3.273368480000078851e+00
-3.262390160000071759e+00
-3.252232000000076173e+00
-3.242384200000072880e+00
-3.230398080000076444e+00
-3.219647520000084029e+00
-3.209505360000077356e+00
-3.199252200000081370e+00
-3.187047500000077083e+00
-3.176936720000071102e+00
-3.169160620000075923e+00
-3.155989440000082524e+00
-3.147206560000086473e+00
-3.134733600000079612e+00
-3.124743820000076777e+00
-3.114566720000080835e+00
-3.102722060000075999e+00
-3.091875280000080828e+00
-3.081922000000085315e+00
-3.072295040000080579e+00
-3.061663780000084323e+00
-3.052121120000082399e+00
-3.039075620000075251e+00
-3.030275200000078772e+00
-3.018684220000085627e+00
-3.008412640000090565e+00
-2.995774960000082920e+00
-2.986507320000081567e+00
-2.974916600000085509e+00
-2.963883040000077518e+00
-2.953247140000085036e+00
-2.944742320000088398e+00
-2.932040720000083311e+00
-2.922038000000087177e+00
-2.912005820000084899e+00
-2.901433320000079696e+00
-2.891232920000082807e+00
-2.878961920000090213e+00
-2.868494600000081718e+00
-2.857820600000084976e+00
-2.847099100000086036e+00
-2.835605680000077733e+00
-2.825944680000081810e+00
-2.813015200000088534e+00
-2.804616040000091903e+00
-2.793129600000083368e+00
-2.781984400000085955e+00
-2.769963440000088983e+00
-2.760420900000083222e+00
-2.749743040000086847e+00
-2.739401940000090629e+00
-2.725667160000084355e+00
-2.717967080000087687e+00
-2.706805600000091072e+00
-2.694938060000082292e+00
-2.683408760000085103e+00
-2.674437140000092139e+00
-2.661271520000095592e+00
-2.650647000000086351e+00
-2.640625200000090711e+00
-2.629791860000093351e+00
-2.617527040000084071e+00
-2.607313480000090777e+00
-2.596392000000093514e+00
-2.584835700000086778e+00
-2.573848400000088965e+00
-2.561685960000092965e+00
-2.551575440000086292e+00
-2.540844800000088721e+00
-2.529812480000095842e+00
-2.517049420000085913e+00
-2.504414480000088261e+00
-2.495721500000094295e+00
-2.487520800000084353e+00
-2.473209260000087895e+00
-2.462462240000094393e+00
-2.452662860000097034e+00
-2.438669920000086755e+00
-2.427812600000093468e+00
-2.418591240000095954e+00
-2.406183700000089409e+00
-2.394975280000092521e+00
-2.383855040000095737e+00
-2.371441000000089616e+00
-2.359964900000091514e+00
-2.346657120000098296e+00
-2.335311840000088512e+00
-2.326055800000090823e+00
-2.313449600000097028e+00
-2.302240240000099636e+00
-2.290864200000090722e+00
-2.278098560000096917e+00
-2.270040880000098849e+00
-2.255595200000089839e+00
-2.245234320000096151e+00
-2.233185880000097878e+00
-2.222579200000092126e+00
-2.207829760000095121e+00
-2.198345300000097868e+00
-2.186251040000092516e+00
-2.174291700000093641e+00
-2.161726240000100496e+00
-2.149807660000091492e+00
-2.136231600000093156e+00
-2.126259240000099027e+00
-2.115638640000090831e+00
-2.102137960000093120e+00
-2.090069040000099410e+00
-2.077475000000100103e+00
-2.065921760000092089e+00
-2.053735840000098012e+00
-2.042084280000099117e+00
-2.028315320000094957e+00
-2.016659600000096919e+00
-2.005864540000099172e+00
-1.991610040000095116e+00
-1.977350060000095722e+00
-1.966757920000101967e+00
-1.953586800000094437e+00
-1.941840320000094655e+00
-1.924911480000100372e+00
-1.915250800000102060e+00
-1.903295980000094811e+00
-1.887434600000100549e+00
-1.873717360000100474e+00
-1.860327680000093409e+00
-1.847878240000099481e+00
-1.832264680000099011e+00
-1.821260500000096538e+00
-1.803997280000097625e+00
-1.775592300000065071e+00
-1.775233960000096367e+00
-1.747869240000012425e+00
-1.745448000000019206e+00
-1.763882119999904186e+00
-1.775586999999904325e+00
-1.768505079999950214e+00
-1.806416559999904470e+00
-1.814987999999906787e+00
-1.832699479999897241e+00
-1.849908579999896663e+00
-1.861058079999903470e+00
-1.875846199999897213e+00
-1.887415399999896826e+00
-1.900999199999899414e+00
-1.916614719999897520e+00
-1.926801239999895721e+00
-1.940027159999898831e+00
-1.951854499999898129e+00
-1.965260799999891672e+00
-1.979133059999899080e+00
-1.991844999999898391e+00
-2.001320339999892450e+00
-2.015068399999889959e+00
-2.031687879999897639e+00
-2.039289919999891509e+00
-2.053120659999890574e+00
-2.067262239999898554e+00
-2.077048499999891717e+00
-2.089851359999890690e+00
-2.101628039999894781e+00
-2.116455519999892676e+00
-2.125281979999889881e+00
-2.138954199999894445e+00
-2.151007939999893370e+00
-2.160974879999886245e+00
-2.173518799999895279e+00
-2.185642679999893812e+00
-2.198508199999887225e+00
-2.208896399999896065e+00
-2.221568159999893322e+00
-2.234239479999886591e+00
-2.246514639999884988e+00
-2.255917599999893941e+00
-2.268924039999887121e+00
-2.277951559999885411e+00
-2.291261039999890947e+00
-2.302780479999888108e+00
-2.313514299999885004e+00
-2.323807799999890733e+00
-2.336573339999888699e+00
-2.349494719999881909e+00
-2.359908739999891480e+00
-2.369928999999889374e+00
-2.382930619999882538e+00
-2.396535919999879471e+00
-2.404597439999889286e+00
-2.415835239999882589e+00
-2.428351599999880150e+00
-2.439525599999889938e+00
-2.451776779999883082e+00
-2.461953319999880652e+00
-2.474677259999887191e+00
-2.484793199999884017e+00
-2.495211079999880788e+00
-2.506168599999887281e+00
-2.519162939999884721e+00
-2.530956319999877913e+00
-2.541375399999887374e+00
-2.550578159999885131e+00
-2.564585719999878943e+00
-2.572430719999888815e+00
-2.583196619999885257e+00
-2.596514399999878542e+00
-2.605867079999875990e+00
-2.620439999999885305e+00
-2.628611139999879942e+00
-2.640666079999877347e+00
-2.651163499999883655e+00
-2.661074319999880089e+00
-2.671421499999876215e+00
-2.684883879999882428e+00
-2.698254959999879077e+00
-2.705827199999875088e+00
-2.717921459999884437e+00
-2.728922239999881150e+00
-2.738853819999874428e+00
-2.748594959999870468e+00
-2.758880199999879324e+00
-2.770897799999876732e+00
-2.780920499999873563e+00
-2.792265439999882304e+00
-2.804620879999875083e+00
-2.816273599999871813e+00
-2.826441579999877440e+00
-2.836290559999873118e+00
-2.848766539999874503e+00
-2.857546479999880429e+00
-2.870389999999876984e+00
-2.878418399999869592e+00
-2.889524779999877779e+00
-2.901161479999874171e+00
-2.913392119999874019e+00
-2.923221999999881859e+00
-2.932307219999878090e+00
-2.944588839999870533e+00
-2.956576979999867127e+00
-2.965993119999875027e+00
-2.975596299999875516e+00
-2.986973879999871961e+00
-2.997632719999876905e+00
-3.008102399999872389e+00
-3.018323179999867989e+00
-3.028784399999872701e+00
-3.039607939999868780e+00
-3.052149919999870509e+00
-3.062690099999877624e+00
-3.071990599999873783e+00
-3.083459799999866746e+00
-3.092894879999862123e+00
-3.104550579999869164e+00
-3.114855879999872013e+00
-3.125276339999868203e+00
-3.135366399999875320e+00
-3.146238879999867954e+00
-3.156994599999863649e+00
-3.168057759999867606e+00
-3.176608959999874138e+00
-3.189531999999869250e+00
-3.198055599999873433e+00
-3.210824639999869667e+00
-3.220938559999861894e+00
-3.229162799999868216e+00
-3.242270199999864655e+00
-3.251573559999869190e+00
-3.262848959999875120e+00
-3.272882119999870554e+00
-3.283522079999863230e+00
-3.293464499999859019e+00
-3.304310399999865311e+00
-3.317399279999870831e+00
-3.325284799999866703e+00
-3.336289719999869785e+00
-3.346904799999864899e+00
-3.358162519999860152e+00
-3.366086319999863630e+00
-3.378959939999858886e+00
-3.388730879999865220e+00
-3.398099799999870996e+00
-3.411609679999866529e+00
-3.419927879999859588e+00
-3.429209039999854269e+00
-3.440842819999859969e+00
-3.451448999999866984e+00
-3.460621459999862815e+00
-3.471027679999867832e+00
-3.482844279999860237e+00
-3.492253519999855893e+00
-3.504076299999858701e+00
-3.513684319999853756e+00
-3.524029199999863859e+00
-3.534110319999866245e+00
-3.544906399999862234e+00
-3.556700799999855001e+00
-3.564960439999859787e+00
-3.576460279999855274e+00
-3.587038899999863695e+00
-3.597373439999868250e+00
-3.607186199999863341e+00
-3.617698799999855996e+00
-3.628611819999851829e+00
-3.639294079999856102e+00
-3.649457979999864765e+00
-3.660313799999860507e+00
-3.669747359999862901e+00
-3.680017679999857627e+00
-3.690254199999852602e+00
-3.702091199999854254e+00
-3.710612499999850211e+00
-3.720327359999859862e+00
-3.731280599999864389e+00
-3.741293759999859692e+00
-3.752654239999852148e+00
-3.761536799999847247e+00
-3.773405519999851077e+00
-3.781496519999861583e+00
-3.793295319999856918e+00
-3.804239199999861043e+00
-3.814257099999853295e+00
-3.824212559999848438e+00
-3.833778059999849663e+00
-3.846092559999862992e+00
-3.855728119999858095e+00
-3.865418399999859922e+00
-3.874618659999855108e+00
-3.887556319999847521e+00
-3.896260039999851266e+00
-3.907409479999846447e+00
-3.919234099999858500e+00
-3.928395279999862044e+00
-3.937353959999856379e+00
-3.949260079999848738e+00
-3.958201819999843885e+00
-3.968399999999847161e+00
-3.979131979999860125e+00
-3.988979639999855387e+00
-3.999426279999856337e+00
-4.010027039999850551e+00
-4.019105599999845069e+00
-4.030165799999846143e+00
-4.041008779999841316e+00
-4.052185919999853780e+00
-4.060251219999857497e+00
-4.070672999999852770e+00
-4.081839179999844802e+00
-4.091429359999839477e+00
-4.102544399999842106e+00
-4.111735039999856234e+00
-4.122343599999850561e+00
-4.133134079999853938e+00
-4.143059319999846224e+00
-4.154008079999840675e+00
-4.164190959999841013e+00
-4.173496799999836249e+00
-4.184017379999852793e+00
-4.194193319999853564e+00
-4.204413959999848238e+00
-4.214595519999839723e+00
-4.224771499999843805e+00
-4.235801479999837582e+00
-4.246015959999852818e+00
-4.255890719999855243e+00
-4.266218519999849690e+00
-4.275068199999842555e+00
-4.285904019999835945e+00
-4.295790239999838889e+00
-4.307100159999854405e+00
-4.315917799999849258e+00
-4.326707599999848775e+00
-4.336923519999843712e+00
-4.347787819999838099e+00
-4.357686399999837867e+00
-4.368501899999832183e+00
-4.377523999999849202e+00
-4.388730599999851378e+00
-4.398618679999844794e+00
-4.408212839999837485e+00
-4.418381279999831435e+00
-4.429755799999833599e+00
-4.439603359999850341e+00
-4.449396239999845903e+00
-4.459386079999847041e+00
-4.469266199999839095e+00
-4.479718999999833251e+00
-4.490490779999833926e+00
-4.500336239999852772e+00
-4.509869819999845930e+00
-4.521212159999846492e+00
-4.531024199999841073e+00
-4.541770879999833532e+00
-4.550404859999835239e+00
-4.561092319999829670e+00
-4.570929919999846547e+00
-4.581057199999849061e+00
-4.591529899999842179e+00
-4.601037159999835424e+00
-4.611347619999828673e+00
-4.621537279999830439e+00
-4.632039899999848664e+00
-4.642337799999843639e+00
-4.653143519999843214e+00
-4.662538239999836520e+00
-4.673198439999830534e+00
-4.682733599999830076e+00
-4.693276739999824976e+00
-4.703664319999843357e+00
-4.713292839999844830e+00
-4.723850079999839302e+00
-4.733547999999831113e+00
-4.744464399999824167e+00
-4.753720599999826213e+00
-4.763966719999844557e+00
-4.775088419999838685e+00
-4.784192799999840595e+00
-4.795485739999832298e+00
-4.803647799999827050e+00
-4.815385159999826747e+00
-4.825219519999819795e+00
-4.836181899999840716e+00
-4.845448199999840000e+00
-4.855986239999833920e+00
-4.865437119999826088e+00
-4.874766859999827950e+00
-4.886431399999822567e+00
-4.896149079999841724e+00
-4.906283359999842553e+00
-4.916629659999835589e+00
-4.926679679999828032e+00
-4.936465999999821719e+00
-4.946643199999822826e+00
-4.957093739999843152e+00
-4.966929599999835965e+00
-4.976960779999836326e+00
-4.986717999999830120e+00
-4.997958759999823641e+00
-5.007125239999822064e+00
-5.017745499999816339e+00
-5.027132639999837060e+00
-5.037601899999837762e+00
-5.047684999999830779e+00
-5.057069339999824109e+00
-5.068127439999817518e+00
-5.078134619999818078e+00
-5.088231399999838978e+00
-5.098739099999832547e+00
-5.108003199999833654e+00
-5.117941259999826187e+00
-5.128144759999819335e+00
-5.138661199999818407e+00
-5.148592639999839626e+00
-5.158660379999834511e+00
-5.168591079999832694e+00
-5.178908259999827735e+00
-5.189086399999819577e+00
-5.198670619999820275e+00
-5.209534119999813306e+00
-5.218755659999833263e+00
-5.229521999999834136e+00
-5.239221499999827003e+00
-5.250564959999823422e+00
-5.260192419999817126e+00
-5.269881119999817898e+00
-5.280397199999836921e+00
-5.290606999999829974e+00
-5.300272459999828989e+00
-5.309798639999822711e+00
-5.320296419999816173e+00
-5.329913479999815351e+00
-5.340383499999808770e+00
-5.350061279999827946e+00
-5.360811499999829088e+00
-5.370821759999821587e+00
-5.380334759999820804e+00
-5.390788799999813641e+00
-5.400772319999814108e+00
-5.411256399999832212e+00
-5.421029699999825979e+00
-5.431073119999826559e+00
-5.440650799999819043e+00
-5.450933719999812688e+00
-5.461702419999811653e+00
-5.471982479999804028e+00
-5.481440459999824100e+00
-5.491075999999822876e+00
-5.502254659999816333e+00
-5.511820159999817115e+00
-5.521534159999817781e+00
-5.531910959999810196e+00
-5.541956599999828370e+00
-5.552369279999828322e+00
-5.562180619999821829e+00
-5.572598759999814355e+00
-5.581814799999808230e+00
-5.592236799999808383e+00
-5.602558199999826627e+00
-5.612373519999819038e+00
-5.622752239999817547e+00
-5.632959919999820819e+00
-5.642924099999814480e+00
-5.653167959999812808e+00
-5.662860219999806155e+00
-5.672858239999825081e+00
-5.683033479999823889e+00
-5.692577799999817501e+00
-5.703392819999810293e+00
-5.713314479999803908e+00
-5.723511339999803660e+00
-5.733177839999821224e+00
-5.743300499999813624e+00
-5.753078559999812214e+00
-5.763403499999818713e+00
-5.773297639999810826e+00
-5.783402499999810153e+00
-5.793522399999828210e+00
-5.803693519999820971e+00
-5.813850199999818891e+00
-5.824343079999812822e+00
-5.833982879999805249e+00
-5.843802499999806166e+00
-5.853924359999798988e+00
-5.863963839999814631e+00
-5.873924639999814623e+00
-5.883605319999807293e+00
-5.893920999999815002e+00
-5.903964759999808187e+00
-5.914230399999808263e+00
-5.924254819999823951e+00
-5.934846999999818351e+00
-5.944291899999815776e+00
-5.954352399999809364e+00
-5.964859379999802869e+00
-5.973879359999799910e+00
-5.984798519999793953e+00
-5.994343999999809824e+00
-6.004457079999808933e+00
-6.014710759999802647e+00
-6.024660019999811489e+00
-6.034862399999804339e+00
-6.044389099999804671e+00
-6.054841599999820190e+00
-6.065020739999813948e+00
-6.074683359999812460e+00
-6.085129819999804290e+00
-6.094900999999799396e+00
-6.105048679999796946e+00
-6.114973599999789400e+00
-6.125016179999805743e+00
-6.134892079999803904e+00
-6.145362499999796668e+00
-6.155483359999808890e+00
-6.165294079999807941e+00
-6.175402839999800442e+00
-6.185315319999816097e+00
-6.195756399999814867e+00
-6.205788059999807871e+00
-6.215626959999799972e+00
-6.225576259999793471e+00
-6.236028319999793013e+00
-6.245371499999808229e+00
-6.255390919999801014e+00
-6.265939159999798669e+00
-6.275789199999793233e+00
-6.285693199999805358e+00
-6.295966199999803337e+00
-6.305499979999796167e+00
-6.315889919999811752e+00
-6.325951619999810482e+00
-6.336150919999804287e+00
-6.346179699999796142e+00
-6.356388479999790064e+00
-6.366304459999788889e+00
-6.375944079999801950e+00
-6.386056699999795860e+00
-6.396408799999794503e+00
-6.406299599999810468e+00
-6.416488439999803894e+00
-6.425944739999799538e+00
-6.436463199999815643e+00
-6.446556399999809450e+00
-6.456074559999806617e+00
-6.466488479999799921e+00
-6.476171039999791823e+00
-6.486519099999791038e+00
-6.496565999999784680e+00
-6.506255599999797745e+00
-6.516783439999795924e+00
-6.526899079999790132e+00
-6.536293639999806615e+00
-6.546118299999799994e+00
-6.556840799999798186e+00
-6.566469159999811289e+00
-6.576928359999804741e+00
-6.586911599999801581e+00
-6.596873599999795168e+00
-6.606680539999788770e+00
-6.617038719999785990e+00
-6.626927719999779143e+00
-6.637304319999792313e+00
-6.647076299999790550e+00
-6.657384679999784005e+00
-6.666982839999802124e+00
-6.677417359999795465e+00
-6.687028019999794459e+00
-6.696976399999807761e+00
-6.707108279999800970e+00
-6.717157279999798725e+00
-6.727088179999791251e+00
-6.737430439999785747e+00
-6.747322499999781620e+00
-6.757249359999774718e+00
-6.767228679999788277e+00
-6.777401119999785450e+00
-6.787468479999778204e+00
-6.797166399999799324e+00
-6.807343379999796440e+00
-6.817636239999790071e+00
-6.827333339999802853e+00
-6.837471759999800724e+00
-6.847787499999794747e+00
-6.857682679999787645e+00
-6.867480919999779942e+00
-6.877606399999779185e+00
-6.887670819999790695e+00
-6.897739399999784027e+00
-6.907861599999781888e+00
-6.918180319999802208e+00
-6.927878659999796795e+00
-6.937300119999793679e+00
-6.947869899999786547e+00
-6.957562879999798611e+00
-6.967470459999796084e+00
-6.977467639999789917e+00
-6.988022199999782025e+00
