1.381168762253684327e-03
1.524872947616429802e-03
1.351688721216271144e-03
1.381402917937560922e-03
1.589343684808207108e-03
2.070819130275884917e-03
1.627587212190981149e-03
1.856335058509722431e-03
2.122709541964384362e-03
2.176250781524003298e-03
2.055535723231254226e-03
2.491891569519273739e-03
2.568540102406261655e-03
2.943320173669501227e-03
2.927835476921699775e-03
3.559862772953270842e-03
3.213913905628929153e-03
3.528562719287355216e-03
4.138428384117854263e-03
3.945158954684860504e-03
4.162362676733424686e-03
4.503101358321681159e-03
4.480992579347558256e-03
4.728155198911962800e-03
4.950357614387180735e-03
5.045373142457368516e-03
5.063021250057094837e-03
5.386256532558170163e-03
5.197061066449543132e-03
4.951728252579132815e-03
5.187628150765171732e-03
4.984330349895176558e-03
5.193039924880239223e-03
5.679477494632048477e-03
5.301350672573870541e-03
5.349369544910130558e-03
6.533435647424260667e-03
5.936270856350625395e-03
5.899672162327311217e-03
7.039700668228401730e-03
5.842523532695224377e-03
6.177669336083245651e-03
6.578064821920636372e-03
6.214878557853360797e-03
6.647714988211150811e-03
7.263761943845469318e-03
8.261840685904983314e-03
6.859600237448197808e-03
7.033843446267212113e-03
6.450091587774381061e-03
8.016813264554011748e-03
7.345806245042680455e-03
7.767203379799670314e-03
9.292700396363415272e-03
7.538698278363107665e-03
7.129966320261362303e-03
8.397231763062746462e-03
8.195792023689425776e-03
8.063824012958577606e-03
8.901121263517785404e-03
8.968100243423314175e-03
8.599094633363833437e-03
9.347904452130151656e-03
9.361498410932712552e-03
9.941296626424381624e-03
1.078216099964347460e-02
9.810246420482940030e-03
9.794080780512528020e-03
9.700645116952880467e-03
1.089156570395318456e-02
1.116213453825309898e-02
1.136461073980028942e-02
1.047298939477126281e-02
1.104817838437516068e-02
1.157810173727683023e-02
1.308502411218511775e-02
1.169004988573972385e-02
1.172239628411195743e-02
1.279946594943484270e-02
1.316538949721680202e-02
1.609683977517348610e-02
1.349095754065973360e-02
1.394868267813533132e-02
1.549634723622635331e-02
1.398955116898968794e-02
1.403679875151344833e-02
1.715832714112512994e-02
1.716562997268338345e-02
1.754282080518206749e-02
1.558940394248326325e-02
1.728927136248911353e-02
1.907307781266378080e-02
1.648514821831403854e-02
1.859102069327216514e-02
1.793626118512511858e-02
1.926732654799099415e-02
2.052687598931395019e-02
2.013305310804772846e-02
2.010723323152562025e-02
2.222674217179330600e-02
2.313938821216353706e-02
2.233915989532145319e-02
2.298865507613795031e-02
2.648763768096744700e-02
2.360445966759825223e-02
2.350153780208939086e-02
2.576190735097495105e-02
3.091757661180606631e-02
2.828545161491115983e-02
3.059535687745040811e-02
2.966667807520016742e-02
3.172493701511504977e-02
3.072575597667454375e-02
3.192507834875170369e-02
3.296069838591677431e-02
3.109224044252799357e-02
3.181197823751164694e-02
3.448086146464173635e-02
3.296716555938680737e-02
3.446436438694212845e-02
3.688745740498918652e-02
3.777630375401537510e-02
4.067615411268141190e-02
4.046741729209333421e-02
4.082747065833560590e-02
4.325525769962000611e-02
4.351162005986367737e-02
4.323444053705851470e-02
4.973136771534662770e-02
4.322787601846320854e-02
4.479314478478851197e-02
4.806068338228704911e-02
5.368729203266133648e-02
5.070632111624694127e-02
5.195607801913528639e-02
5.323619613835139930e-02
4.799697435032426740e-02
6.071730448941212166e-02
5.857540415684072549e-02
6.219829382385911459e-02
5.073961394258551943e-02
6.017466005622174735e-02
6.014738662826517313e-02
6.085959660669358617e-02
6.533950950367982402e-02
6.302645211585103380e-02
6.712656636750932715e-02
7.764521830943994785e-02
8.290406926637775009e-02
9.224848725381422365e-02
1.007802711902775622e-01
1.039301959926024060e-01
1.092336075845168064e-01
1.284241216433752719e-01
1.357556045516014609e-01
1.236389567040498405e-01
1.644162505369335392e-01
1.427246120995446510e-01
1.476302021397249420e-01
1.647888944432001623e-01
1.432449788475662900e-01
1.845663761315297913e-01
1.514475591005229604e-01
1.580157953062655829e-01
1.771241203245444984e-01
1.293846932192125598e-01
1.673192948560466298e-01
1.271013242124640619e-01
1.306772868685832645e-01
1.293698626456446510e-01
1.341354857014246948e-01
1.120165638055344720e-01
1.216075383603207882e-01
1.038347008233997115e-01
9.969943071215511821e-02
8.777473637266047790e-02
1.026957987883318352e-01
6.932433381822838969e-02
7.758585360525947772e-02
6.778856873980128317e-02
7.314376894880102176e-02
5.809559004486593292e-02
5.709560682629913342e-02
4.997417497878819947e-02
4.604682622330216746e-02
5.039857471452788285e-02
3.752086135921458426e-02
3.323764209208121545e-02
3.900165389248638759e-02
2.850797321276535984e-02
2.685522468197253793e-02
2.776963298669535632e-02
2.469722328945472486e-02
2.111069088317156853e-02
2.504236657922243037e-02
2.578803463989251879e-02
2.052741038197722703e-02
2.166624627324714031e-02
1.457911701431172102e-02
1.286971995760624078e-02
9.444415547387454216e-03
9.158179694854667527e-03
1.677977345646027019e-02
7.330155209380750242e-03
7.226610835477827177e-03
7.854965719119356288e-03
5.541470792196289200e-03
6.412938217000938024e-03
5.836277605853332738e-03
5.701010145122544469e-03
5.891991229768403157e-03
5.237806340205027576e-03
4.690471065707893863e-03
3.901325807759131042e-03
4.129931263706838364e-03
5.405077655817439736e-03
4.525190763529782050e-03
3.921974525622001599e-03
3.725755187688811840e-03
3.802809164825464352e-03
3.705919332218682912e-03
2.732481938471986033e-03
2.327316388164895906e-03
1.759659546616302792e-03
1.754194677645983316e-03
1.387253103295308472e-03
1.316505072594040954e-03
1.140403020927770053e-03
1.035653853672414536e-03
9.290991072415402631e-04
8.062665383890716417e-04
7.133856355459757383e-04
6.966596028291433462e-04
7.338362882294957980e-04
5.331864527565324070e-04
5.777746897177604181e-04
4.434154015509462034e-04
4.114560516460018052e-04
4.284529256547614561e-04
3.436497063142167656e-04
3.710905427648971268e-04
3.159539271465913279e-04
3.719365168218267200e-04
2.579084513825467893e-04
2.674106163304531343e-04
2.605325003557812814e-04
2.407123466290693014e-04
2.292607419768967632e-04
1.940489698259256995e-04
2.296596611389753039e-04
2.036174241415298258e-04
2.018995381130736446e-04
1.768309430849015942e-04
1.763213027762485256e-04
1.556885631924117511e-04
1.478670161218154566e-04
1.490271286429430944e-04
1.364176613121257254e-04
1.302422744163188827e-04
1.246999001277872819e-04
1.293196072513746455e-04
1.123008953148163904e-04
1.179286439997360796e-04
1.003235034433552092e-04
1.063073737478024115e-04
9.685424664475940349e-05
8.066071147266598237e-05
8.788842890419634832e-05
8.193092577698181844e-05
7.672433990238003833e-05
7.185521488543158779e-05
6.574787574449836834e-05
5.905200034164988183e-05
6.461808326945885713e-05
7.097344344227856999e-05
5.522583393852788019e-05
5.513480307674393713e-05
5.904309334480836095e-05
5.665549712773547381e-05
4.592529576470919022e-05
5.114868303800031092e-05
