1.102435111234898422e-02
1.183473937888187243e-02
1.425059931049928001e-02
1.272146825114929374e-02
1.234467081944125473e-02
1.342791309367499450e-02
1.312530486531558217e-02
1.246059024737671515e-02
1.309101484653182185e-02
1.302139678739322633e-02
1.294391052507971006e-02
1.571469398859138070e-02
1.369326977729966310e-02
1.430538134572147645e-02
1.410667660941723398e-02
1.344336601558519632e-02
1.530617790366770557e-02
1.540849713128563357e-02
1.454749321010462455e-02
1.474176096917537322e-02
1.593875082482017203e-02
1.544423021012227872e-02
1.401922877084176011e-02
1.568851415128971749e-02
1.562691589714917256e-02
1.528771236639890792e-02
1.559983050542769305e-02
1.733956467766074525e-02
1.482272201117344410e-02
1.629700757985143300e-02
1.594609832007104488e-02
1.536240370648688305e-02
1.700543783863882330e-02
1.614875637909271924e-02
1.460627111962456599e-02
1.591418129381433691e-02
1.634158678131373763e-02
1.716489435043990278e-02
1.764223859138146222e-02
1.548657551237419237e-02
1.647143964983675823e-02
1.666206176061837615e-02
1.642649288980805103e-02
1.877342950258403462e-02
1.675475986632012776e-02
1.730262424230788118e-02
1.786422620745602846e-02
1.676960261285977138e-02
1.525444307878014855e-02
1.826457609555864892e-02
1.725718536665498890e-02
1.751058334027175492e-02
1.690740134625578692e-02
1.931075574925460170e-02
1.793394457878427425e-02
1.864184705596058644e-02
1.859121156476154640e-02
1.731181625927569537e-02
1.939311800781990877e-02
1.927744256645335524e-02
1.909138259078277736e-02
1.834317612857302646e-02
1.663204027651187661e-02
1.846929436033259084e-02
1.738141709370534180e-02
1.764733359964557047e-02
1.976912600850448329e-02
1.919447064303666031e-02
1.892877944772195647e-02
2.025649747552613414e-02
1.991221356457858332e-02
1.742437559586518941e-02
1.966571761277743219e-02
1.845182337117765373e-02
1.860144699570582746e-02
2.093994701401552874e-02
1.902035055966698127e-02
1.719215817455730863e-02
1.834391594704100348e-02
2.073022007444122114e-02
1.976991427123003450e-02
1.951590398955991082e-02
2.148050083575904837e-02
1.921888895577796713e-02
2.103207605086567997e-02
2.005067771540609486e-02
2.250925662563096202e-02
2.258161501353709785e-02
1.944939446259175836e-02
2.107620635423546052e-02
1.983236955711636246e-02
2.212723539640221865e-02
2.183799582504548920e-02
1.995609772983606908e-02
2.264327996840967416e-02
2.276443879471674522e-02
2.367983265486467079e-02
2.372116956167644175e-02
2.183346642889245903e-02
2.150518769070591113e-02
2.109954852533737005e-02
2.318454740567007025e-02
2.413620225694880841e-02
2.285033408779277297e-02
2.289946178544480584e-02
2.296355484412036796e-02
2.643415749588105129e-02
2.689202508193649574e-02
2.674830306229330698e-02
2.470075748179992314e-02
2.591172234797829710e-02
2.413628537595012558e-02
2.452132802235503298e-02
2.637633889329163081e-02
2.570458906714748193e-02
2.734327062863959462e-02
2.681226429933163818e-02
2.558077098706591432e-02
2.593611520853294702e-02
2.796330517745138425e-02
2.575770225045207265e-02
2.972777132295257446e-02
2.686802155010565088e-02
2.964991085055025330e-02
2.983792930015146186e-02
3.131132904303358944e-02
3.130192935944619420e-02
2.884680030997575223e-02
3.441021420675350467e-02
3.502193055274378103e-02
3.463618044062322793e-02
3.649634187299515692e-02
3.368472554860743595e-02
3.843131180683583004e-02
3.733326105676999102e-02
3.900655426435631346e-02
3.964199898000160538e-02
3.875937835359496292e-02
3.874272821354065449e-02
4.281063066308567200e-02
4.446017623748487607e-02
4.451748641463267042e-02
4.154573017124817136e-02
4.720350608363961531e-02
4.664596195621297653e-02
4.214334901550594037e-02
4.638872467575994030e-02
4.841720245921830867e-02
4.085767337015167727e-02
4.200733111997100727e-02
4.185900987190745159e-02
5.185629965889870102e-02
5.078201735952469348e-02
5.089621227594397918e-02
4.311120132701581203e-02
4.460386679121839532e-02
4.552686072690690505e-02
4.859571999074908943e-02
4.595488292207988712e-02
5.709222152280703233e-02
4.767982019747336875e-02
5.396546989427410818e-02
4.997403375867525560e-02
4.946804101832127931e-02
4.859197851143206431e-02
4.779163099403927611e-02
5.690829312591826061e-02
4.181284500579161151e-02
4.787530338695995813e-02
4.115412938924619540e-02
4.921688315002661213e-02
4.335441411201526596e-02
3.937321958353540846e-02
4.224786526449880036e-02
3.575179402943633872e-02
3.562024730666564498e-02
3.791733504282798761e-02
3.382296797162022417e-02
3.817974046114730458e-02
3.203740688955410143e-02
3.556972550847935927e-02
2.880087799403067625e-02
2.690156042549391932e-02
2.825207543059225779e-02
2.813584504276034348e-02
2.809657609927793814e-02
2.817766868572794958e-02
2.718702578769725819e-02
2.501868615728225498e-02
2.862027573088942248e-02
2.712616719089543105e-02
2.516075907711485052e-02
2.376376914918421415e-02
2.241378707804457873e-02
2.569879008042671303e-02
2.209679087790710969e-02
2.573100084689733044e-02
2.171240068155388947e-02
2.335994195270149967e-02
2.276678423338090312e-02
2.112361608627969650e-02
1.737752483422443442e-02
2.135427560547282708e-02
1.839529027670493838e-02
1.829514953441699343e-02
1.994800664835911716e-02
1.728306528533525219e-02
1.797597825436710733e-02
1.758552700653937331e-02
1.512627330269452654e-02
1.618543196123750985e-02
1.624322560783083083e-02
1.643724872560596226e-02
1.720887150375308150e-02
1.799683421528466831e-02
1.608463435715201673e-02
1.551186850878201462e-02
1.506461283159670622e-02
1.552961400948527602e-02
1.482243948177320442e-02
1.508397495777319929e-02
1.417861867971721007e-02
1.237959417996979845e-02
1.277942702802810880e-02
1.373884346503487057e-02
1.016608596877986714e-02
9.760684802356615550e-03
9.474532107290243449e-03
8.725208311101366812e-03
7.928661752856230524e-03
6.998221457463549462e-03
9.150860284517024767e-03
6.193489065701141515e-03
7.495064309350803720e-03
6.367289517922720271e-03
5.963325766189224268e-03
5.544230507127005138e-03
4.813930834834312042e-03
4.931011552605270472e-03
4.337811530366240086e-03
4.542496139407657327e-03
4.478000149450717636e-03
4.809455311082643826e-03
3.757086885643828433e-03
3.333288983726578284e-03
3.229452815234555487e-03
3.063221593048274204e-03
3.234353178220267678e-03
2.778506100671249580e-03
3.113017570442560417e-03
2.623531989336083236e-03
2.522938366205912560e-03
2.330295716401714016e-03
2.444169549540279544e-03
2.469281375950706150e-03
2.165060804379374208e-03
1.929506480550103285e-03
2.167877206493098573e-03
1.652802391748557946e-03
1.893985496204135012e-03
1.909064562408798599e-03
1.709608314755694863e-03
1.606275112433553027e-03
1.290551754792318298e-03
1.396618754055325203e-03
1.348393477357536776e-03
1.229738756136981338e-03
1.275777089097673541e-03
1.197294307973758914e-03
1.122740862569291060e-03
1.084680381689258300e-03
9.578440964481024474e-04
9.524148381255948112e-04
9.521341093172686586e-04
9.604678171270527665e-04
8.900668417658835719e-04
9.001193514424136967e-04
8.909271455436264297e-04
7.876437389495729528e-04
7.225647309108103669e-04
7.149830440160895827e-04
