1.095913318188422342e-04
1.224671053159808083e-04
1.160114905558934438e-04
1.236738025861401863e-04
1.185648515095269636e-04
1.267091916060510354e-04
1.345659749223185851e-04
1.366919211878682915e-04
1.480222369259925376e-04
1.422151813038176143e-04
1.427221310603156424e-04
1.540664350374226831e-04
1.467664954578665442e-04
1.532075211757872181e-04
1.650482425225205895e-04
1.929147502335685235e-04
1.695563828419793784e-04
1.591040220780281264e-04
1.926498087023173565e-04
1.770055581456174692e-04
1.893188444345262700e-04
1.932296039046778682e-04
1.929406612045495332e-04
2.103316137007828083e-04
2.065028542878832819e-04
1.998459263483391094e-04
1.896038721931196690e-04
1.997167872078649579e-04
2.060892463561153425e-04
1.898189205873063005e-04
1.936361793547173443e-04
1.947104822993753345e-04
1.858744072181942942e-04
2.012996685892701274e-04
1.985972065009546106e-04
2.053912136396196931e-04
2.122117659463761672e-04
2.144943047119036007e-04
2.119526471871792340e-04
2.083041366787424646e-04
2.113453376783719622e-04
2.159133090847435081e-04
2.049165601584656746e-04
2.035141159426084769e-04
2.177045536283245416e-04
1.948499788556308325e-04
2.590433697176677558e-04
2.557344554157459961e-04
2.290768504897558921e-04
2.172740253162027410e-04
2.338042856467250502e-04
2.429900318835217046e-04
2.445714294351691333e-04
2.776428654531582310e-04
2.325651176281166724e-04
2.456843636038861232e-04
2.458236631033540128e-04
2.408224324389976077e-04
2.253288736009510275e-04
2.336207701930386620e-04
2.558755615659047519e-04
2.474689635676446020e-04
2.500936238644990749e-04
2.510591856493685279e-04
2.512428310791566563e-04
2.719340717546571092e-04
2.405046345677667682e-04
2.555632756923084388e-04
2.719693792275029677e-04
2.645742357167620322e-04
2.760052067164676308e-04
2.507266095759819202e-04
2.728341966348326675e-04
2.617771718566901584e-04
2.720314924031163803e-04
2.807997173500610048e-04
2.856261157522606742e-04
2.855919746940376361e-04
3.024217479114708570e-04
2.990129021830669983e-04
2.901793932747854599e-04
2.678170369464988126e-04
3.100849173919108313e-04
3.484236542952195070e-04
3.264653670816304587e-04
3.421803556651274291e-04
3.001035342082681938e-04
3.274893795254760773e-04
3.171674602755020461e-04
3.541532779237176859e-04
3.507493091713851882e-04
3.731802797536450285e-04
3.174522798497491911e-04
3.253160346437963769e-04
3.457311416612543964e-04
4.173455089058712296e-04
3.600581340321228172e-04
3.728872205928875127e-04
3.687860155267681469e-04
3.761199591278249136e-04
3.615881246289725961e-04
3.520889262690347476e-04
4.041915581040883142e-04
3.741904980849828657e-04
4.026773519470214333e-04
4.182388626729261795e-04
4.596534623092036402e-04
4.577282842435309671e-04
4.614328460608733886e-04
4.740164584900534959e-04
4.665601782387966386e-04
5.559382119617751333e-04
5.019080849874796389e-04
5.109381615122594649e-04
5.513229174726411858e-04
4.672112568455399906e-04
4.487922296921102706e-04
4.767269921484585120e-04
4.796390131617195101e-04
5.485570143804648904e-04
5.381983914744584672e-04
5.786002772493576644e-04
5.796677484615355520e-04
6.080937986420266233e-04
6.031172391323551046e-04
6.811406330523695320e-04
8.568708159987286840e-04
6.860226557034518205e-04
7.651562782619081076e-04
7.261119447857102656e-04
8.075699418906883342e-04
9.541656072821083721e-04
8.134027424206642957e-04
8.415903612923881756e-04
8.526138495094560564e-04
9.607879825923713478e-04
8.050973872691142988e-04
1.037306974028215931e-03
9.631323586191319020e-04
9.887149451455916945e-04
1.007201592053257868e-03
1.172851735017234288e-03
1.217141102252259103e-03
1.230474484921542655e-03
1.236223556155214599e-03
1.325993466463033267e-03
1.196765816285472617e-03
1.239810604825414405e-03
1.337831410922870863e-03
1.455481569516085556e-03
1.415088282203437594e-03
1.194510776964409450e-03
1.292064513548557298e-03
1.373670740482992860e-03
1.317286588707260869e-03
1.220656912383695373e-03
1.477197581969236229e-03
1.129609984474874186e-03
1.139388996840057407e-03
1.224157783419517432e-03
1.210027010890332927e-03
1.155558872298406573e-03
1.108639263300687265e-03
1.091282396504437415e-03
1.110174568954536709e-03
8.082445295864778157e-04
9.952999151092165389e-04
8.085439368871057651e-04
8.452463882211131525e-04
7.590897066064644302e-04
7.374749866922169789e-04
6.653956516679398201e-04
6.599778363479859430e-04
6.138252751662515725e-04
5.145823653955285864e-04
4.771271773554901989e-04
5.189172849747254908e-04
4.000070209926105029e-04
4.308713792149042581e-04
4.031393217239814439e-04
4.275001798925051177e-04
3.541924560900561571e-04
3.457781820924210386e-04
3.137850841366986035e-04
3.138528543109305271e-04
3.064064419996300457e-04
2.920696899304883352e-04
2.285501594905450101e-04
2.597084413762787750e-04
2.129458257224300488e-04
2.393252328245636139e-04
2.168831262515200791e-04
2.334593706028540848e-04
1.896596601554085908e-04
2.596107626719599995e-04
2.083296130243190688e-04
1.902343422166673389e-04
1.814087259882174680e-04
1.497488305014582708e-04
1.498092207905363140e-04
1.475077913031725731e-04
1.481614123780638863e-04
1.374194847754812933e-04
1.447503860883510632e-04
1.310374678855227512e-04
1.346754765351478023e-04
1.355806823554848593e-04
1.445672968800511011e-04
1.306954575556211939e-04
1.273751818914678903e-04
1.241653007310618805e-04
1.226507740943323622e-04
1.059522649144302816e-04
1.104246870299575677e-04
1.091120138981964719e-04
1.064128181964342127e-04
1.375236704288970680e-04
1.120376138987103749e-04
9.727295659046321320e-05
1.103648619467145401e-04
1.013642759650188087e-04
1.009594711338980284e-04
8.214729511014909791e-05
7.478036648979383388e-05
8.164184271167546590e-05
7.593915637388896835e-05
6.575664990221498276e-05
6.184234097100740522e-05
6.362556710050651636e-05
5.435778495159626378e-05
5.422346596023229151e-05
4.956414596926083673e-05
4.910785052910908595e-05
5.071094171579259321e-05
4.341445233813315832e-05
4.404677945899233686e-05
3.857685825410031442e-05
3.938507797492187169e-05
3.878320664529916380e-05
4.145466172900791308e-05
3.506001501585420785e-05
3.240686444844108002e-05
3.086558646041782288e-05
3.246690155676667080e-05
3.104491202020314290e-05
3.011123782588148612e-05
2.925884215648654859e-05
3.132159389529306544e-05
2.588187572868786058e-05
2.610042578990203532e-05
2.523118308034571689e-05
2.749499204370894816e-05
2.064414193316272330e-05
2.163840793060844322e-05
2.121411313946358813e-05
2.129640955746261443e-05
2.154129621896532740e-05
2.533880094020803044e-05
2.136017573723967351e-05
1.927055106011947878e-05
2.106578176734676979e-05
1.657535748690754486e-05
1.661379653589780908e-05
1.664473894387748080e-05
1.799424809815549514e-05
1.495832338482154034e-05
1.559450596871044803e-05
1.636794292063722825e-05
1.540996894896711031e-05
1.517095425189904019e-05
1.575378896955458122e-05
1.306124633574947978e-05
1.250979410406878401e-05
1.232935026669027920e-05
1.331554918995037293e-05
1.258174630161227045e-05
1.226578698893656027e-05
1.332171593900219655e-05
1.225471399612932003e-05
1.122317885653414059e-05
1.144893885549939771e-05
