5.403413822237055051e-06
5.766377630041785752e-06
6.063347312761863498e-06
6.489873295693712903e-06
6.863508094867137640e-06
7.364647012181496755e-06
7.800613962603071306e-06
8.354392076652255664e-06
8.861997908643055191e-06
9.420104335900616227e-06
1.002710911720755106e-05
1.078216203191547055e-05
1.138821475778683065e-05
1.232957188347991134e-05
1.313656888655657491e-05
1.414594775381249715e-05
1.505582572690742497e-05
1.629431372908619422e-05
1.768927022441874489e-05
1.890911711728361213e-05
2.039686809132582889e-05
2.062423735218272259e-05
2.080532195327239987e-05
2.146034229264713556e-05
2.177342068709594083e-05
2.227764484277088277e-05
2.240832883663105418e-05
2.257211093965843707e-05
2.309026326428515911e-05
2.346891010831636990e-05
2.397034736091840281e-05
2.437758995441608964e-05
2.450003280360488035e-05
2.512901733770324316e-05
2.551171418944831734e-05
2.641225791434305423e-05
2.671540801067554614e-05
2.675807864579351827e-05
2.714161782282423839e-05
2.775553135707045597e-05
2.843889606558287319e-05
2.885602675783203021e-05
2.922101874437120844e-05
2.983658095127285722e-05
3.042764869346185677e-05
3.103536922235232138e-05
3.163335497918592508e-05
3.214877150627107105e-05
3.252906674136695620e-05
3.318683541253628511e-05
3.402783431365165800e-05
3.449002333533473955e-05
3.521993578160490413e-05
3.606546517013425152e-05
3.634042951311548450e-05
3.697717758199371501e-05
3.812178545370405408e-05
3.848638545839278788e-05
3.901874556466367505e-05
4.031472375289997187e-05
4.095468541802665155e-05
4.184606285879561427e-05
4.238911494950452875e-05
4.357305866684121236e-05
4.474882154038309167e-05
4.581330048566851625e-05
4.602824112412527843e-05
4.712208936872151646e-05
4.850313506558631227e-05
4.954670379581720786e-05
5.029618832620691817e-05
5.178273668845631767e-05
5.243444354500856910e-05
5.418783582162497992e-05
5.557047886544679211e-05
5.616852061279397902e-05
5.728426854710720904e-05
5.930368414784648620e-05
6.041390745197801413e-05
6.184988187687515148e-05
6.343339422356779897e-05
6.434057456210589784e-05
6.644974728119102877e-05
6.830788408731550360e-05
6.936392570715968291e-05
7.093709118312690120e-05
7.331104832060728440e-05
7.547061758020112482e-05
7.659408214907327539e-05
7.919137656129549973e-05
8.060180762712272694e-05
8.362470456046820636e-05
8.562950409153071395e-05
8.749195793202044279e-05
9.040487404879010193e-05
9.354897651955498957e-05
9.565768969928102670e-05
9.843497208915863927e-05
1.012757518108688853e-04
1.059151982437300847e-04
1.073986343368860959e-04
1.111244864390168222e-04
1.131749955335514807e-04
1.159511226862899619e-04
1.220231141303406428e-04
1.252387739911707792e-04
1.295142018960193056e-04
1.338327208214766604e-04
1.389940235610447755e-04
1.427040819001732289e-04
1.482489805459795841e-04
1.530267697932243443e-04
1.582839167604617632e-04
1.632266665148930402e-04
1.698235590914543838e-04
1.749895264909057102e-04
1.817820758089587626e-04
1.885456623693833322e-04
1.961436696110030345e-04
2.021370172029994343e-04
2.085497130924748106e-04
2.181676337833443418e-04
2.264260703792842996e-04
2.360305641894602888e-04
2.457291860084728709e-04
2.545123395364650028e-04
2.643617258727629506e-04
2.753003227462033219e-04
2.855203195714405896e-04
2.955889180855509452e-04
3.082048334166114585e-04
3.161718035325904196e-04
3.331872973985773156e-04
3.465980670241040852e-04
3.577082540793982929e-04
3.718647542765182138e-04
3.804408129382312815e-04
3.934175039644443586e-04
4.068736567575445399e-04
4.159076052488675456e-04
4.305407660140074142e-04
4.430624798730807600e-04
4.530220871134762366e-04
4.615676097568986399e-04
4.686485077599691104e-04
4.751431028277729087e-04
4.768851310113531592e-04
4.805889768897134910e-04
4.787268127016950140e-04
4.796867298074782319e-04
4.745597086492935913e-04
4.707443372660278678e-04
4.593872960707976643e-04
4.462480517417081408e-04
4.337598367874579341e-04
4.264604435164636061e-04
4.112188010063608278e-04
3.923803982188963421e-04
3.773767842880333483e-04
3.581758885573314648e-04
3.346885404154778618e-04
3.152712420345741835e-04
2.965552176573801792e-04
2.778810068937791178e-04
2.554079550978179212e-04
2.354429916935851742e-04
2.180793426706393516e-04
2.029436852430416965e-04
1.878872490418383656e-04
1.758976424371662092e-04
1.629431657970966210e-04
1.481388970747856814e-04
1.342099767675539808e-04
1.208075444297867319e-04
1.146606759182412891e-04
1.026268256889538308e-04
9.589135764209315337e-05
8.809187684268279307e-05
8.099870417904347149e-05
7.500117439265200758e-05
7.043504542975049599e-05
6.489804318447048629e-05
6.038213748312189108e-05
5.463622228715086132e-05
5.155847681128603466e-05
4.986128441725362658e-05
4.489217433923973024e-05
4.129628226476972309e-05
4.026419059430730378e-05
3.663623948823326704e-05
3.502149349886728884e-05
3.338726727449695185e-05
3.079698259104931863e-05
2.889422803831223383e-05
2.887230771356654902e-05
2.751066627174138086e-05
2.504934473613556646e-05
2.391123957908898459e-05
2.299422335756584843e-05
2.156192039067371882e-05
2.067726104956730355e-05
1.998697005221107512e-05
1.912284962911422963e-05
1.819770979397365305e-05
1.729890708244257783e-05
1.682593012058065899e-05
1.599432955104638401e-05
1.568510794836496151e-05
1.487505261703523452e-05
1.439487193027936635e-05
1.393763212872646442e-05
1.318862907024340595e-05
1.293997020541272952e-05
1.243571127954203009e-05
1.197832484464515372e-05
1.180595362380848800e-05
1.131260754140335121e-05
1.085655368144582771e-05
1.054839462148801672e-05
1.028426062269851211e-05
1.008511639613972146e-05
8.664627510227716409e-06
7.685663162329533029e-06
6.688359124729019813e-06
5.904110494437840745e-06
5.356142608221713237e-06
4.844680267712584318e-06
4.293923321725132077e-06
3.862354973756412809e-06
3.524647018761640361e-06
3.230911723713988338e-06
2.961892548120720869e-06
2.775157165805215846e-06
2.523722320637205675e-06
2.350630552247394041e-06
2.180349136965903912e-06
2.007718053650282029e-06
1.887436597480517353e-06
1.755328381715516986e-06
1.631490684237887985e-06
1.530135841603501939e-06
1.433531353313942211e-06
1.348705877507109028e-06
1.260427463971700765e-06
1.184520989673821124e-06
1.110507978767061741e-06
1.061692738368920176e-06
9.935963794965182171e-07
9.347678986885738850e-07
8.930953500714678127e-07
8.467316775005552924e-07
7.915290631495822434e-07
7.537293408500591857e-07
7.150510628821609669e-07
6.790544816566908117e-07
6.480422460840843446e-07
6.115884562427924090e-07
5.834482981702785769e-07
5.532544916821151492e-07
5.292853825263270832e-07
4.992603510357028503e-07
4.746969198897687004e-07
4.545264689663024721e-07
4.355665883503225431e-07
4.104553437229953270e-07
3.949725057323077114e-07
3.787954457889902505e-07
3.605324903425904092e-07
3.424821948863802198e-07
3.278376249309290326e-07
3.152528116865220037e-07
3.023605132239287474e-07
2.868520047845931935e-07
2.759474451403585761e-07
2.642713921738778551e-07
2.508876375386488411e-07
2.410856169917850304e-07
2.308228271485562740e-07
2.197628059530277002e-07
2.100487329253569831e-07
2.007145636385482387e-07
