3.681521871385188551e-05
3.888655426585976480e-05
4.092150169136268487e-05
4.392870992192901298e-05
4.642400682036170031e-05
4.958219776005628337e-05
5.264311450199653171e-05
5.591658945003258509e-05
5.905102067363749904e-05
6.304321590825958624e-05
6.716078294053173033e-05
7.185326666131250221e-05
7.624408969899375385e-05
8.128651795365238761e-05
8.683797672173294770e-05
9.303501691086083370e-05
9.933853084622406443e-05
1.061705504440502390e-04
1.143950144964519632e-04
1.236263213169827579e-04
1.310599325063881268e-04
1.329519507873284749e-04
1.354502199073083859e-04
1.365033752416141253e-04
1.393230792657081541e-04
1.413671705453851501e-04
1.423195277387647069e-04
1.457217245568803916e-04
1.465248815595793859e-04
1.504191448976478058e-04
1.512445331887119632e-04
1.529827085404692096e-04
1.549435509438034340e-04
1.599945688544023850e-04
1.607726257364014400e-04
1.652723671671943798e-04
1.646967692157608404e-04
1.681234247888821866e-04
1.704160160655848191e-04
1.738626025459590876e-04
1.752285615108322803e-04
1.788296917273229144e-04
1.816566317531627059e-04
1.849622286782602154e-04
1.862514336909471306e-04
1.898165537639414540e-04
1.925094333232977043e-04
1.954447482466640856e-04
1.979919920386352217e-04
2.023770748108781722e-04
2.041369156733105570e-04
2.083178847978766940e-04
2.100508569532872315e-04
2.148150742601023355e-04
2.185027708658376911e-04
2.209643910404124605e-04
2.228008610865588491e-04
2.272454032192353687e-04
2.325844878715547679e-04
2.346557580225745688e-04
2.402041852353308644e-04
2.401013054185669533e-04
2.464758451823337478e-04
2.495483358617094733e-04
2.537417850150188998e-04
2.572336650259766109e-04
2.608126210590994620e-04
2.629644528423639473e-04
2.692338003965736334e-04
2.733089336764719045e-04
2.778333433575678091e-04
2.811568880232525507e-04
2.857599400415502026e-04
2.901684499525369171e-04
2.943709751395352705e-04
2.969655302345259370e-04
3.010968253465750926e-04
3.064626922476416633e-04
3.112274031685972149e-04
3.172105352601871462e-04
3.196032970846306685e-04
3.251430449185164031e-04
3.275970335304078350e-04
3.362525699672267820e-04
3.380453278134006446e-04
3.429540303017620997e-04
3.477001920039314120e-04
3.506338107887055312e-04
3.574690985071674997e-04
3.602521343471313804e-04
3.651344371486428910e-04
3.695152379983896612e-04
3.754043210423172686e-04
3.811188174005166905e-04
3.815443235758519220e-04
3.873128850207217008e-04
3.916259474272371327e-04
3.955921580549758487e-04
4.001158354547205281e-04
4.057148651484756988e-04
4.114674258008508461e-04
4.118152476562395915e-04
4.177854953500531295e-04
4.218327812085206929e-04
4.220146715369915030e-04
4.293680402719046393e-04
4.322813489027429773e-04
4.361339265101377149e-04
4.381899321775006243e-04
4.437441092687918623e-04
4.442908940780504901e-04
4.484526026188763036e-04
4.493672863178961997e-04
4.522405925970252906e-04
4.585670144459234095e-04
4.560581666913376703e-04
4.608095517621626645e-04
4.591965462998339690e-04
4.630656885466218715e-04
4.636774955632845942e-04
4.640382354391444221e-04
4.667421225891706647e-04
4.654080305542640885e-04
4.676557950818874070e-04
4.683765582949662499e-04
4.683999407403330578e-04
4.634039062951988627e-04
4.641030362337489096e-04
4.652681475435675512e-04
4.660849890044793512e-04
4.609644391035278032e-04
4.634110823563578974e-04
4.597760462552219398e-04
4.542100914721997995e-04
4.549350325424190706e-04
4.508458921824526019e-04
4.458954864749918806e-04
4.448182089693696766e-04
4.408416809590559918e-04
4.355945473595182016e-04
4.361990812407068319e-04
4.291055886002648201e-04
4.259844998114170459e-04
4.226415211020651116e-04
4.145378102307211983e-04
4.104355191431005882e-04
4.063871674541130459e-04
4.021739750573107442e-04
3.946244051349006654e-04
3.908727861556990867e-04
3.831551380057912431e-04
3.790149175398306266e-04
3.735123700345281358e-04
3.678061352708266937e-04
3.593222012600720029e-04
3.534272111400943569e-04
3.447281152354994029e-04
3.421264686951938183e-04
3.396489880118212399e-04
3.290857951101472758e-04
3.217957264982482701e-04
3.156648670966653077e-04
3.085408122353267371e-04
3.015074906050259633e-04
2.961357160098176218e-04
2.891150336684173371e-04
2.862239857987093194e-04
2.797190376639571816e-04
2.695667129011720693e-04
2.666363536936323247e-04
2.619915893383977369e-04
2.502968250301331366e-04
2.447552152809940782e-04
2.421963121500418680e-04
2.353825461364504796e-04
2.283524396393511269e-04
2.236758730757713225e-04
2.171891657677424252e-04
2.131107645168308620e-04
2.067857669843042943e-04
2.006285343635569611e-04
1.961311911938824727e-04
1.917908762332366356e-04
1.864759645574720810e-04
1.795256737594470105e-04
1.745898378414771645e-04
1.669016669727990730e-04
1.647698292135358288e-04
1.626264459087783780e-04
1.570408456078118277e-04
1.518475404514583375e-04
1.468294502503633464e-04
1.453264826379629720e-04
1.397027095690692850e-04
1.377852575500170625e-04
1.328925238893730596e-04
1.302216664322769838e-04
1.269821899450553559e-04
1.220708688750263998e-04
1.181414514294308843e-04
1.165445734343214715e-04
1.135660840899241819e-04
1.099604833534517434e-04
1.068566065349881364e-04
1.015225647115255151e-04
9.999870693710714744e-05
9.859595091333213965e-05
9.625634707331634336e-05
9.508702769055852482e-05
9.143297700869381132e-05
8.839505623512562921e-05
8.561693704328617342e-05
8.472681577281747660e-05
8.114378414693049918e-05
7.889960732217531569e-05
7.632500795953396362e-05
7.334845571855894825e-05
7.265053146336114391e-05
7.149545934705634224e-05
6.828764913567716890e-05
6.707129369592914421e-05
5.819607833354582983e-05
5.263667622187477623e-05
4.606021860919162422e-05
4.081257939625948067e-05
3.697819030340873697e-05
3.337223448353209704e-05
3.016705330258496242e-05
2.755250183160723074e-05
2.531868483837575038e-05
2.256985912441117272e-05
2.138766050915880853e-05
1.900515354598698915e-05
1.749791849363623933e-05
1.618855555356342717e-05
1.471003494313611565e-05
1.384514915280798918e-05
1.292748181870291305e-05
1.215213921933785534e-05
1.115190399696672082e-05
1.073849092267143420e-05
9.889513695225906389e-06
9.435045193358545040e-06
8.536298598764404999e-06
8.008720767948575812e-06
7.630000796308924490e-06
7.146714429162797451e-06
6.609530381467369889e-06
6.410736815751101931e-06
6.188976311005869615e-06
5.736911615998755573e-06
5.524174225076489166e-06
5.079037431641790017e-06
4.864790028411137329e-06
4.678837001903011515e-06
4.381728167826991423e-06
4.117716795975791719e-06
4.004741386222994927e-06
3.795482413641884070e-06
3.560259730073417704e-06
3.374455433587440701e-06
3.331178091732588855e-06
3.077897424589722733e-06
2.951624746241847832e-06
2.845849219370416251e-06
2.710151851002405411e-06
2.563255759771615052e-06
2.445022709509917639e-06
2.304109480386258217e-06
2.220167154149952367e-06
2.131907519501097634e-06
2.078735848930580166e-06
1.950984031325170259e-06
1.908068999716402978e-06
1.816026194564248881e-06
1.735202859064817100e-06
1.658044581654858625e-06
1.556293857501997554e-06
1.495473909694835978e-06
1.440124521594748521e-06
1.378581875442780781e-06
