3.287157161055422193e-06
3.452140443300753672e-06
3.660541956944978843e-06
3.901248163389642280e-06
4.180683944170270396e-06
4.447758407837300966e-06
4.774614705314230031e-06
5.000684951350029988e-06
5.340503452066657442e-06
5.750075952328274629e-06
6.094555520476341328e-06
6.544695936482673117e-06
7.017686090748557638e-06
7.444121938867802379e-06
7.961211877315534910e-06
8.511672895629548559e-06
9.118913201370161000e-06
9.857305990448113854e-06
1.053864226891638356e-05
1.143073849050218822e-05
1.237284887527715669e-05
1.252748027575629585e-05
1.279917936962465822e-05
1.290690477130320866e-05
1.315725902187759867e-05
1.330223641944672725e-05
1.352146425559111177e-05
1.369387220453592521e-05
1.403542258979727400e-05
1.432523195492460354e-05
1.459478464967851502e-05
1.470048406390106391e-05
1.488518540900318243e-05
1.520474720529017688e-05
1.544982209010134004e-05
1.575843035532030961e-05
1.599009754770063104e-05
1.626423999198516960e-05
1.675566792862494351e-05
1.689303768413087992e-05
1.714148092379884572e-05
1.751822340646181489e-05
1.792052049229661654e-05
1.807818272393714887e-05
1.852365693762864006e-05
1.864299537829628537e-05
1.907922002466788295e-05
1.958582379560106366e-05
1.978348014567165208e-05
2.019867181036000961e-05
2.066370860847623319e-05
2.082646313031919703e-05
2.132536494011410495e-05
2.183199962791274487e-05
2.214040560730406231e-05
2.256935435956719570e-05
2.288637187254746914e-05
2.328322254803868671e-05
2.393113320958216062e-05
2.446780587179707027e-05
2.487338877663906316e-05
2.543828775278804776e-05
2.594819207171819643e-05
2.643120677470772958e-05
2.699033974374703522e-05
2.735290940191437037e-05
2.834214175189383704e-05
2.864408898315842932e-05
2.949959643545023983e-05
2.999761127421536890e-05
3.074949224909260891e-05
3.161796872890947324e-05
3.233552273048909706e-05
3.291594260329571602e-05
3.325995561117618969e-05
3.435290822560344053e-05
3.494092597540699531e-05
3.615568561962078509e-05
3.669797723928828185e-05
3.757270609987243171e-05
3.862468473256179692e-05
4.005684172058840208e-05
4.051684267936288340e-05
4.166079792288979373e-05
4.289053232578636066e-05
4.346083357679717457e-05
4.483171709928698579e-05
4.636325278844677416e-05
4.739815907803514387e-05
4.864913669728026651e-05
5.011165155826900308e-05
5.121162437062977781e-05
5.268957272433498127e-05
5.428550631575296135e-05
5.536850816798873635e-05
5.744631564469604809e-05
5.867832178434153267e-05
6.065510537646796256e-05
6.256183781143830785e-05
6.411390474181969887e-05
6.654667525240073021e-05
6.828065738958257944e-05
7.042415362308228832e-05
7.300843231864486164e-05
7.481188711238809111e-05
7.838078017263404795e-05
8.025549632063046473e-05
8.332289315453833784e-05
8.536184719945068722e-05
8.923487349068639086e-05
9.235032306279366133e-05
9.570789200345837153e-05
9.877216888668902595e-05
1.028574796484631946e-04
1.066010306636735772e-04
1.109611300496155098e-04
1.146514654159883523e-04
1.204410172181245170e-04
1.232033674536802282e-04
1.305133604496869324e-04
1.358527254084257647e-04
1.406635207177161432e-04
1.468869075672382294e-04
1.538724699483853483e-04
1.603008243247636339e-04
1.672650460242662313e-04
1.766803365004639907e-04
1.852864157256029778e-04
1.949632069205397406e-04
2.038113622860457039e-04
2.121194593004422767e-04
2.229950472343023547e-04
2.339565937234624918e-04
2.475495908561573064e-04
2.583098628826243715e-04
2.726221388296380861e-04
2.858080640212602155e-04
3.012606745263445821e-04
3.185522917759633574e-04
3.327476389708889943e-04
3.467528491605737016e-04
3.639451094025587482e-04
3.812511376141908075e-04
3.953512843447227381e-04
4.123907152531581339e-04
4.296851418837298255e-04
4.444578070654956413e-04
4.555156599056837323e-04
4.676661303991393940e-04
4.762217194287842121e-04
4.798301289374184053e-04
4.818295630638989163e-04
4.817159382324796824e-04
4.764136394923817043e-04
4.674121127283023904e-04
4.541955424821045501e-04
4.319194831950194332e-04
4.130418402443531583e-04
3.940528300192161601e-04
3.752004659467706002e-04
3.372353365461165696e-04
3.134337267639448208e-04
2.890522782935787027e-04
2.580355280032002358e-04
2.347100037588948414e-04
2.162902939108173462e-04
1.864423593659683134e-04
1.665641390249545664e-04
1.483082428484395630e-04
1.430621709013779629e-04
1.170930857052412152e-04
1.106172684825697689e-04
9.823657515161883546e-05
8.387358134307307440e-05
7.975128865818387907e-05
7.324735325390029181e-05
6.224641259212477216e-05
5.662859139285838437e-05
5.454874478083169344e-05
4.677558826777171284e-05
4.432554095112980379e-05
4.315470073076024875e-05
3.564678314468372293e-05
3.555057609664426287e-05
3.257055099685542962e-05
2.932783392441266730e-05
2.732686860265634579e-05
2.618261131737507224e-05
2.339006835597175641e-05
2.369638041701497495e-05
2.067556962091928168e-05
1.967548932053741120e-05
1.870028787662629869e-05
1.778280009663600543e-05
1.661021980450707634e-05
1.577275723313094301e-05
1.504491823206710005e-05
1.452883283097853016e-05
1.369766554878981769e-05
1.315883460568586224e-05
1.237241686362630483e-05
1.210863327299006207e-05
1.158108573841946480e-05
1.108794642244723531e-05
1.064199987235633521e-05
1.027454289026143078e-05
9.689201121937875176e-06
9.188676559432003738e-06
9.107766978426085237e-06
8.646427599863117024e-06
8.409109703356767556e-06
8.079124168711005250e-06
7.717825699705050088e-06
7.548345711341464091e-06
7.343184169553952681e-06
7.123490149987958280e-06
6.870718145895508846e-06
6.830387186886020778e-06
6.494035212641311763e-06
6.236028544233484932e-06
6.052544625069806163e-06
5.646922359638827582e-06
4.604964894508226420e-06
4.057094118288134063e-06
3.593985873294720583e-06
3.201577251633641353e-06
2.858445348185505075e-06
2.581927096777402432e-06
2.365012953222544028e-06
2.155999122810725913e-06
1.985510106836663898e-06
1.795937422793196002e-06
1.658005812122119873e-06
1.526452520433703788e-06
1.408364903564939203e-06
1.313934952989779576e-06
1.212774797472791355e-06
1.140784242187302659e-06
1.055111050476695664e-06
9.887552010458856573e-07
9.171858374125339064e-07
8.680737703387827198e-07
8.179571510328583555e-07
7.700961305727471462e-07
7.223626651713350158e-07
6.840546486924451597e-07
6.369701378713507200e-07
6.013318902414666723e-07
5.639711594762290371e-07
5.402646260019250352e-07
5.093705344839554434e-07
4.818480188631672311e-07
4.585375146038491100e-07
4.343044337198802306e-07
4.092913698037622399e-07
3.899440778032509547e-07
3.706893311679878634e-07
3.511376288265991554e-07
3.335513519385147252e-07
3.183913124125190500e-07
3.031312963289568700e-07
2.887196479179274316e-07
2.751699839385030157e-07
2.618575356816119079e-07
2.487837955159768269e-07
2.394623528026805123e-07
2.306929817106413963e-07
2.162404982838252981e-07
2.076297130273159704e-07
1.973491180851046630e-07
1.886341070075807972e-07
1.820021859034496563e-07
1.740653254113904872e-07
1.676390614801789207e-07
1.596614129802891516e-07
1.513117075314220070e-07
1.448222271868382108e-07
1.379504059587982576e-07
1.340386246763881670e-07
1.269628880920938300e-07
1.217813048268947270e-07
