2.205240448704689752e-06
2.348150242358462170e-06
2.506057773850092487e-06
2.670553841990280676e-06
2.850871845739488066e-06
3.029588850102630082e-06
3.192259230142180871e-06
3.374895612264012377e-06
3.624946786664241866e-06
3.906093401907294108e-06
4.092807954589640667e-06
4.378515216010838440e-06
4.688658133356090277e-06
5.004272129876623729e-06
5.353145215499904288e-06
5.780028947581488761e-06
6.225172961258823396e-06
6.615670277579582822e-06
7.137854236653077114e-06
7.719211438502862201e-06
8.338169092041331992e-06
8.510867226954207628e-06
8.747495265994452866e-06
8.784309602538480663e-06
8.942400547616560896e-06
9.047375605987735602e-06
9.222194633059071966e-06
9.304309905059204896e-06
9.451645033420261798e-06
9.634842558214554362e-06
9.939399723465990966e-06
9.989221955267179736e-06
1.015666171286208357e-05
1.033865622446732695e-05
1.049922367825863126e-05
1.064242435174719474e-05
1.090841936359636590e-05
1.106651938211414876e-05
1.123613619698741796e-05
1.138302923744683717e-05
1.162192380075052582e-05
1.195167700072368447e-05
1.203997550990800483e-05
1.231510801627072730e-05
1.234982938241224074e-05
1.280776683166800159e-05
1.290218824489966676e-05
1.335634767273321422e-05
1.346506092760808101e-05
1.370891857285636574e-05
1.411940656258848774e-05
1.428826339274519019e-05
1.444276435678936261e-05
1.476387252217131523e-05
1.498462304317050637e-05
1.533157497457874452e-05
1.573107923563177074e-05
1.583020125072042667e-05
1.625749624106299893e-05
1.648858511962923357e-05
1.697977294209041985e-05
1.726598081579070517e-05
1.758260757339048585e-05
1.793331215697449652e-05
1.836815586490785134e-05
1.873146300668464571e-05
1.921475881581888141e-05
1.946858302854540207e-05
1.983270545649429303e-05
2.055000533671299639e-05
2.094215645294968318e-05
2.112870406503215809e-05
2.182269184997189985e-05
2.240956587436369584e-05
2.282258568069267768e-05
2.307970758940626132e-05
2.394880373123033475e-05
2.471578704715846365e-05
2.475402801372247628e-05
2.575231072530582692e-05
2.613046478530232596e-05
2.666151567298486778e-05
2.741446158329777691e-05
2.825397147766615648e-05
2.863429278194011803e-05
2.977948481933750553e-05
3.069044459691292078e-05
3.146938952021629990e-05
3.231558203458465017e-05
3.289886913512906979e-05
3.415387152917686008e-05
3.459336025030002867e-05
3.560759040958911105e-05
3.674914708934029744e-05
3.765757622609166509e-05
3.920387540241686676e-05
4.039459764829931882e-05
4.120045136912934761e-05
4.224271983477933488e-05
4.380099098267767305e-05
4.531318235673354583e-05
4.667282885676972111e-05
4.834799716025995876e-05
4.977323757469228585e-05
5.122833366145054492e-05
5.324855984369581183e-05
5.485192777709216587e-05
5.690409660933693387e-05
5.867022882903522783e-05
6.046013347173514313e-05
6.368491693683549671e-05
6.580983873049712975e-05
6.767848486662465888e-05
7.076922584934799846e-05
7.378270403566739033e-05
7.618498138777307703e-05
7.903423779250675729e-05
8.178577367709575433e-05
8.580495615261234750e-05
9.024779700389887768e-05
9.360401196519284100e-05
9.772740315084190105e-05
1.032550835730786061e-04
1.071120034010295398e-04
1.119526653359830188e-04
1.170794525612969177e-04
1.233047721172551121e-04
1.286235703510516166e-04
1.364435473757236671e-04
1.440373339140505610e-04
1.510580189714593618e-04
1.626516804236027001e-04
1.712762359689801053e-04
1.791840221823768232e-04
1.888165098388743142e-04
1.992260600808143129e-04
2.152957094483362642e-04
2.241420182656335359e-04
2.436073081704627139e-04
2.565953854618616809e-04
2.748787175800133063e-04
2.880184940184705739e-04
3.076273762741464309e-04
3.275691538369371065e-04
3.470445649705011207e-04
3.694724643055040674e-04
3.904935182278228539e-04
4.104188417513980895e-04
4.332252745131514953e-04
4.501163825545727347e-04
4.631694274117970187e-04
4.710522289018330509e-04
4.842097000304289539e-04
4.850485536303905231e-04
4.699699367872943153e-04
4.745520833143906979e-04
4.503087502797771210e-04
4.375885765560720759e-04
4.005759930499368433e-04
3.789105005836802364e-04
3.465535568214696705e-04
3.091526718818426262e-04
2.744249054390390666e-04
2.440630338641379589e-04
2.150101484121866367e-04
1.922447573405965105e-04
1.659461200009305925e-04
1.506629642027342854e-04
1.282445279101977211e-04
1.069375838245705120e-04
9.797768780333526955e-05
8.186158908367542934e-05
7.693536417764819651e-05
5.900163454556413034e-05
5.814896740912423002e-05
4.820548579393990922e-05
4.282947318730999955e-05
3.863088815561123174e-05
3.556384302873531918e-05
3.383774679992029925e-05
2.908481943305841336e-05
2.823973728957480256e-05
2.579606090194600426e-05
2.326504672859385916e-05
2.165020692140847894e-05
1.868354235238886714e-05
1.765254590421201875e-05
1.670626462345554589e-05
1.586333883814619776e-05
1.468461809233599421e-05
1.390461492649384051e-05
1.342355998020576865e-05
1.262947994744440108e-05
1.181337779988750660e-05
1.127497976842969296e-05
1.072434813970745737e-05
1.027974448650180416e-05
9.756324996009328076e-06
9.333434742078213647e-06
8.908010009483568017e-06
8.488343899607874685e-06
8.210600527423913422e-06
7.820196693033593189e-06
7.458440808673995380e-06
7.135417553280918420e-06
6.943310139474676114e-06
6.631303256391056788e-06
6.374687331604473232e-06
6.205184734278288653e-06
5.822579365838607043e-06
5.700234356743078051e-06
5.797134614267029187e-06
5.280908971589452932e-06
5.128121191089812997e-06
4.922713911468659583e-06
4.806239847426579401e-06
4.646648372120091734e-06
4.423585409828529721e-06
4.377457310853003213e-06
4.203736903229240801e-06
4.089540906248917071e-06
3.535922769937193470e-06
3.094357587373540641e-06
2.716043381105837663e-06
2.427498473509433479e-06
2.182555053347268240e-06
1.952511785025656861e-06
1.759142930966360728e-06
1.614421720988473651e-06
1.454124707940795605e-06
1.320753344145607159e-06
1.224239959322059786e-06
1.120389984824842150e-06
1.037830897746752076e-06
9.594678785791865511e-07
8.848655356632840895e-07
8.201524063289109812e-07
7.677885140447069592e-07
7.192361732876086224e-07
6.633821512569551961e-07
6.273610439559397311e-07
5.891372188793563730e-07
5.525363932959737347e-07
5.164586115441224751e-07
4.868322920193462078e-07
4.566021892225252948e-07
4.374068347056502845e-07
4.082120660289091855e-07
3.847639373051517190e-07
4.030420294657483612e-07
3.441981520818675259e-07
3.237939828927229186e-07
3.116143661669129554e-07
2.937999554653114542e-07
2.800012162948552226e-07
2.633677184529004592e-07
2.522837993449001660e-07
2.380807229278557957e-07
2.261829035334015020e-07
2.153872378020770783e-07
2.039976432917163207e-07
1.962759504875551099e-07
1.852320106517057306e-07
1.768936742429059189e-07
1.682676042403746638e-07
1.612355992338223101e-07
1.546706586475712194e-07
1.480918834008892583e-07
1.404900412408763700e-07
1.352267816933301867e-07
1.286891852237175260e-07
1.229971403950176046e-07
1.172873067065494971e-07
1.125651026850270189e-07
1.076318729036306228e-07
1.031835767303098515e-07
9.824292117091445992e-08
9.351705787972013186e-08
8.984751985415400663e-08
8.633509685871807381e-08
8.302092596781897731e-08
