1.840760935692594205e-02
1.896905086139500859e-02
1.948642937683937523e-02
2.043195810322279496e-02
2.110182128198258983e-02
2.203653233780278678e-02
2.288831065304196971e-02
2.379429338299259011e-02
2.460459194734895827e-02
2.573192486051411806e-02
2.686431317621269105e-02
2.817775163188725521e-02
2.932464988422837232e-02
3.067415771835938637e-02
3.216221360064183687e-02
3.383091524031302255e-02
3.547804673079430621e-02
3.725282471721061417e-02
3.944655672291447202e-02
4.190722756507890556e-02
4.368664416879603635e-02
4.417008331804932880e-02
4.485106619447297438e-02
4.505061889162183253e-02
4.582996028477242384e-02
4.634989198209350098e-02
4.650964958783160297e-02
4.746635979051478521e-02
4.757301349336993251e-02
4.867933491833262988e-02
4.878855909313288552e-02
4.919058152426662722e-02
4.966139453327032827e-02
5.111647567233303102e-02
5.120147316445905483e-02
5.246741814831567402e-02
5.211923076448127939e-02
5.303578069049910693e-02
5.358994215898893465e-02
5.450238324324736122e-02
5.475892547213508793e-02
5.571018433872988035e-02
5.641510302893252421e-02
5.726384788800625847e-02
5.748501039844047117e-02
5.840509346582813122e-02
5.905197341205450923e-02
5.976903616105934403e-02
6.036341220690098069e-02
6.151278869631555263e-02
6.185967141615471288e-02
6.293591685736456276e-02
6.326833040761664639e-02
6.450903130934003415e-02
6.541999127719691498e-02
6.595951971355595855e-02
6.630978008528537471e-02
6.743187039146449069e-02
6.881197866022330245e-02
6.921998761727862770e-02
7.064828977509730878e-02
7.041094000544485809e-02
7.206896057962974833e-02
7.275461686930305427e-02
7.376214680669154755e-02
7.456048261622509610e-02
7.537937024829464983e-02
7.578226306696368708e-02
7.736603459671657912e-02
7.831201538007791230e-02
7.938095524501938283e-02
8.010167749950214411e-02
8.118180114816767046e-02
8.220069403754587389e-02
8.315564269478398218e-02
8.365226203789463688e-02
8.457775992881323701e-02
8.584389138589401669e-02
8.693502881804390792e-02
8.835948057386829035e-02
8.877869363461962648e-02
9.006732546219289870e-02
9.049641810232260386e-02
9.263156197444263884e-02
9.286959555313203940e-02
9.396000830185263775e-02
9.500005246009055049e-02
9.554054789882983345e-02
9.713834198564333389e-02
9.762930470111962078e-02
9.868498301314672372e-02
9.959979460873037704e-02
1.009151400651390612e-01
1.021766266489320951e-01
1.020171988170727045e-01
1.032834360055257944e-01
1.041558370817120133e-01
1.049316069111341787e-01
1.058507501202964468e-01
1.070487770840305164e-01
1.082809015265396857e-01
1.080879915108240441e-01
1.093679307199091760e-01
1.101391073651490082e-01
1.098996540460915328e-01
1.115241663043908260e-01
1.119899867623686401e-01
1.126961050413792381e-01
1.129355495302836604e-01
1.140730358017459645e-01
1.139207420712949892e-01
1.146937602605821588e-01
1.146345118157898607e-01
1.150739421366476362e-01
1.163875671182546673e-01
1.154577637193259787e-01
1.163660484247885513e-01
1.156666363475652159e-01
1.163481629514125232e-01
1.162098986374146825e-01
1.160095588597861022e-01
1.163945442865761959e-01
1.157731419289214081e-01
1.160436216084087535e-01
1.159347916571698694e-01
1.156543063556377676e-01
1.141388931761573577e-01
1.140302300328621399e-01
1.140363106724430475e-01
1.139572100255450832e-01
1.124303510008604484e-01
1.127520881645639600e-01
1.115961277318499867e-01
1.099782303806779160e-01
1.098876890199079887e-01
1.086375643813138753e-01
1.071864150180269065e-01
1.066710333259879434e-01
1.054645169758507278e-01
1.039605124963050575e-01
1.038569241049302067e-01
1.019253179573075541e-01
1.009441942681083143e-01
9.991525321561821327e-02
9.776835146950972610e-02
9.657306332778836655e-02
9.539604869814861943e-02
9.418594263637254660e-02
9.220196381656559081e-02
9.111253756543104265e-02
8.910584604785844187e-02
8.793849594891663124e-02
8.646119676725189107e-02
8.494368020111471573e-02
8.279313393089215989e-02
8.124763474484929249e-02
7.906608147603197412e-02
7.828980977006723407e-02
7.754543105292723004e-02
7.496259569707226789e-02
7.313539238596550307e-02
7.157933494255448725e-02
6.980561362790196900e-02
6.806038162641669942e-02
6.669723333554450351e-02
6.496967048728478911e-02
6.417578156921732724e-02
6.257696592034836525e-02
6.017114127258304385e-02
5.938448857319204854e-02
5.822035318631059442e-02
5.549818736810047115e-02
5.414938391172435805e-02
5.346496956954566865e-02
5.184637580098028220e-02
5.018734937128595947e-02
4.905172655170423474e-02
4.752498156843378702e-02
4.653073461066176142e-02
4.505136535605757525e-02
4.361489877468630039e-02
4.254472694010465877e-02
4.151317667386074384e-02
4.027558629751016445e-02
3.869087796539805862e-02
3.754620168633916732e-02
3.581580836326159895e-02
3.528261867527533041e-02
3.474924057879879430e-02
3.348418882895774079e-02
3.230798733009752205e-02
3.117398094487544569e-02
3.078950903346673942e-02
2.953545656851359544e-02
2.906861973629052201e-02
2.797737345039433277e-02
2.735749294795735212e-02
2.662100418135332491e-02
2.553783867678377159e-02
2.466418610217763555e-02
2.428011946548364400e-02
2.361041249270772954e-02
2.281337828909787632e-02
2.212352102173667512e-02
2.097573651064577049e-02
2.061829009012518601e-02
2.028723269821649036e-02
1.976516367008549283e-02
1.948504665790133997e-02
1.869795030852634127e-02
1.803980739492359875e-02
1.743725805362244044e-02
1.722089751480029851e-02
1.645918542534087481e-02
1.597158042959014382e-02
1.541919352717857801e-02
1.478799510454817737e-02
1.461781317170244253e-02
1.435651794117597142e-02
1.368489962638821077e-02
1.341425873918582722e-02
1.152397590763283922e-02
1.032091690624995471e-02
8.943731768775073018e-03
7.848572960819130695e-03
7.043464819696901649e-03
6.296648015760773938e-03
5.638701551885038840e-03
5.102315154001338220e-03
4.645630245573532414e-03
4.103610749892940002e-03
3.853632524172758214e-03
3.393777418926247590e-03
3.096976724537387968e-03
2.840097465537443858e-03
2.558266946632367991e-03
2.387094681518619078e-03
2.209825951915028036e-03
2.059684613447094331e-03
1.874269579322138026e-03
1.789748487111905793e-03
1.634630362847257212e-03
1.546728720222712451e-03
1.388016032319415319e-03
1.291729156120738006e-03
1.220800127409427810e-03
1.134399115740126595e-03
1.040870926215333760e-03
1.001677627461109625e-03
9.595312110086619446e-04
8.826017870767314828e-04
8.433853778742729859e-04
7.695511260063317167e-04
7.315473726934041679e-04
6.983338808810463658e-04
6.491449137521468002e-04
6.055465876434987411e-04
5.846337790106562052e-04
5.500699150205629355e-04
5.122675870609234806e-04
4.820650619410630101e-04
4.725075307422111877e-04
4.335066795196793011e-04
4.128146498240345972e-04
3.952568360236688840e-04
3.738140484141249048e-04
3.511309259961116112e-04
3.326561509537302773e-04
3.113661459981429780e-04
2.980090139798593834e-04
2.842543359334796620e-04
2.753292515139841115e-04
2.567084251743645428e-04
2.494207842766539627e-04
2.358475577356167446e-04
2.238971431051377128e-04
2.125698181608792867e-04
1.982539945862416941e-04
1.893004948980804905e-04
1.811477385653771698e-04
1.723227344303475731e-04
