5.485983550352153439e-03
5.658481659187556898e-03
5.892955078575046711e-03
6.084545876563709869e-03
6.345097872287706539e-03
6.600467651554958910e-03
6.917661273860726059e-03
7.177756236938712120e-03
7.439093858750140363e-03
7.767839707611226031e-03
8.136156610567572486e-03
8.560329180914589067e-03
8.928406735641093023e-03
9.440723486292143529e-03
9.927069032518874916e-03
1.041590500997183200e-02
1.088215388045323667e-02
1.163245750717843002e-02
1.213223508341639868e-02
1.292363640779492853e-02
1.362364586933568524e-02
1.394990428176847048e-02
1.395795897085846948e-02
1.423505843659543524e-02
1.436563235926037983e-02
1.444846768706473800e-02
1.478386838521033100e-02
1.500850341995720906e-02
1.506859992160093642e-02
1.543167459443563899e-02
1.554073528338399159e-02
1.572731800306149952e-02
1.603534405365162827e-02
1.626252700777951546e-02
1.627144833377879365e-02
1.670515967403835705e-02
1.683604634441597525e-02
1.695720760838508034e-02
1.731347007322485074e-02
1.760178003581853654e-02
1.783847757875623580e-02
1.802995843320005440e-02
1.838659797124523113e-02
1.857702487121511842e-02
1.866420708290494543e-02
1.906580009078827354e-02
1.934059550328358357e-02
1.976503205717813905e-02
1.998520069548566022e-02
2.022475602586157328e-02
2.071257777324801708e-02
2.087627079907160288e-02
2.122564073575363905e-02
2.157840474129596800e-02
2.198268175772436980e-02
2.216056340100144850e-02
2.267505589235736807e-02
2.286909202101350402e-02
2.316480242598845454e-02
2.383109691372829395e-02
2.423112682356672390e-02
2.444821922157532426e-02
2.502387238469860886e-02
2.543787908635224138e-02
2.579201673339201473e-02
2.620651859702280081e-02
2.641244488926374617e-02
2.693447267018728858e-02
2.753283049779356104e-02
2.811387446503447671e-02
2.869989866163206657e-02
2.922772924904394609e-02
2.941362300237082214e-02
3.004470851063041278e-02
3.099471594027811486e-02
3.163984555766702345e-02
3.200985151103077908e-02
3.302164821839315839e-02
3.321018669558666730e-02
3.408033499006891259e-02
3.442969750014527458e-02
3.528075754557179200e-02
3.607141727909366630e-02
3.657692263811438554e-02
3.762295408499417848e-02
3.851761189421527148e-02
3.893195972416643030e-02
4.001753090335681551e-02
4.069304245949780657e-02
4.174640063495654863e-02
4.267484463125117283e-02
4.338664886939241211e-02
4.435149853373337309e-02
4.568774800222404758e-02
4.674811656917544217e-02
4.726280898467893204e-02
4.864777273294898507e-02
4.968909350211027365e-02
5.088062601654910061e-02
5.211077223380312234e-02
5.288747320726906037e-02
5.411635221508809962e-02
5.594773979595766417e-02
5.740952205404943609e-02
5.824259211009826659e-02
5.964329464625003213e-02
6.101918859264890416e-02
6.335181781322452021e-02
6.475658595424491071e-02
6.597550207497585029e-02
6.760826365009844907e-02
6.950269490289419372e-02
7.113308064745317572e-02
7.285115208343195814e-02
7.478564125216305425e-02
7.610441159891204177e-02
7.804221163134547612e-02
7.971589168083421939e-02
8.204304708730908446e-02
8.374476377354150847e-02
8.549742752735695062e-02
8.796179100579329391e-02
8.950615023858567165e-02
9.155924630116296647e-02
9.345846686589343033e-02
9.485275811365270759e-02
9.723489644039359781e-02
9.887243012826037181e-02
1.002457560146077648e-01
1.018033333305489591e-01
1.034903577000452352e-01
1.057527016661261171e-01
1.070756927931833247e-01
1.080859598914102188e-01
1.091058899836651747e-01
1.106657288840598719e-01
1.114175104423486412e-01
1.119306657550736134e-01
1.129249567152345313e-01
1.133785896399055193e-01
1.133898795348655258e-01
1.137481533609448481e-01
1.136244354884033275e-01
1.126041567825555867e-01
1.112179291857739311e-01
1.106787999370645453e-01
1.107145420634955690e-01
1.087005143214861136e-01
1.071327211536906715e-01
1.051317091824878203e-01
1.026796007867610133e-01
1.005718050863886187e-01
9.860619811133501667e-02
9.582385988641722863e-02
9.271187355642770966e-02
9.053577266442590366e-02
8.767905541806020331e-02
8.427823522419143620e-02
8.147095884026113455e-02
7.917241387498652472e-02
7.561818006630041666e-02
7.126819066700131045e-02
6.917843978437060448e-02
6.452054570138938960e-02
6.240655034362739551e-02
5.879575518053384992e-02
5.735809350878739304e-02
5.448469119584012366e-02
5.152492978829203985e-02
4.891537171612346524e-02
4.583784300205148710e-02
4.442506831234682013e-02
4.107799973733577970e-02
3.948729404142646560e-02
3.636339984339691939e-02
3.505675878101682102e-02
3.268132972951518639e-02
3.100979296053846257e-02
2.975131584252863060e-02
2.738544995317859776e-02
2.571861259811956957e-02
2.452901487691365109e-02
2.296112907347740498e-02
2.169350080534114891e-02
2.052748500937490519e-02
1.920449736526198131e-02
1.792594516320802217e-02
1.758694616945749231e-02
1.683257046664067211e-02
1.538946362668298581e-02
1.440967613124659492e-02
1.425441851055796183e-02
1.299739414421128246e-02
1.239050348157081684e-02
1.207028234296136059e-02
1.121925663983782025e-02
1.074339979528250721e-02
1.064266241265281535e-02
9.821873479660864908e-03
9.483229579639922135e-03
8.838729140621767733e-03
8.351435002531952881e-03
8.137901687134272560e-03
7.828416574331156785e-03
7.618201160451131340e-03
7.145052642357043252e-03
6.912577321500799551e-03
6.495454057340161597e-03
6.152742090017922043e-03
6.057223129389395500e-03
5.943746180819516230e-03
5.577949281052030188e-03
5.572150562720308391e-03
5.361932559718758130e-03
5.144300739102316763e-03
4.837210456270300829e-03
4.588785429536241384e-03
4.482460245503532177e-03
4.320910430310146745e-03
4.255267712284041721e-03
4.129876771639461736e-03
3.560305696715813668e-03
3.005480613410690342e-03
2.603557213915157556e-03
2.287748203523967683e-03
2.063496765265334775e-03
1.822828161422285122e-03
1.638110273389481756e-03
1.481010744844164914e-03
1.329600106651188758e-03
1.197329182533100628e-03
1.093694976543360805e-03
9.903891097086069389e-04
9.103709045722444470e-04
8.355173174501440017e-04
7.700133508852950509e-04
6.992408590886704887e-04
6.629591064952919345e-04
6.019923388958731483e-04
5.610879955244480778e-04
5.164686992143552140e-04
4.832066900776860966e-04
4.520357644311021766e-04
4.155794383778967679e-04
3.908297916433532281e-04
3.640968064028400706e-04
3.420824545259932951e-04
3.231474030177033312e-04
3.018572909103249026e-04
2.832869987421385771e-04
2.617236118605594528e-04
2.466317181982142560e-04
2.324193364262091958e-04
2.180102763983191169e-04
2.058035170938082371e-04
1.916743907949150050e-04
1.835642275514224133e-04
1.715073574549599693e-04
1.648728127171492921e-04
1.536176378590492606e-04
1.469195746038399802e-04
1.377425342341659625e-04
1.303874850179672870e-04
1.228454820734636475e-04
1.174354113402635168e-04
1.105365918127515013e-04
1.055854174592077047e-04
9.981346940488152950e-05
9.431874418000750742e-05
9.020393217632773596e-05
8.458909836849446101e-05
8.138526040027588054e-05
7.619732666286227626e-05
7.264560186506172903e-05
6.933435303113351204e-05
6.598434731108926844e-05
6.223159076400632537e-05
5.922964305143806508e-05
5.667300494134681530e-05
5.393982816145268384e-05
5.191839809885390373e-05
