1.102620224352344764e-03
1.145439142613884293e-03
1.193360844690520301e-03
1.242118066041991058e-03
1.295850838972494425e-03
1.346483933378946713e-03
1.387938795713991678e-03
1.436125792452771490e-03
1.510394494443434302e-03
1.594323837513181340e-03
1.637123181835856362e-03
1.717064790592485492e-03
1.803330051290803976e-03
1.888404577311933279e-03
1.982646376111075678e-03
2.101828708211450018e-03
2.223276057592436621e-03
2.321287816694590864e-03
2.461329047121750893e-03
2.616681843560292407e-03
2.779389697347111211e-03
2.827530640184122267e-03
2.896521611256441288e-03
2.899112080045703269e-03
2.941579127505447762e-03
2.966352657700897441e-03
3.013789095770938713e-03
3.030719838781499847e-03
3.068715919941643767e-03
3.118072025312153793e-03
3.206257975311610237e-03
3.211968474362436859e-03
3.255340292584001094e-03
3.303085055740360553e-03
3.343701808362621337e-03
3.378547413253077999e-03
3.452031444176064789e-03
3.491015577953989878e-03
3.533376162574660296e-03
3.568347723337566418e-03
3.631851187734539462e-03
3.723263863153795927e-03
3.739122829163976300e-03
3.812726940021896483e-03
3.811675735312419940e-03
3.940851332820924022e-03
3.957726455490695461e-03
4.084509991661533328e-03
4.105201502319536823e-03
4.166844551020171608e-03
4.278608049269238579e-03
4.316695889046885323e-03
4.350230227948602771e-03
4.433595352003398028e-03
4.486414084781588200e-03
4.576589544650371509e-03
4.681868820128502924e-03
4.697389095169266296e-03
4.809910130492011868e-03
4.863889415819833140e-03
4.994050865320711664e-03
5.063337482636569818e-03
5.141113325552773214e-03
5.228370891246208324e-03
5.339580193287165807e-03
5.429409567154970181e-03
5.553398501681757957e-03
5.610542659523171799e-03
5.699053292096061679e-03
5.888253678141260571e-03
5.983473272271339592e-03
6.019573807701470228e-03
6.199628366469290240e-03
6.348318944578951878e-03
6.447058101890587416e-03
6.501326081522891716e-03
6.727192059334363705e-03
6.923189649063995858e-03
6.914532964726948644e-03
7.173345605934771350e-03
7.258462440361756855e-03
7.385461405258965557e-03
7.573055685993860218e-03
7.783463216987921568e-03
7.866563951082448936e-03
8.158762964202056697e-03
8.385367376205717094e-03
8.574765536843678704e-03
8.781408161571916532e-03
8.915682692446903063e-03
9.230776088966718973e-03
9.324355862614562562e-03
9.571932905803524211e-03
9.852318254514824680e-03
1.006887064868761117e-02
1.045436677397783114e-02
1.074324405539875578e-02
1.092850168942422970e-02
1.117532270761358200e-02
1.155698970519199870e-02
1.192452167282461763e-02
1.225008631411278817e-02
1.265654375923035493e-02
1.299562338764811628e-02
1.334071189100274543e-02
1.383079476459631377e-02
1.421034398370263525e-02
1.470390093264520304e-02
1.512119299717402769e-02
1.554245076394219528e-02
1.632946588123987061e-02
1.683116080063865039e-02
1.726491960883282106e-02
1.800743660288752976e-02
1.872657462834197845e-02
1.928733706019571462e-02
1.995814085669362845e-02
2.060095054838683576e-02
2.155903420919908289e-02
2.261849548969896428e-02
2.340100299129821079e-02
2.437092347901293962e-02
2.568534417240761134e-02
2.657866089355571254e-02
2.771105577623342309e-02
2.890850680525849231e-02
3.037063352641751479e-02
3.160284283809622341e-02
3.344204592542247140e-02
3.521695205722507466e-02
3.684341926133154893e-02
3.957461810793252988e-02
4.157190193421848173e-02
4.338596178750044052e-02
4.560785261808558005e-02
4.800627953754561805e-02
5.175377630969622139e-02
5.375108351693849706e-02
5.827926032786190369e-02
6.123994879758035831e-02
6.544731370952697191e-02
6.841294394738017814e-02
7.289748252941860573e-02
7.743951627350757760e-02
8.185013324775969323e-02
8.693469748364800187e-02
9.166514512390208647e-02
9.611682476613539472e-02
1.012208585311101527e-01
1.049222336957046087e-01
1.077138203283248830e-01
1.092928605340680037e-01
1.120855787107474383e-01
1.120204511848476997e-01
1.082880038680401613e-01
1.090924329458369535e-01
1.032818234586644762e-01
1.001346857107716370e-01
9.145570617578466233e-02
8.631218692111167212e-02
7.876217200487946324e-02
7.010264668522508957e-02
6.208708267851562046e-02
5.509323563524558959e-02
4.842570910184382932e-02
4.320106906530258445e-02
3.720765022442389797e-02
3.370536111917992600e-02
2.862601069424056122e-02
2.381683381393552915e-02
2.177281951185228159e-02
1.815112839992803415e-02
1.702109826939119525e-02
1.302464338754175111e-02
1.280814260112868655e-02
1.059461226240437579e-02
9.392428330550437257e-03
8.453148392912742878e-03
7.765031228981512067e-03
7.372058126344290842e-03
6.322786833273567712e-03
6.125756461946811962e-03
5.583562965789178913e-03
5.024848105527830559e-03
4.665992870993207128e-03
4.017966097287927266e-03
3.788099979444638742e-03
3.577358591746368586e-03
3.389602315843204695e-03
3.131048633760339771e-03
2.958428707764647163e-03
2.850012734650906373e-03
2.675737277000932689e-03
2.497542875240487889e-03
2.378687714858585076e-03
2.257757503096306795e-03
2.159610186239874826e-03
2.045351152203213514e-03
1.952601410476614060e-03
1.859709814088427501e-03
1.768404979084973799e-03
1.706985556636988295e-03
1.622447446687467565e-03
1.544190643617804424e-03
1.474259825058041101e-03
1.431610338036015673e-03
1.364465690615443774e-03
1.308970704641575569e-03
1.271554248827518096e-03
1.190711526756361299e-03
1.163313134029199652e-03
1.180679147508559854e-03
1.073355482030376564e-03
1.040186854176432512e-03
9.965007917952751690e-04
9.709575449346624382e-04
9.368242685725991113e-04
8.900574265248551277e-04
8.790074921391572349e-04
8.424322451361205503e-04
8.179081812497834142e-04
7.001827267202363281e-04
6.067367818379491720e-04
5.273870642923956641e-04
4.668266295210449311e-04
4.157247720661463321e-04
3.683984500048409320e-04
3.288117627974505635e-04
2.989669853682358556e-04
2.668118730166597137e-04
2.401369716628376256e-04
2.205837764544251681e-04
2.000696401472932043e-04
1.836868845569472912e-04
1.683276979963485348e-04
1.538896583762233206e-04
1.414055872980881105e-04
1.312458998367020799e-04
1.219044361504421280e-04
1.114927985305807118e-04
1.045601739926566286e-04
9.737805270733163791e-05
9.057973660589734586e-05
8.397701000717439600e-05
7.852133742247520355e-05
7.305635027560405394e-05
6.942965630248416279e-05
6.428536472896207810e-05
6.011936520392995492e-05
6.248713635127881906e-05
5.295356185874883659e-05
4.943419586148441500e-05
4.721429790407771402e-05
4.418044443087390522e-05
4.179122631266495849e-05
3.901743977080006012e-05
3.710055872719120250e-05
3.475630991647529939e-05
3.278013094686978342e-05
3.099096946792476148e-05
2.914252047024519317e-05
2.784056035284469604e-05
2.608901558474728910e-05
2.474037401998684357e-05
2.337050058894092329e-05
2.223939299776859341e-05
2.118776145857139697e-05
2.014855556474683641e-05
1.898514070822653600e-05
1.815124586487653626e-05
1.715855802982900431e-05
1.629101197285001215e-05
1.543254035612493430e-05
1.471439250784666801e-05
1.397816531215982221e-05
1.331400990068514191e-05
1.259524630396339247e-05
1.191300100378600216e-05
1.137310377900683286e-05
1.085976061115950746e-05
1.037761574597737121e-05
