5.403413822237054407e-04
5.766377630041785718e-04
6.063347312761864548e-04
6.489873295693713174e-04
6.863508094867136217e-04
7.364647012181496687e-04
7.800613962603073067e-04
8.354392076652256138e-04
8.861997908643055259e-04
9.420104335900617108e-04
1.002710911720755072e-03
1.078216203191547035e-03
1.138821475778683092e-03
1.232957188347991303e-03
1.313656888655657809e-03
1.414594775381249796e-03
1.505582572690742369e-03
1.629431372908619544e-03
1.768927022441874530e-03
1.890911711728361254e-03
2.039686809132583174e-03
2.062423735218271974e-03
2.080532195327240014e-03
2.146034229264713773e-03
2.177342068709594517e-03
2.227764484277088616e-03
2.240832883663105256e-03
2.257211093965843639e-03
2.309026326428515775e-03
2.346891010831637057e-03
2.397034736091840403e-03
2.437758995441608855e-03
2.450003280360487940e-03
2.512901733770324560e-03
2.551171418944832032e-03
2.641225791434305328e-03
2.671540801067554764e-03
2.675807864579352220e-03
2.714161782282423392e-03
2.775553135707045909e-03
2.843889606558287157e-03
2.885602675783202967e-03
2.922101874437120668e-03
2.983658095127285966e-03
3.042764869346185203e-03
3.103536922235231813e-03
3.163335497918592400e-03
3.214877150627106807e-03
3.252906674136695972e-03
3.318683541253628945e-03
3.402783431365165312e-03
3.449002333533474334e-03
3.521993578160490142e-03
3.606546517013425532e-03
3.634042951311548721e-03
3.697717758199371881e-03
3.812178545370405788e-03
3.848638545839278870e-03
3.901874556466366963e-03
4.031472375289997349e-03
4.095468541802664911e-03
4.184606285879560912e-03
4.238911494950452739e-03
4.357305866684121724e-03
4.474882154038308489e-03
4.581330048566851706e-03
4.602824112412528222e-03
4.712208936872151754e-03
4.850313506558631173e-03
4.954670379581721518e-03
5.029618832620691600e-03
5.178273668845631388e-03
5.243444354500857371e-03
5.418783582162496962e-03
5.557047886544679537e-03
5.616852061279397658e-03
5.728426854710719739e-03
5.930368414784648566e-03
6.041390745197801684e-03
6.184988187687513739e-03
6.343339422356779680e-03
6.434057456210590109e-03
6.644974728119102877e-03
6.830788408731550305e-03
6.936392570715967099e-03
7.093709118312690499e-03
7.331104832060728223e-03
7.547061758020112698e-03
7.659408214907326672e-03
7.919137656129549702e-03
8.060180762712271935e-03
8.362470456046822154e-03
8.562950409153072262e-03
8.749195793202043520e-03
9.040487404879010355e-03
9.354897651955499174e-03
9.565768969928103646e-03
9.843497208915863439e-03
1.012757518108688831e-02
1.059151982437300799e-02
1.073986343368860986e-02
1.111244864390168244e-02
1.131749955335514812e-02
1.159511226862899695e-02
1.220231141303406396e-02
1.252387739911707890e-02
1.295142018960192785e-02
1.338327208214766875e-02
1.389940235610447744e-02
1.427040819001732311e-02
1.482489805459795591e-02
1.530267697932243508e-02
1.582839167604617459e-02
1.632266665148930304e-02
1.698235590914544055e-02
1.749895264909057113e-02
1.817820758089587832e-02
1.885456623693832975e-02
1.961436696110030464e-02
2.021370172029994527e-02
2.085497130924748171e-02
2.181676337833443613e-02
2.264260703792842985e-02
2.360305641894602791e-02
2.457291860084729121e-02
2.545123395364650223e-02
2.643617258727629440e-02
2.753003227462033284e-02
2.855203195714406048e-02
2.955889180855509821e-02
3.082048334166114997e-02
3.161718035325904175e-02
3.331872973985773589e-02
3.465980670241040895e-02
3.577082540793983384e-02
3.718647542765181335e-02
3.804408129382313292e-02
3.934175039644443456e-02
4.068736567575444857e-02
4.159076052488675651e-02
4.305407660140073839e-02
4.430624798730806863e-02
4.530220871134763017e-02
4.615676097568986030e-02
4.686485077599691212e-02
4.751431028277729174e-02
4.768851310113531722e-02
4.805889768897134845e-02
4.787268127016949815e-02
4.796867298074782709e-02
4.745597086492936434e-02
4.707443372660279068e-02
4.593872960707976599e-02
4.462480517417081322e-02
4.337598367874578864e-02
4.264604435164636581e-02
4.112188010063607541e-02
3.923803982188963507e-02
3.773767842880332984e-02
3.581758885573315537e-02
3.346885404154778532e-02
3.152712420345742117e-02
2.965552176573801185e-02
2.778810068937791200e-02
2.554079550978178431e-02
2.354429916935851450e-02
2.180793426706393104e-02
2.029436852430416965e-02
1.878872490418383515e-02
1.758976424371662059e-02
1.629431657970966188e-02
1.481388970747857074e-02
1.342099767675539700e-02
1.208075444297867368e-02
1.146606759182412782e-02
1.026268256889538259e-02
9.589135764209315987e-03
8.809187684268277030e-03
8.099870417904348613e-03
7.500117439265201191e-03
7.043504542975050249e-03
6.489804318447048304e-03
6.038213748312188864e-03
5.463622228715086376e-03
5.155847681128603900e-03
4.986128441725363146e-03
4.489217433923973349e-03
4.129628226476972364e-03
4.026419059430731001e-03
3.663623948823326731e-03
3.502149349886729806e-03
3.338726727449695727e-03
3.079698259104932459e-03
2.889422803831223803e-03
2.887230771356654509e-03
2.751066627174138073e-03
2.504934473613556686e-03
2.391123957908898676e-03
2.299422335756584612e-03
2.156192039067371651e-03
2.067726104956730572e-03
1.998697005221107634e-03
1.912284962911422895e-03
1.819770979397365143e-03
1.729890708244258149e-03
1.682593012058065940e-03
1.599432955104638197e-03
1.568510794836495839e-03
1.487505261703523513e-03
1.439487193027936445e-03
1.393763212872646496e-03
1.318862907024340473e-03
1.293997020541272965e-03
1.243571127954202745e-03
1.197832484464515400e-03
1.180595362380848848e-03
1.131260754140335067e-03
1.085655368144582567e-03
1.054839462148801556e-03
1.028426062269851204e-03
1.008511639613972159e-03
8.664627510227717764e-04
7.685663162329531674e-04
6.688359124729019271e-04
5.904110494437841321e-04
5.356142608221712729e-04
4.844680267712584386e-04
4.293923321725131399e-04
3.862354973756412335e-04
3.524647018761640463e-04
3.230911723713988525e-04
2.961892548120720835e-04
2.775157165805215796e-04
2.523722320637205099e-04
2.350630552247393956e-04
2.180349136965903996e-04
2.007718053650282266e-04
1.887436597480517684e-04
1.755328381715516952e-04
1.631490684237887900e-04
1.530135841603501583e-04
1.433531353313942380e-04
1.348705877507109087e-04
1.260427463971700739e-04
1.184520989673821107e-04
1.110507978767061673e-04
1.061692738368920244e-04
9.935963794965182679e-05
9.347678986885739740e-05
8.930953500714678805e-05
8.467316775005551230e-05
7.915290631495822604e-05
7.537293408500591349e-05
7.150510628821608991e-05
6.790544816566908032e-05
6.480422460840843573e-05
6.115884562427923116e-05
5.834482981702786573e-05
5.532544916821151195e-05
5.292853825263270324e-05
4.992603510357028799e-05
4.746969198897687110e-05
4.545264689663024827e-05
4.355665883503225325e-05
4.104553437229953376e-05
3.949725057323077559e-05
3.787954457889901891e-05
3.605324903425904346e-05
3.424821948863802050e-05
3.278376249309290389e-05
3.152528116865220418e-05
3.023605132239287198e-05
2.868520047845932443e-05
2.759474451403585464e-05
2.642713921738778699e-05
2.508876375386488453e-05
2.410856169917849944e-05
2.308228271485562592e-05
2.197628059530276515e-05
2.100487329253569534e-05
2.007145636385482588e-05
