3.287157161055422549e-04
3.452140443300753554e-04
3.660541956944979216e-04
3.901248163389641941e-04
4.180683944170270430e-04
4.447758407837300288e-04
4.774614705314230573e-04
5.000684951350030903e-04
5.340503452066657679e-04
5.750075952328275375e-04
6.094555520476341260e-04
6.544695936482673422e-04
7.017686090748558383e-04
7.444121938867801803e-04
7.961211877315535045e-04
8.511672895629548898e-04
9.118913201370160322e-04
9.857305990448115684e-04
1.053864226891638349e-03
1.143073849050218896e-03
1.237284887527715553e-03
1.252748027575629423e-03
1.279917936962465938e-03
1.290690477130320866e-03
1.315725902187760057e-03
1.330223641944672719e-03
1.352146425559111421e-03
1.369387220453592569e-03
1.403542258979727448e-03
1.432523195492460327e-03
1.459478464967851495e-03
1.470048406390106303e-03
1.488518540900318331e-03
1.520474720529017701e-03
1.544982209010133936e-03
1.575843035532030825e-03
1.599009754770063267e-03
1.626423999198517000e-03
1.675566792862494270e-03
1.689303768413087789e-03
1.714148092379884098e-03
1.751822340646181286e-03
1.792052049229661504e-03
1.807818272393714671e-03
1.852365693762863695e-03
1.864299537829628524e-03
1.907922002466787888e-03
1.958582379560105946e-03
1.978348014567165181e-03
2.019867181036000704e-03
2.066370860847623319e-03
2.082646313031919893e-03
2.132536494011410318e-03
2.183199962791274474e-03
2.214040560730406136e-03
2.256935435956719787e-03
2.288637187254746914e-03
2.328322254803868833e-03
2.393113320958216265e-03
2.446780587179707162e-03
2.487338877663906357e-03
2.543828775278804844e-03
2.594819207171819575e-03
2.643120677470773162e-03
2.699033974374703305e-03
2.735290940191437321e-03
2.834214175189383664e-03
2.864408898315843298e-03
2.949959643545023956e-03
2.999761127421537391e-03
3.074949224909261352e-03
3.161796872890947161e-03
3.233552273048909218e-03
3.291594260329571385e-03
3.325995561117618942e-03
3.435290822560344622e-03
3.494092597540699938e-03
3.615568561962077994e-03
3.669797723928827724e-03
3.757270609987243062e-03
3.862468473256180316e-03
4.005684172058840073e-03
4.051684267936288449e-03
4.166079792288979698e-03
4.289053232578636174e-03
4.346083357679717159e-03
4.483171709928698498e-03
4.636325278844676684e-03
4.739815907803513438e-03
4.864913669728026732e-03
5.011165155826899711e-03
5.121162437062978974e-03
5.268957272433498831e-03
5.428550631575296270e-03
5.536850816798872740e-03
5.744631564469605649e-03
5.867832178434153646e-03
6.065510537646796527e-03
6.256183781143831273e-03
6.411390474181969182e-03
6.654667525240074918e-03
6.828065738958256914e-03
7.042415362308229211e-03
7.300843231864486381e-03
7.481188711238809762e-03
7.838078017263404307e-03
8.025549632063047611e-03
8.332289315453832862e-03
8.536184719945067584e-03
8.923487349068639357e-03
9.235032306279365374e-03
9.570789200345836828e-03
9.877216888668903516e-03
1.028574796484632049e-02
1.066010306636735842e-02
1.109611300496154973e-02
1.146514654159883767e-02
1.204410172181245159e-02
1.232033674536802369e-02
1.305133604496869042e-02
1.358527254084257452e-02
1.406635207177161194e-02
1.468869075672382327e-02
1.538724699483853126e-02
1.603008243247636133e-02
1.672650460242661868e-02
1.766803365004639831e-02
1.852864157256029626e-02
1.949632069205397417e-02
2.038113622860457386e-02
2.121194593004423201e-02
2.229950472343023363e-02
2.339565937234625026e-02
2.475495908561572977e-02
2.583098628826243498e-02
2.726221388296380319e-02
2.858080640212602719e-02
3.012606745263445365e-02
3.185522917759633921e-02
3.327476389708888815e-02
3.467528491605736257e-02
3.639451094025587113e-02
3.812511376141908270e-02
3.953512843447227337e-02
4.123907152531581383e-02
4.296851418837297626e-02
4.444578070654957302e-02
4.555156599056837258e-02
4.676661303991393875e-02
4.762217194287842598e-02
4.798301289374184292e-02
4.818295630638989163e-02
4.817159382324796152e-02
4.764136394923817325e-02
4.674121127283023536e-02
4.541955424821045306e-02
4.319194831950193963e-02
4.130418402443532255e-02
3.940528300192161493e-02
3.752004659467706588e-02
3.372353365461165653e-02
3.134337267639447644e-02
2.890522782935786919e-02
2.580355280032002249e-02
2.347100037588948154e-02
2.162902939108173397e-02
1.864423593659682993e-02
1.665641390249545523e-02
1.483082428484395338e-02
1.430621709013779955e-02
1.170930857052411914e-02
1.106172684825697770e-02
9.823657515161884901e-03
8.387358134307307603e-03
7.975128865818388937e-03
7.324735325390028910e-03
6.224641259212477379e-03
5.662859139285838193e-03
5.454874478083169588e-03
4.677558826777171094e-03
4.432554095112980867e-03
4.315470073076024468e-03
3.564678314468372293e-03
3.555057609664426504e-03
3.257055099685543260e-03
2.932783392441266554e-03
2.732686860265634999e-03
2.618261131737506520e-03
2.339006835597175465e-03
2.369638041701497156e-03
2.067556962091928602e-03
1.967548932053740998e-03
1.870028787662630140e-03
1.778280009663600570e-03
1.661021980450707756e-03
1.577275723313094477e-03
1.504491823206709775e-03
1.452883283097852968e-03
1.369766554878981864e-03
1.315883460568586204e-03
1.237241686362630395e-03
1.210863327299005997e-03
1.158108573841946541e-03
1.108794642244723518e-03
1.064199987235633568e-03
1.027454289026142990e-03
9.689201121937875312e-04
9.188676559432003331e-04
9.107766978426084289e-04
8.646427599863117227e-04
8.409109703356767692e-04
8.079124168711005046e-04
7.717825699705049749e-04
7.548345711341463956e-04
7.343184169553953122e-04
7.123490149987959669e-04
6.870718145895509050e-04
6.830387186886020812e-04
6.494035212641312543e-04
6.236028544233485982e-04
6.052544625069805791e-04
5.646922359638827582e-04
4.604964894508226081e-04
4.057094118288134300e-04
3.593985873294720888e-04
3.201577251633640946e-04
2.858445348185504990e-04
2.581927096777402093e-04
2.365012953222543537e-04
2.155999122810725913e-04
1.985510106836663982e-04
1.795937422793196069e-04
1.658005812122119763e-04
1.526452520433703593e-04
1.408364903564939127e-04
1.313934952989779593e-04
1.212774797472791457e-04
1.140784242187302676e-04
1.055111050476695647e-04
9.887552010458857928e-05
9.171858374125339234e-05
8.680737703387826393e-05
8.179571510328584360e-05
7.700961305727471208e-05
7.223626651713349438e-05
6.840546486924451851e-05
6.369701378713507243e-05
6.013318902414667189e-05
5.639711594762291091e-05
5.402646260019250098e-05
5.093705344839554095e-05
4.818480188631672523e-05
4.585375146038491481e-05
4.343044337198801141e-05
4.092913698037622738e-05
3.899440778032509081e-05
3.706893311679878634e-05
3.511376288265992402e-05
3.335513519385146998e-05
3.183913124125190670e-05
3.031312963289569526e-05
2.887196479179274380e-05
2.751699839385030559e-05
2.618575356816118719e-05
2.487837955159768227e-05
2.394623528026805081e-05
2.306929817106413878e-05
2.162404982838253098e-05
2.076297130273159968e-05
1.973491180851046799e-05
1.886341070075807919e-05
1.820021859034496404e-05
1.740653254113905095e-05
1.676390614801788974e-05
1.596614129802891347e-05
1.513117075314219922e-05
1.448222271868382203e-05
1.379504059587982163e-05
1.340386246763881448e-05
1.269628880920938342e-05
1.217813048268947355e-05
