2.205240448704689582e-04
2.348150242358462475e-04
2.506057773850092199e-04
2.670553841990280439e-04
2.850871845739487930e-04
3.029588850102630268e-04
3.192259230142180837e-04
3.374895612264012428e-04
3.624946786664242086e-04
3.906093401907293600e-04
4.092807954589640904e-04
4.378515216010838373e-04
4.688658133356090447e-04
5.004272129876623492e-04
5.353145215499904288e-04
5.780028947581487440e-04
6.225172961258823362e-04
6.615670277579583161e-04
7.137854236653076809e-04
7.719211438502862404e-04
8.338169092041332331e-04
8.510867226954206815e-04
8.747495265994451171e-04
8.784309602538481476e-04
8.942400547616561777e-04
9.047375605987737499e-04
9.222194633059072576e-04
9.304309905059203337e-04
9.451645033420262272e-04
9.634842558214555108e-04
9.939399723465991779e-04
9.989221955267178245e-04
1.015666171286208229e-03
1.033865622446732959e-03
1.049922367825863092e-03
1.064242435174719576e-03
1.090841936359636475e-03
1.106651938211414754e-03
1.123613619698741843e-03
1.138302923744683717e-03
1.162192380075052637e-03
1.195167700072368583e-03
1.203997550990800565e-03
1.231510801627072561e-03
1.234982938241224000e-03
1.280776683166800220e-03
1.290218824489966628e-03
1.335634767273321307e-03
1.346506092760808068e-03
1.370891857285636527e-03
1.411940656258848896e-03
1.428826339274519080e-03
1.444276435678936484e-03
1.476387252217131523e-03
1.498462304317050610e-03
1.533157497457874642e-03
1.573107923563177128e-03
1.583020125072042870e-03
1.625749624106300178e-03
1.648858511962923452e-03
1.697977294209042148e-03
1.726598081579070517e-03
1.758260757339048450e-03
1.793331215697449707e-03
1.836815586490784863e-03
1.873146300668464314e-03
1.921475881581888182e-03
1.946858302854540370e-03
1.983270545649429371e-03
2.055000533671299395e-03
2.094215645294968467e-03
2.112870406503215837e-03
2.182269184997190012e-03
2.240956587436370058e-03
2.282258568069267957e-03
2.307970758940626390e-03
2.394880373123033177e-03
2.471578704715846325e-03
2.475402801372247885e-03
2.575231072530582976e-03
2.613046478530232312e-03
2.666151567298486683e-03
2.741446158329777488e-03
2.825397147766615241e-03
2.863429278194011898e-03
2.977948481933750512e-03
3.069044459691292349e-03
3.146938952021630098e-03
3.231558203458464746e-03
3.289886913512906925e-03
3.415387152917686089e-03
3.459336025030002731e-03
3.560759040958911322e-03
3.674914708934029581e-03
3.765757622609167132e-03
3.920387540241686460e-03
4.039459764829931611e-03
4.120045136912935113e-03
4.224271983477933569e-03
4.380099098267767332e-03
4.531318235673354421e-03
4.667282885676971894e-03
4.834799716025995307e-03
4.977323757469228477e-03
5.122833366145053760e-03
5.324855984369581373e-03
5.485192777709217184e-03
5.690409660933692763e-03
5.867022882903522377e-03
6.046013347173513283e-03
6.368491693683549400e-03
6.580983873049712704e-03
6.767848486662467189e-03
7.076922584934799629e-03
7.378270403566740063e-03
7.618498138777307811e-03
7.903423779250677572e-03
8.178577367709573970e-03
8.580495615261234804e-03
9.024779700389886847e-03
9.360401196519284317e-03
9.772740315084188154e-03
1.032550835730786098e-02
1.071120034010295333e-02
1.119526653359830329e-02
1.170794525612968949e-02
1.233047721172551153e-02
1.286235703510516144e-02
1.364435473757236693e-02
1.440373339140505610e-02
1.510580189714593596e-02
1.626516804236026806e-02
1.712762359689801520e-02
1.791840221823768134e-02
1.888165098388742968e-02
1.992260600808143031e-02
2.152957094483362935e-02
2.241420182656335067e-02
2.436073081704627497e-02
2.565953854618617178e-02
2.748787175800132890e-02
2.880184940184705653e-02
3.076273762741464635e-02
3.275691538369370631e-02
3.470445649705010405e-02
3.694724643055040392e-02
3.904935182278228278e-02
4.104188417513981307e-02
4.332252745131515148e-02
4.501163825545727304e-02
4.631694274117970078e-02
4.710522289018331116e-02
4.842097000304289994e-02
4.850485536303905665e-02
4.699699367872942068e-02
4.745520833143907630e-02
4.503087502797771535e-02
4.375885765560720564e-02
4.005759930499367544e-02
3.789105005836802126e-02
3.465535568214696271e-02
3.091526718818426306e-02
2.744249054390390102e-02
2.440630338641379404e-02
2.150101484121866302e-02
1.922447573405965116e-02
1.659461200009305915e-02
1.506629642027342703e-02
1.282445279101977233e-02
1.069375838245705153e-02
9.797768780333527064e-03
8.186158908367543313e-03
7.693536417764820952e-03
5.900163454556413278e-03
5.814896740912423381e-03
4.820548579393991138e-03
4.282947318730999549e-03
3.863088815561123608e-03
3.556384302873532785e-03
3.383774679992029681e-03
2.908481943305841078e-03
2.823973728957480337e-03
2.579606090194600833e-03
2.326504672859385468e-03
2.165020692140848246e-03
1.868354235238886335e-03
1.765254590421201685e-03
1.670626462345554345e-03
1.586333883814619898e-03
1.468461809233599299e-03
1.390461492649384132e-03
1.342355998020576709e-03
1.262947994744440406e-03
1.181337779988750640e-03
1.127497976842969235e-03
1.072434813970745771e-03
1.027974448650180450e-03
9.756324996009328211e-04
9.333434742078215544e-04
8.908010009483568288e-04
8.488343899607874278e-04
8.210600527423913761e-04
7.820196693033593799e-04
7.458440808673994296e-04
7.135417553280918928e-04
6.943310139474676013e-04
6.631303256391056890e-04
6.374687331604472589e-04
6.205184734278288653e-04
5.822579365838606840e-04
5.700234356743078424e-04
5.797134614267028746e-04
5.280908971589452728e-04
5.128121191089812184e-04
4.922713911468659448e-04
4.806239847426579232e-04
4.646648372120091327e-04
4.423585409828529789e-04
4.377457310853002806e-04
4.203736903229241310e-04
4.089540906248917071e-04
3.535922769937193148e-04
3.094357587373540810e-04
2.716043381105837443e-04
2.427498473509433750e-04
2.182555053347268257e-04
1.952511785025656929e-04
1.759142930966360423e-04
1.614421720988473837e-04
1.454124707940795665e-04
1.320753344145607117e-04
1.224239959322059846e-04
1.120389984824842074e-04
1.037830897746752076e-04
9.594678785791865426e-05
8.848655356632841615e-05
8.201524063289110193e-05
7.677885140447070439e-05
7.192361732876085970e-05
6.633821512569552427e-05
6.273610439559397988e-05
5.891372188793564195e-05
5.525363932959737474e-05
5.164586115441224920e-05
4.868322920193462756e-05
4.566021892225253202e-05
4.374068347056502676e-05
4.082120660289091749e-05
3.847639373051517359e-05
4.030420294657483443e-05
3.441981520818674582e-05
3.237939828927229355e-05
3.116143661669129003e-05
2.937999554653114605e-05
2.800012162948552205e-05
2.633677184529004380e-05
2.522837993449001702e-05
2.380807229278558137e-05
2.261829035334014893e-05
2.153872378020770984e-05
2.039976432917163556e-05
1.962759504875550908e-05
1.852320106517057455e-05
1.768936742429059412e-05
1.682676042403746680e-05
1.612355992338223090e-05
1.546706586475711908e-05
1.480918834008892668e-05
1.404900412408763637e-05
1.352267816933301952e-05
1.286891852237175323e-05
1.229971403950175940e-05
1.172873067065495014e-05
1.125651026850270062e-05
1.076318729036306371e-05
1.031835767303098558e-05
9.824292117091445886e-06
9.351705787972010644e-06
8.984751985415398228e-06
8.633509685871807699e-06
8.302092596781897308e-06
