1.097196710070430686e-05
1.159988740133448826e-05
1.237520566500759812e-05
1.308177363461197677e-05
1.395921531903295497e-05
1.485105221599865945e-05
1.591062092987966889e-05
1.686772715680597316e-05
1.785382526100033469e-05
1.903120728364750275e-05
2.034039152641893325e-05
2.182883941133220636e-05
2.321385751266684091e-05
2.501791723867418217e-05
2.680308638780096276e-05
2.864373877742254178e-05
3.047003086526906861e-05
3.315250389545852525e-05
3.518348174190755352e-05
3.812472740299503195e-05
4.087093760800705614e-05
4.198921188812309609e-05
4.215303609199258202e-05
4.313222706288416715e-05
4.367152237215154569e-05
4.406782644554745119e-05
4.523863725874360711e-05
4.607610549926862694e-05
4.641128775853088433e-05
4.768387449680612289e-05
4.817627937849037470e-05
4.891195898952126371e-05
5.003027344739307256e-05
5.090170953434989333e-05
5.109234776806540791e-05
5.262125297322082493e-05
5.320190644835448091e-05
5.375434811858070198e-05
5.505683483285502938e-05
5.614967831426113129e-05
5.708312825201996145e-05
5.787616657057217457e-05
5.920484546740964894e-05
6.000379033402483626e-05
6.047203094861202679e-05
6.196385029506188888e-05
6.305034134070448208e-05
6.463165482697252439e-05
6.555145828119296567e-05
6.653944732508457443e-05
6.835150665171844649e-05
6.910045634492700155e-05
7.046912724270208489e-05
7.185608778851556341e-05
7.342215707079939005e-05
7.423788739335485749e-05
7.618818779832075454e-05
7.706884011081552397e-05
7.829703219984097810e-05
8.078741853753892033e-05
8.238583120012686644e-05
8.336842754557185467e-05
8.558164355566925128e-05
8.725192526618820704e-05
8.872453756286852677e-05
9.041248915972866071e-05
9.138705931685256131e-05
9.346262016554987562e-05
9.581425013232158121e-05
9.811742188297031320e-05
1.004496453157122164e-04
1.025893296641442392e-04
1.035359529683452717e-04
1.060578210425253403e-04
1.097212944285845152e-04
1.123214517297179197e-04
1.139550713792695765e-04
1.178872841396635712e-04
1.188924683702002487e-04
1.223484026143473939e-04
1.239469110005229793e-04
1.273635347395141637e-04
1.305785305503190732e-04
1.327742291763552203e-04
1.369475528693788065e-04
1.405892834138857490e-04
1.424909725904491492e-04
1.468643384153194985e-04
1.497503962509519262e-04
1.540442183429896483e-04
1.578969251356293526e-04
1.609644673054458439e-04
1.649875745454881283e-04
1.704153000482957125e-04
1.748379559687161409e-04
1.772355336925460006e-04
1.829156254758881710e-04
1.873278825029557398e-04
1.923287663425556223e-04
1.974998267661138098e-04
2.009723981876224413e-04
2.061833019394856492e-04
2.137203660205582974e-04
2.198784694670093327e-04
2.236515537027773442e-04
2.296266843880626334e-04
2.355340679676247721e-04
2.451715349371788913e-04
2.512555535024702360e-04
2.566447030716561151e-04
2.636722282353839400e-04
2.717555370703163232e-04
2.788416761380164478e-04
2.863050276878876719e-04
2.946554265335224270e-04
3.006124258157025914e-04
3.090471580601280937e-04
3.164720899729119214e-04
3.265313274074901385e-04
3.341416074564306816e-04
3.419897101094278107e-04
3.527267819332311470e-04
3.598147239591144124e-04
3.689837625936868482e-04
3.775722061382094847e-04
3.841536703602935134e-04
3.947736795479980148e-04
4.024107906220196940e-04
4.090026845395996449e-04
4.163756333219452584e-04
4.243104665701854356e-04
4.346436038477783314e-04
4.411518543079152410e-04
4.463950143515242391e-04
4.516983845323738222e-04
4.592627748688484965e-04
4.634968434401703355e-04
4.667508761986570204e-04
4.720263190696803008e-04
4.750562905912041620e-04
4.762374940464351785e-04
4.788797256495778412e-04
4.794951177610619992e-04
4.763155831902101496e-04
4.715640197476814633e-04
4.703848997325243389e-04
4.716439491904910689e-04
4.641511961527456796e-04
4.585280465377960081e-04
4.510150323928726495e-04
4.415222833830723982e-04
4.334644799223348870e-04
4.259787758409672425e-04
4.149173133081865764e-04
4.023695312348962651e-04
3.938306110902526345e-04
3.822806816227424941e-04
3.682958879297165526e-04
3.568427997203437764e-04
3.475668969111908244e-04
3.327199922917218645e-04
3.142927208414757895e-04
3.057687038469180762e-04
2.858260174571550087e-04
2.770850835257056602e-04
2.616411105533756015e-04
2.558170970491917967e-04
2.435465696454053655e-04
2.308316854515483582e-04
2.196300190053943817e-04
2.062702935092316917e-04
2.003570580886841377e-04
1.856725588127577117e-04
1.788774420076619188e-04
1.650898352890220228e-04
1.595082524536265442e-04
1.490268635665892695e-04
1.417147538296607812e-04
1.362610265587811231e-04
1.256992152850897808e-04
1.183056179513500159e-04
1.130787585825719248e-04
1.060804163194655966e-04
1.004409087287295337e-04
9.524753044349955409e-05
8.930091274846822628e-05
8.353490446054938736e-05
8.213103861136649482e-05
7.877642978387835993e-05
7.217658440914319763e-05
6.772547781685898862e-05
6.713831118472798974e-05
6.134770036067725631e-05
5.860708146782996248e-05
5.721313830563684323e-05
5.329146903922964465e-05
5.113858302554472350e-05
5.076549970835393248e-05
4.694855523277892807e-05
4.542466968647523054e-05
4.242589987498447928e-05
4.017040236217868740e-05
3.922468613198719367e-05
3.781125205401948930e-05
3.687209361658347470e-05
3.465350531543166432e-05
3.359512578249388304e-05
3.163286125924659009e-05
3.002538139928745894e-05
2.961982110271414728e-05
2.912435628601562460e-05
2.738773096996547225e-05
2.741498076858391635e-05
2.643432751941348071e-05
2.541284565116544642e-05
2.394419175853798639e-05
2.276037573049975501e-05
2.227782742015255266e-05
2.151813394294453105e-05
2.123378588429736778e-05
2.064938385819730841e-05
1.797954376841485633e-05
1.532795112839452359e-05
1.340831965166306188e-05
1.189629065832463101e-05
1.083335801764300894e-05
9.660989255538111566e-06
8.763889962633727892e-06
7.997458022158491364e-06
7.246320581248978971e-06
6.585310503932053836e-06
6.070007119815652495e-06
5.546179014368199127e-06
5.143595610833180714e-06
4.762448709465819742e-06
4.427576767590447051e-06
4.055596982714289368e-06
3.878310772997456998e-06
3.551754799485651490e-06
3.338473573370465583e-06
3.098812195286131291e-06
2.923400474970000596e-06
2.757418163029723218e-06
2.555813546024065436e-06
2.423144708188789784e-06
2.275605040017750357e-06
2.155119463513757566e-06
2.051986009162415995e-06
1.931886661826079345e-06
1.827201141886793587e-06
1.701203477093636448e-06
1.615437754198303301e-06
1.533967620412980773e-06
1.449768338048822341e-06
1.378883564528515241e-06
1.293802137865676382e-06
1.248236747349672318e-06
1.174825398566475916e-06
1.137622407748330092e-06
1.067642583120392336e-06
1.028437022226879694e-06
9.710848663508701174e-07
9.257511436275676685e-07
8.783451968252649062e-07
8.455349616498972236e-07
8.013902906424482304e-07
7.707735474522162411e-07
7.336290001258791654e-07
6.979587069320555226e-07
6.720192947136416544e-07
6.344182377637084067e-07
6.144587160220828491e-07
5.790996826377533426e-07
5.557388542677222833e-07
5.338745183397280602e-07
5.113786916609418007e-07
4.854064079592493475e-07
4.649526979537888842e-07
4.477167390366399100e-07
4.288216338835489004e-07
4.153471847908312252e-07
