1.097196710070430774e-03
1.159988740133449138e-03
1.237520566500759913e-03
1.308177363461197548e-03
1.395921531903295335e-03
1.485105221599865646e-03
1.591062092987967011e-03
1.686772715680597261e-03
1.785382526100033618e-03
1.903120728364750139e-03
2.034039152641893122e-03
2.182883941133220446e-03
2.321385751266684307e-03
2.501791723867418434e-03
2.680308638780096262e-03
2.864373877742254233e-03
3.047003086526906684e-03
3.315250389545852661e-03
3.518348174190755271e-03
3.812472740299503900e-03
4.087093760800705397e-03
4.198921188812309961e-03
4.215303609199257118e-03
4.313222706288416877e-03
4.367152237215155518e-03
4.406782644554745228e-03
4.523863725874360982e-03
4.607610549926863426e-03
4.641128775853088813e-03
4.768387449680612858e-03
4.817627937849037686e-03
4.891195898952126371e-03
5.003027344739307582e-03
5.090170953434988710e-03
5.109234776806540791e-03
5.262125297322082194e-03
5.320190644835447874e-03
5.375434811858069602e-03
5.505683483285502694e-03
5.614967831426113075e-03
5.708312825201996253e-03
5.787616657057217430e-03
5.920484546740965165e-03
6.000379033402482298e-03
6.047203094861203221e-03
6.196385029506188726e-03
6.305034134070448479e-03
6.463165482697252710e-03
6.555145828119297163e-03
6.653944732508457714e-03
6.835150665171845462e-03
6.910045634492699776e-03
7.046912724270208706e-03
7.185608778851557479e-03
7.342215707079939764e-03
7.423788739335485803e-03
7.618818779832075942e-03
7.706884011081552126e-03
7.829703219984099002e-03
8.078741853753890895e-03
8.238583120012686264e-03
8.336842754557186388e-03
8.558164355566924911e-03
8.725192526618819402e-03
8.872453756286851484e-03
9.041248915972865258e-03
9.138705931685255426e-03
9.346262016554987562e-03
9.581425013232159477e-03
9.811742188297032513e-03
1.004496453157122278e-02
1.025893296641442430e-02
1.035359529683452934e-02
1.060578210425253652e-02
1.097212944285845190e-02
1.123214517297179381e-02
1.139550713792695721e-02
1.178872841396635777e-02
1.188924683702002709e-02
1.223484026143473874e-02
1.239469110005229739e-02
1.273635347395141691e-02
1.305785305503190559e-02
1.327742291763552365e-02
1.369475528693787914e-02
1.405892834138857371e-02
1.424909725904491622e-02
1.468643384153195050e-02
1.497503962509519164e-02
1.540442183429896646e-02
1.578969251356293624e-02
1.609644673054458353e-02
1.649875745454881457e-02
1.704153000482956995e-02
1.748379559687161452e-02
1.772355336925460212e-02
1.829156254758881883e-02
1.873278825029557268e-02
1.923287663425556071e-02
1.974998267661138424e-02
2.009723981876224488e-02
2.061833019394856623e-02
2.137203660205582931e-02
2.198784694670093826e-02
2.236515537027773323e-02
2.296266843880626421e-02
2.355340679676247787e-02
2.451715349371789282e-02
2.512555535024702316e-02
2.566447030716560718e-02
2.636722282353839639e-02
2.717555370703163276e-02
2.788416761380164630e-02
2.863050276878876046e-02
2.946554265335224465e-02
3.006124258157025914e-02
3.090471580601281132e-02
3.164720899729119019e-02
3.265313274074901906e-02
3.341416074564305949e-02
3.419897101094278302e-02
3.527267819332311621e-02
3.598147239591144297e-02
3.689837625936868287e-02
3.775722061382094652e-02
3.841536703602934505e-02
3.947736795479980104e-02
4.024107906220196484e-02
4.090026845395997035e-02
4.163756333219452432e-02
4.243104665701854378e-02
4.346436038477782815e-02
4.411518543079152865e-02
4.463950143515241914e-02
4.516983845323738200e-02
4.592627748688484640e-02
4.634968434401703224e-02
4.667508761986569749e-02
4.720263190696803723e-02
4.750562905912041056e-02
4.762374940464352002e-02
4.788797256495777588e-02
4.794951177610620036e-02
4.763155831902101539e-02
4.715640197476814177e-02
4.703848997325243281e-02
4.716439491904911296e-02
4.641511961527457208e-02
4.585280465377960385e-02
4.510150323928727167e-02
4.415222833830723115e-02
4.334644799223349304e-02
4.259787758409672859e-02
4.149173133081866111e-02
4.023695312348962716e-02
3.938306110902526497e-02
3.822806816227424659e-02
3.682958879297165700e-02
3.568427997203437591e-02
3.475668969111908591e-02
3.327199922917218472e-02
3.142927208414757895e-02
3.057687038469180524e-02
2.858260174571550238e-02
2.770850835257056624e-02
2.616411105533756817e-02
2.558170970491917967e-02
2.435465696454053308e-02
2.308316854515483560e-02
2.196300190053943405e-02
2.062702935092316711e-02
2.003570580886841757e-02
1.856725588127577237e-02
1.788774420076618896e-02
1.650898352890220466e-02
1.595082524536265561e-02
1.490268635665892641e-02
1.417147538296607660e-02
1.362610265587811502e-02
1.256992152850897743e-02
1.183056179513500110e-02
1.130787585825719296e-02
1.060804163194656140e-02
1.004409087287295305e-02
9.524753044349956385e-03
8.930091274846821761e-03
8.353490446054939386e-03
8.213103861136649211e-03
7.877642978387834963e-03
7.217658440914319871e-03
6.772547781685899458e-03
6.713831118472799245e-03
6.134770036067725522e-03
5.860708146782996411e-03
5.721313830563684241e-03
5.329146903922965008e-03
5.113858302554473434e-03
5.076549970835392625e-03
4.694855523277892753e-03
4.542466968647522647e-03
4.242589987498449067e-03
4.017040236217869417e-03
3.922468613198719367e-03
3.781125205401948686e-03
3.687209361658347253e-03
3.465350531543166107e-03
3.359512578249388738e-03
3.163286125924658684e-03
3.002538139928745582e-03
2.961982110271414118e-03
2.912435628601562840e-03
2.738773096996546981e-03
2.741498076858391812e-03
2.643432751941347542e-03
2.541284565116544263e-03
2.394419175853798598e-03
2.276037573049975813e-03
2.227782742015255429e-03
2.151813394294452807e-03
2.123378588429736778e-03
2.064938385819730868e-03
1.797954376841486013e-03
1.532795112839452183e-03
1.340831965166306046e-03
1.189629065832463169e-03
1.083335801764300724e-03
9.660989255538111973e-04
8.763889962633727689e-04
7.997458022158490144e-04
7.246320581248979174e-04
6.585310503932054107e-04
6.070007119815652935e-04
5.546179014368199161e-04
5.143595610833180849e-04
4.762448709465819606e-04
4.427576767590446949e-04
4.055596982714289029e-04
3.878310772997458082e-04
3.551754799485651575e-04
3.338473573370465803e-04
3.098812195286130850e-04
2.923400474970000765e-04
2.757418163029723489e-04
2.555813546024065250e-04
2.423144708188789851e-04
2.275605040017750441e-04
2.155119463513757803e-04
2.051986009162416215e-04
1.931886661826079192e-04
1.827201141886793849e-04
1.701203477093636389e-04
1.615437754198303369e-04
1.533967620412980714e-04
1.449768338048822104e-04
1.378883564528515207e-04
1.293802137865676162e-04
1.248236747349672335e-04
1.174825398566475831e-04
1.137622407748330134e-04
1.067642583120392353e-04
1.028437022226879889e-04
9.710848663508701004e-05
9.257511436275677320e-05
8.783451968252650374e-05
8.455349616498972448e-05
8.013902906424483913e-05
7.707735474522162242e-05
7.336290001258791442e-05
6.979587069320555522e-05
6.720192947136416925e-05
6.344182377637083898e-05
6.144587160220828703e-05
5.790996826377532833e-05
5.557388542677222325e-05
5.338745183397279967e-05
5.113786916609418135e-05
4.854064079592493433e-05
4.649526979537887614e-05
4.477167390366398083e-05
4.288216338835488877e-05
4.153471847908311892e-05
