-7.000000000000000000e+00
-6.990000000000006430e+00
-6.980000000000010196e+00
-6.970000000000016627e+00
-6.960000000000004405e+00
-6.950000000000006395e+00
-6.940000000000013713e+00
-6.929999999999990834e+00
-6.919999999999998153e+00
-6.910000000000000142e+00
-6.899999999999987921e+00
-6.889999999999994351e+00
-6.879999999999996341e+00
-6.870000000000004547e+00
-6.860000000000010090e+00
-6.850000000000013856e+00
-6.840000000000020286e+00
-6.830000000000007176e+00
-6.820000000000010054e+00
-6.810000000000017373e+00
-6.799999999999995381e+00
-6.789999999999999147e+00
-6.780000000000005578e+00
-6.769999999999992468e+00
-6.759999999999994458e+00
-6.750000000000000888e+00
-6.740000000000008207e+00
-6.730000000000015525e+00
-6.720000000000016627e+00
-6.710000000000003517e+00
-6.700000000000009948e+00
-6.690000000000013713e+00
-6.680000000000020144e+00
-6.669999999999999929e+00
-6.660000000000003695e+00
-6.650000000000010125e+00
-6.639999999999997016e+00
-6.629999999999999005e+00
-6.620000000000005436e+00
-6.610000000000012754e+00
-6.600000000000019185e+00
-6.590000000000021174e+00
-6.580000000000008065e+00
-6.570000000000014495e+00
-6.560000000000015596e+00
-6.549999999999998046e+00
-6.540000000000004476e+00
-6.530000000000009130e+00
-6.519999999999993356e+00
-6.509999999999999787e+00
-6.500000000000003553e+00
-6.490000000000009983e+00
-6.480000000000017302e+00
-6.470000000000018403e+00
-6.460000000000024833e+00
-6.450000000000011724e+00
-6.440000000000012825e+00
-6.430000000000019256e+00
-6.420000000000003482e+00
-6.410000000000009912e+00
-6.400000000000012790e+00
-6.389999999999997904e+00
-6.380000000000004334e+00
-6.370000000000007212e+00
-6.360000000000013642e+00
-6.350000000000020073e+00
-6.340000000000022951e+00
-6.330000000000029381e+00
-6.320000000000014495e+00
-6.310000000000015596e+00
-6.300000000000022027e+00
-6.290000000000008917e+00
-6.280000000000016236e+00
-6.270000000000017337e+00
-6.260000000000002451e+00
-6.250000000000008882e+00
-6.240000000000009983e+00
-6.230000000000018190e+00
-6.220000000000024620e+00
-6.209983580000027814e+00
-6.200000000000033928e+00
-6.190000000000017266e+00
-6.180000000000019256e+00
-6.170000000000026574e+00
-6.160000000000014353e+00
-6.150000000000014566e+00
-6.140000000000022773e+00
-6.130000000000006999e+00
-6.120000000000008100e+00
-6.110000000000014531e+00
-6.100000000000021849e+00
-6.090000000000029168e+00
-6.080000000000029381e+00
-6.070000000000013607e+00
-6.059983880000020307e+00
-6.050000000000022915e+00
-6.040000000000011582e+00
-6.030000000000018012e+00
-6.020000000000020890e+00
-6.010000000000027320e+00
-6.000000000000011546e+00
-5.989984020000012954e+00
-5.980000000000019078e+00
-5.970000000000026397e+00
-5.960000000000032827e+00
-5.950000000000033928e+00
-5.940000000000018154e+00
-5.930000000000023697e+00
-5.920000000000023910e+00
-5.910000000000017017e+00
-5.900000000000023448e+00
-5.890000000000025437e+00
-5.880000000000007887e+00
-5.870000000000015206e+00
-5.860000000000017195e+00
-5.850000000000023626e+00
-5.840000000000030944e+00
-5.829984340000030407e+00
-5.819984360000037604e+00
-5.810000000000020037e+00
-5.800000000000022027e+00
-5.790000000000027569e+00
-5.779984440000022872e+00
-5.769968920000029478e+00
-5.760000000000029985e+00
-5.750000000000012434e+00
-5.740000000000017977e+00
-5.729984540000020665e+00
-5.720000000000027285e+00
-5.709984580000032395e+00
-5.699984600000035151e+00
-5.690000000000042135e+00
-5.680000000000024585e+00
-5.670000000000024798e+00
-5.659984680000030188e+00
-5.650000000000028777e+00
-5.640000000000034319e+00
-5.630000000000035421e+00
-5.620000000000016982e+00
-5.609984780000024429e+00
-5.600000000000023626e+00
-5.590000000000030944e+00
-5.580000000000037375e+00
-5.569984860000039006e+00
-5.560000000000045794e+00
-5.550000000000026468e+00
-5.540000000000027569e+00
-5.530000000000033999e+00
-5.520000000000033324e+00
-5.510000000000032649e+00
-5.500000000000039968e+00
-5.490000000000021529e+00
-5.480000000000021743e+00
-5.470000000000028173e+00
-5.459985080000035573e+00
-5.450000000000041922e+00
-5.440000000000042135e+00
-5.430000000000022808e+00
-5.420000000000029239e+00
-5.410000000000030340e+00
-5.400000000000036771e+00
-5.390000000000037872e+00
-5.380000000000039861e+00
-5.370000000000045404e+00
-5.359985280000025831e+00
-5.350000000000026290e+00
-5.339985320000033120e+00
-5.330000000000040039e+00
-5.320000000000046469e+00
-5.309985380000046717e+00
-5.299985400000027269e+00
-5.290000000000032898e+00
-5.279985440000032781e+00
-5.269985460000036426e+00
-5.260000000000043308e+00
-5.249985500000044603e+00
-5.239985520000022490e+00
-5.230000000000029736e+00
-5.220000000000030838e+00
-5.209985580000036087e+00
-5.200000000000044587e+00
-5.189985620000044264e+00
-5.180000000000050342e+00
-5.169985660000029348e+00
-5.160000000000029452e+00
-5.150000000000034994e+00
-5.139985720000042058e+00
-5.130000000000048743e+00
-5.119985760000048458e+00
-5.109971560000026614e+00
-5.100000000000034284e+00
-5.090000000000034497e+00
-5.079985840000040831e+00
-5.070000000000047358e+00
-5.059957640000047441e+00
-5.050000000000054001e+00
-5.039971840000033509e+00
-5.030000000000033111e+00
-5.019985960000039604e+00
-5.009985980000046801e+00
-4.999986000000053110e+00
-4.990000000000052616e+00
-4.979986040000031977e+00
-4.969986060000039174e+00
-4.960000000000037268e+00
-4.949972200000044786e+00
-4.940000000000051017e+00
-4.929944560000052434e+00
-4.919972320000058019e+00
-4.910000000000036557e+00
-4.899986200000038039e+00
-4.890000000000043201e+00
-4.879958720000051819e+00
-4.869986260000049860e+00
-4.860000000000055387e+00
-4.849931500000036699e+00
-4.840000000000035385e+00
-4.829986340000042233e+00
-4.819972720000049726e+00
-4.810000000000055564e+00
-4.799972800000054107e+00
-4.790000000000035563e+00
-4.779972880000040725e+00
-4.770000000000041318e+00
-4.759972960000047770e+00
-4.749973000000053958e+00
-4.739973040000054816e+00
-4.729959620000060205e+00
-4.719973120000041433e+00
-4.709986580000039780e+00
-4.699946400000046154e+00
-4.689959860000053382e+00
-4.679986640000060483e+00
-4.669986660000057910e+00
-4.659986680000040238e+00
-4.650000000000045652e+00
-4.639960160000043743e+00
-4.629973480000051822e+00
-4.619973520000058009e+00
-4.609986780000058459e+00
-4.599960400000038696e+00
-4.589973640000044597e+00
-4.579973680000044567e+00
-4.570000000000050022e+00
-4.559973760000057830e+00
-4.549973800000056912e+00
-4.539960760000060880e+00
-4.529947760000045065e+00
-4.519947840000042127e+00
-4.509973960000048798e+00
-4.499935000000055751e+00
-4.489987020000062223e+00
-4.479987040000059650e+00
-4.469974120000043349e+00
-4.459987080000049176e+00
-4.449987100000049267e+00
-4.439948480000054154e+00
-4.430000000000060112e+00
-4.419935800000060588e+00
-4.409987180000065621e+00
-4.399948800000049509e+00
-4.389987220000047152e+00
-4.379974480000051962e+00
-4.370000000000060503e+00
-4.359961840000067035e+00
-4.349949200000063243e+00
-4.339974640000048289e+00
-4.329949360000052927e+00
-4.319949440000050878e+00
-4.309974760000058858e+00
-4.299974800000065045e+00
-4.289974840000064127e+00
-4.279974880000069426e+00
-4.269962380000052349e+00
-4.259962440000051309e+00
-4.249975000000056902e+00
-4.239987520000065402e+00
-4.229987540000061941e+00
-4.219962680000067579e+00
-4.209950320000052315e+00
-4.199975200000049647e+00
-4.189962860000055578e+00
-4.179950560000063930e+00
-4.169888940000068267e+00
-4.159950720000065161e+00
-4.149950800000051565e+00
-4.139938600000056645e+00
-4.129938700000056251e+00
-4.119914320000061636e+00
-4.109951120000067348e+00
-4.099939000000066613e+00
-4.089926920000070965e+00
-4.079939200000057831e+00
-4.069878600000054192e+00
-4.059939400000058818e+00
-4.049915300000066942e+00
-4.039939600000073128e+00
-4.029963820000069141e+00
-4.019867560000056628e+00
-4.009963940000060845e+00
-3.999964000000057585e+00
-3.989940100000065826e+00
-3.979928240000070616e+00
-3.969964180000069565e+00
-3.959940400000054428e+00
-3.949928600000060186e+00
-3.939904960000058853e+00
-3.929869540000063832e+00
-3.919905280000071546e+00
-3.909881800000067908e+00
-3.899905600000072692e+00
-3.889917540000061180e+00
-3.879882400000056908e+00
-3.869870860000062862e+00
-3.859859360000070350e+00
-3.849941500000074956e+00
-3.839883200000071106e+00
-3.829883400000059446e+00
-3.819941800000064891e+00
-3.809895420000062760e+00
-3.799895600000068097e+00
-3.789884200000073200e+00
-3.779942200000071750e+00
-3.769849980000076872e+00
-3.759838720000066026e+00
-3.749908000000061303e+00
-3.739919640000065826e+00
-3.729931240000073700e+00
-3.719885600000078618e+00
-3.709897220000074380e+00
-3.699908800000065057e+00
-3.689795160000069352e+00
-3.679875040000065045e+00
-3.669920620000072908e+00
-3.659818880000077268e+00
-3.649807900000074934e+00
-3.639943600000079549e+00
-3.629808580000068119e+00
-3.619797680000065743e+00
-3.609831700000070587e+00
-3.599832000000077858e+00
-3.589843480000073139e+00
-3.579810280000077949e+00
-3.569821760000069677e+00
-3.559844320000064233e+00
-3.549855700000069447e+00
-3.539789480000077315e+00
-3.529690320000081094e+00
-3.519834400000076080e+00
-3.509823680000068169e+00
-3.499813000000072893e+00
-3.489835300000069918e+00
-3.479780800000074947e+00
-3.469748380000080346e+00
-3.459781600000077173e+00
-3.449792900000081541e+00
-3.439858560000073950e+00
-3.429750220000069127e+00
-3.419772360000073341e+00
-3.409761960000080361e+00
-3.399827200000085092e+00
-3.389752060000080114e+00
-3.379720240000072984e+00
-3.369817420000077668e+00
-3.359678400000071896e+00
-3.349807400000079483e+00
-3.339754360000083189e+00
-3.329652220000080209e+00
-3.319659520000071584e+00
-3.309568580000076921e+00
-3.299713800000073416e+00
-3.289714340000077453e+00
-3.279736000000085028e+00
-3.269620560000078502e+00
-3.259726480000082915e+00
-3.249674500000077515e+00
-3.239748480000071762e+00
-3.229738500000076673e+00
-3.219718120000083506e+00
-3.209749920000087631e+00
-3.199771200000081528e+00
-3.189636700000077152e+00
-3.179668480000081399e+00
-3.169679460000077054e+00
-3.159690400000081834e+00
-3.149649800000086319e+00
-3.139629920000082119e+00
-3.129651160000086030e+00
-3.119692800000083199e+00
-3.109666740000076146e+00
-3.099632800000080124e+00
-3.089602980000087040e+00
-3.079563120000091914e+00
-3.069584260000084441e+00
-3.059615440000082121e+00
-3.049535400000086494e+00
-3.039580640000078660e+00
-3.029440640000086393e+00
-3.019592360000089570e+00
-3.009613220000085132e+00
-2.999460000000089721e+00
-2.989481040000085965e+00
-2.979462160000081017e+00
-2.969546760000083996e+00
-2.959543680000091825e+00
-2.949429800000083812e+00
-2.939545520000086842e+00
-2.929546440000086793e+00
-2.919419440000079025e+00
-2.909450080000083538e+00
-2.899376800000090348e+00
-2.889374080000093770e+00
-2.879609600000085923e+00
-2.869386380000086945e+00
-2.859449960000090218e+00
-2.849358100000084715e+00
-2.839457920000088453e+00
-2.829343120000092249e+00
-2.819354120000086894e+00
-2.809359460000090181e+00
-2.799278400000092315e+00
-2.789260760000083383e+00
-2.779302120000086695e+00
-2.769441140000094226e+00
-2.759280480000097846e+00
-2.749367500000088782e+00
-2.739213160000091740e+00
-2.729271580000094843e+00
-2.719197600000085924e+00
-2.709084840000093308e+00
-2.699229200000095918e+00
-2.689183940000089201e+00
-2.679199040000090903e+00
-2.669139380000094874e+00
-2.659151880000087953e+00
-2.649133800000091021e+00
-2.639025600000098226e+00
-2.629021180000088886e+00
-2.619098480000090934e+00
-2.609076780000096463e+00
-2.599052400000086305e+00
-2.588957480000090516e+00
-2.579010720000097123e+00
-2.568852360000100088e+00
-2.558946080000089385e+00
-2.549148600000096465e+00
-2.538837760000098864e+00
-2.528775840000092145e+00
-2.518923200000095619e+00
-2.508935640000098832e+00
-2.498746000000092060e+00
-2.488903460000094991e+00
-2.478843200000101721e+00
-2.468796160000091167e+00
-2.458862240000093458e+00
-2.448891500000100585e+00
-2.438666240000103791e+00
-2.428633840000093969e+00
-2.418585600000100921e+00
-2.408781200000102540e+00
-2.398635200000092560e+00
-2.388532960000099958e+00
-2.378611160000101865e+00
-2.368010540000095698e+00
-2.358542320000098780e+00
-2.348485500000102366e+00
-2.338486960000096371e+00
-2.328379920000098302e+00
-2.318452160000104900e+00
-2.308390820000095101e+00
-2.298137200000097025e+00
-2.288334900000104088e+00
-2.278123680000094353e+00
-2.268153200000097236e+00
-2.258175680000104268e+00
-2.248252500000105680e+00
-2.238087040000096284e+00
-2.228205560000103169e+00
-2.218082360000105169e+00
-2.207943840000099467e+00
-2.197897600000102258e+00
-2.187937380000104959e+00
-2.177820960000099504e+00
-2.168185200000101620e+00
-2.157885440000108623e+00
-2.148073800000099176e+00
-2.137697600000100451e+00
-2.127661900000107131e+00
-2.117828160000109872e+00
-2.107692640000100592e+00
-2.097674600000107414e+00
-2.087393500000108482e+00
-2.077448960000099820e+00
-2.067385800000106855e+00
-2.057352280000107392e+00
-2.047310300000103389e+00
-2.037393520000105873e+00
-2.027198940000108252e+00
-2.017410840000104066e+00
-2.007116700000104448e+00
-1.996852000000111316e+00
-1.987087480000103490e+00
-1.977258160000104015e+00
-1.967042800000110336e+00
-1.957046240000102300e+00
-1.946844700000104567e+00
-1.936872360000110760e+00
-1.926648760000111205e+00
-1.916689600000103244e+00
-1.906686120000110174e+00
-1.896652200000110478e+00
-1.886447180000107249e+00
-1.876274320000109075e+00
-1.866484380000110743e+00
-1.856188840000107865e+00
-1.846111700000108158e+00
-1.836038240000114286e+00
-1.826136800000107474e+00
-1.815751000000107362e+00
-1.805754500000113616e+00
-1.795905200000114776e+00
-1.785773920000107928e+00
-1.775870360000114001e+00
-1.765549660000113485e+00
-1.755540800000107149e+00
-1.745524500000113610e+00
-1.735502400000112910e+00
-1.725512740000111345e+00
-1.714928880000112343e+00
-1.704870180000113367e+00
-1.694938800000112211e+00
-1.685166220000111181e+00
-1.674974240000117742e+00
-1.664402680000111934e+00
-1.654770600000110781e+00
-1.644574700000116518e+00
-1.634474560000110710e+00
-1.624366500000111735e+00
-1.614189800000117359e+00
-1.603971860000116045e+00
-1.593552000000110658e+00
-1.583422580000116930e+00
-1.825766280000044928e+00
-2.428682999999887571e+00
-2.438720399999883881e+00
-2.448761999999880867e+00
-2.458821639999887676e+00
-2.468630299999884592e+00
-2.478618239999877737e+00
-2.488723859999888433e+00
-2.498881999999885917e+00
-2.508813359999879200e+00
-2.518881999999875720e+00
-2.528853379999885576e+00
-2.538855919999878807e+00
-2.549075799999875880e+00
-2.559105119999886657e+00
-2.569113419999879966e+00
-2.579010719999876855e+00
-2.589085999999884091e+00
-2.599047199999880764e+00
-2.608948919999877436e+00
-2.619196119999884331e+00
-2.629286979999881702e+00
-2.639081279999874408e+00
-2.649166999999883920e+00
-2.659183839999881283e+00
-2.669009959999876447e+00
-2.679269919999886618e+00
-2.689249599999882445e+00
-2.699088199999875481e+00
-2.709354019999872687e+00
-2.719424159999881851e+00
-2.729214819999878472e+00
-2.739321439999875096e+00
-2.749315999999880855e+00
-2.759362159999877218e+00
-2.769325119999873408e+00
-2.779199399999879194e+00
-2.789176119999875691e+00
-2.799251199999873485e+00
-2.809369079999882501e+00
-2.819425599999878962e+00
-2.829333459999871625e+00
-2.839399839999867670e+00
-2.849352399999875995e+00
-2.859533439999875082e+00
-2.869394379999871347e+00
-2.879506239999880091e+00
-2.889393639999872754e+00
-2.899464999999869175e+00
-2.909459899999874644e+00
-2.919433279999870123e+00
-2.929408399999873236e+00
-2.939500119999878258e+00
-2.949455499999874775e+00
-2.959656799999867083e+00
-2.969453299999874840e+00
-2.979541839999871655e+00
-2.989441119999872942e+00
-2.999629999999879892e+00
-3.009539079999875799e+00
-3.019467879999868654e+00
-3.029496999999864659e+00
-3.039566559999872464e+00
-3.049434399999874756e+00
-3.059635679999870295e+00
-3.069655239999875107e+00
-3.079567119999870428e+00
-3.089613159999865744e+00
-3.099622599999870332e+00
-3.109560539999866258e+00
-3.119754239999869228e+00
-3.129610119999875817e+00
-3.139722439999872439e+00
-3.149598299999865070e+00
-3.159690399999860233e+00
-3.169658779999867004e+00
-3.179606319999870756e+00
-3.189647079999867074e+00
-3.199625599999873504e+00
-3.209614459999866387e+00
-3.219686799999862181e+00
-3.229654819999865811e+00
-3.239706559999872670e+00
-3.249611499999867981e+00
-3.259694919999871932e+00
-3.269662719999868017e+00
-3.279704319999860562e+00
-3.289724919999866160e+00
-3.299724399999862445e+00
-3.309787599999868046e+00
-3.319680799999873866e+00
-3.329818779999869083e+00
-3.339754359999861588e+00
-3.349629499999857707e+00
-3.359796319999863723e+00
-3.369795939999869816e+00
-3.379795559999865251e+00
-3.389741279999868517e+00
-3.399816399999863403e+00
-3.409794419999858661e+00
-3.419826559999861626e+00
-3.429793659999857081e+00
-3.439808159999864667e+00
-3.449760199999869492e+00
-3.459759759999865292e+00
-3.469814019999858168e+00
-3.479791759999852907e+00
-3.489868239999858623e+00
-3.499845999999865676e+00
-3.509834699999861751e+00
-3.519801279999866139e+00
-3.529856219999858880e+00
-3.539844879999854310e+00
-3.549800199999857409e+00
-3.559822079999852118e+00
-3.569766059999862851e+00
-3.579910719999864988e+00
-3.589821119999860866e+00
-3.599787199999854082e+00
-3.609835699999858871e+00
-3.619865119999853942e+00
-3.629763539999863120e+00
-3.639853359999867255e+00
-3.649841799999862246e+00
-3.659875479999854964e+00
-3.669829899999850653e+00
-3.679840959999855166e+00
-3.689874819999864108e+00
-3.699851799999859470e+00
-3.709897219999861662e+00
-3.719805519999856980e+00
-3.729851019999851580e+00
-3.739839279999853439e+00
-3.749873499999849091e+00
-3.759919359999858823e+00
-3.769953839999863554e+00
-3.779872839999858680e+00
-3.789918939999851411e+00
-3.799918799999846275e+00
-3.809872179999850061e+00
-3.819930159999860741e+00
-3.829906719999855991e+00
-3.839929919999859997e+00
-3.849918099999852128e+00
-3.859917959999847437e+00
-3.869941299999848816e+00
-3.879847119999862315e+00
-3.889893979999857088e+00
-3.899881999999859072e+00
-3.909905439999854515e+00
-3.919905279999846837e+00
-3.929893259999849953e+00
-3.939904959999845246e+00
-3.949928599999858125e+00
-3.959868879999861591e+00
-3.969892539999855252e+00
-3.979916279999847539e+00
-3.989832279999843134e+00
-3.999915999999846150e+00
-4.009903839999859443e+00
-4.019903679999854873e+00
-4.029915579999855169e+00
-4.039939599999850195e+00
-4.049939499999844372e+00
-4.059939399999844767e+00
-4.069927159999840782e+00
-4.079939199999853550e+00
-4.089963459999856887e+00
-4.099877999999852030e+00
-4.109951119999844416e+00
-4.119926559999838034e+00
-4.129950959999841409e+00
-4.139889479999856015e+00
-4.149938499999850094e+00
-4.159913759999853688e+00
-4.169962979999845665e+00
-4.179950559999840110e+00
-4.189962859999840639e+00
-4.199937999999835192e+00
-4.209962739999852488e+00
-4.219925359999852965e+00
-4.229950159999847692e+00
-4.239937599999839435e+00
-4.249974999999842851e+00
-4.259987479999836957e+00
-4.269962379999852509e+00
-4.279937199999854336e+00
-4.289974839999849188e+00
-4.299936999999841802e+00
-4.309949519999835665e+00
-4.319999999999838636e+00
-4.329962019999853418e+00
-4.339961959999849128e+00
-4.349999999999848654e+00
-4.359974559999843180e+00
-4.369974519999837881e+00
-4.379961719999837300e+00
-4.389987219999832213e+00
-4.399974399999848629e+00
-4.409974359999851323e+00
-4.419974319999844248e+00
-4.429999999999837179e+00
-4.439987119999830867e+00
-4.449961299999833031e+00
-4.459987079999850224e+00
-4.469974119999845286e+00
-4.479948159999846524e+00
-4.489974039999838240e+00
-4.499999999999833022e+00
-4.509999999999833697e+00
-4.519973919999852541e+00
-4.529960819999845789e+00
-4.539999999999846381e+00
-4.549986899999840517e+00
-4.559999999999832632e+00
-4.569999999999834195e+00
-4.579973679999828740e+00
-4.589999999999846203e+00
-4.599999999999848654e+00
-4.609999999999842224e+00
-4.619960279999834718e+00
-4.629986739999828238e+00
-4.639946879999830465e+00
-4.649973399999848489e+00
-4.659986679999843062e+00
-4.669999999999842721e+00
-4.679986639999836662e+00
-4.689986619999829465e+00
-4.699973199999829987e+00
-4.709986579999823952e+00
-4.719973119999842481e+00
-4.729959619999844378e+00
-4.739932599999838736e+00
-4.749999999999830358e+00
-4.759999999999823928e+00
-4.769959379999825444e+00
-4.779999999999843929e+00
-4.789999999999838387e+00
-4.799999999999839950e+00
-4.809986379999831918e+00
-4.819999999999826201e+00
-4.829959019999826353e+00
-4.839986319999819209e+00
-4.849972599999841094e+00
-4.859999999999839559e+00
-4.869986259999834033e+00
-4.879986239999825948e+00
-4.889986219999827632e+00
-4.899958599999822084e+00
-4.909999999999841158e+00
-4.919986159999841568e+00
-4.929986139999835260e+00
-4.939972239999828041e+00
-4.949999999999821654e+00
-4.959999999999822329e+00
-4.969986059999842887e+00
-4.979999999999836113e+00
-4.989999999999835900e+00
-4.999985999999829289e+00
-5.009985979999822980e+00
-5.019985959999822001e+00
-5.029971879999816764e+00
-5.039999999999836611e+00
-5.049985899999837713e+00
-5.059999999999830855e+00
-5.069999999999823537e+00
-5.079999999999817106e+00
-5.089985819999817807e+00
-5.099999999999838884e+00
-5.109999999999832454e+00
-5.119971519999833021e+00
-5.129999999999825810e+00
-5.139999999999819380e+00
-5.149999999999818279e+00
-5.159985679999839370e+00
-5.169985659999833949e+00
-5.179985639999832969e+00
-5.189971239999827013e+00
-5.199999999999818989e+00
-5.209999999999819664e+00
-5.219985559999813063e+00
-5.229985539999832511e+00
-5.239985519999834196e+00
-5.249970999999827193e+00
-5.259985479999823355e+00
-5.269999999999816609e+00
-5.279999999999817284e+00
-5.289956259999836874e+00
-5.299999999999830180e+00
-5.309999999999829079e+00
-5.319999999999822649e+00
-5.329999999999816218e+00
-5.339999999999815117e+00
-5.349999999999808686e+00
-5.359999999999828013e+00
-5.369999999999828688e+00
-5.379999999999821370e+00
-5.389999999999820268e+00
-5.399999999999813838e+00
-5.409955539999813823e+00
-5.419999999999832063e+00
-5.429999999999825633e+00
-5.439999999999826308e+00
-5.449999999999818989e+00
-5.459999999999812559e+00
-5.469999999999811457e+00
-5.479970079999803900e+00
-5.489999999999823466e+00
-5.499984999999822044e+00
-5.509999999999815934e+00
-5.519999999999816609e+00
-5.529999999999817284e+00
-5.539999999999809965e+00
-5.549999999999828404e+00
-5.559999999999828191e+00
-5.569999999999821760e+00
-5.579999999999814442e+00
-5.589999999999808011e+00
-5.599984799999807805e+00
-5.609999999999826237e+00
-5.619999999999818918e+00
-5.629984739999817300e+00
-5.639984719999819873e+00
-5.649999999999814726e+00
-5.659984679999812585e+00
-5.669984659999806276e+00
-5.679999999999824745e+00
-5.689999999999823643e+00
-5.699999999999817213e+00
-5.709999999999809894e+00
-5.719984559999803153e+00
-5.729984539999803062e+00
-5.739999999999820801e+00
-5.749999999999813483e+00
-5.759999999999812381e+00
-5.769999999999818385e+00
-5.779999999999811067e+00
-5.789999999999809965e+00
-5.799999999999828404e+00
-5.809999999999821085e+00
-5.819999999999819096e+00
-5.829999999999812665e+00
-5.839999999999805347e+00
-5.849999999999806022e+00
-5.859999999999798703e+00
-5.869999999999814477e+00
-5.879999999999814264e+00
-5.889999999999806946e+00
-5.899999999999814726e+00
-5.909999999999808296e+00
-5.919999999999808082e+00
-5.929999999999823856e+00
-5.939984119999818013e+00
-5.949999999999815437e+00
-5.959999999999809006e+00
-5.969999999999802576e+00
-5.979984039999799883e+00
-5.989999999999794156e+00
-5.999999999999809930e+00
-6.009999999999808828e+00
-6.019983959999802181e+00
-6.029999999999811067e+00
-6.039999999999804636e+00
-6.049999999999804423e+00
-6.059999999999820197e+00
-6.069983859999814158e+00
-6.079999999999812665e+00
-6.089999999999804459e+00
-6.099999999999798916e+00
-6.109999999999796927e+00
-6.119999999999789608e+00
-6.129999999999805382e+00
-6.139999999999803393e+00
-6.149999999999796074e+00
-6.159999999999809184e+00
-6.169999999999808082e+00
-6.179999999999800764e+00
-6.189999999999815650e+00
-6.199999999999814548e+00
-6.209999999999808118e+00
-6.219999999999799911e+00
-6.229999999999793481e+00
-6.239999999999793268e+00
-6.249999999999808153e+00
-6.259999999999800835e+00
-6.269999999999798845e+00
-6.279999999999793303e+00
-6.289999999999805524e+00
-6.299999999999803535e+00
-6.309999999999796216e+00
-6.319999999999811990e+00
-6.329999999999810001e+00
-6.339999999999804459e+00
-6.349999999999796252e+00
-6.359999999999789821e+00
-6.369999999999788720e+00
-6.379999999999801830e+00
-6.389999999999795399e+00
-6.399999999999794298e+00
-6.409999999999810072e+00
-6.419999999999803642e+00
-6.429999999999799876e+00
-6.439999999999815650e+00
-6.449999999999809219e+00
-6.459999999999806342e+00
-6.469999999999799911e+00
-6.479983039999791750e+00
-6.489999999999790603e+00
-6.499999999999784173e+00
-6.509999999999797282e+00
-6.519999999999796181e+00
-6.529999999999789750e+00
-6.539999999999806413e+00
-6.549999999999799982e+00
-6.559999999999797993e+00
-6.569999999999811102e+00
-6.579999999999804672e+00
-6.589999999999801794e+00
-6.599999999999795364e+00
-6.609999999999788933e+00
-6.619999999999786056e+00
-6.629999999999778737e+00
-6.639999999999791847e+00
-6.649999999999790745e+00
-6.659999999999784315e+00
-6.669999999999801865e+00
-6.679982639999795246e+00
-6.689999999999794333e+00
-6.699999999999807443e+00
-6.709999999999801013e+00
-6.719999999999799023e+00
-6.729999999999790816e+00
-6.739999999999785274e+00
-6.749999999999781508e+00
-6.759999999999775078e+00
-6.769999999999788187e+00
-6.779999999999785310e+00
-6.789999999999777991e+00
-6.799999999999799094e+00
-6.809999999999796216e+00
-6.819999999999789786e+00
-6.829999999999802895e+00
-6.839999999999800906e+00
-6.849999999999794476e+00
-6.859999999999787157e+00
-6.869999999999779838e+00
-6.879999999999778737e+00
-6.889999999999790958e+00
-6.899999999999783640e+00
-6.909999999999781650e+00
-6.919999999999801865e+00
-6.929999999999796323e+00
-6.939999999999793445e+00
-6.949999999999786127e+00
-6.959999999999798348e+00
-6.969999999999796358e+00
-6.979999999999789928e+00
-6.989999999999781721e+00
