-1.000000000000000000e+00
-1.000000000000000000e+00
-1.000000000000000000e+00
-1.000000000000000000e+00
-1.000000000000000000e+00
-1.000000000000000000e+00
-1.000000000000000000e+00
-1.000000000000000000e+00
-1.000000000000000000e+00
-1.000000000000000000e+00
-1.000000000000000000e+00
-1.000000000000000000e+00
-1.000000000000000000e+00
-1.000000000000000000e+00
-1.000000000000000000e+00
-1.000000000000000000e+00
-1.000000000000000000e+00
-1.000000000000000000e+00
-1.000000000000000000e+00
-1.000000000000000000e+00
-1.000000000000000000e+00
-1.000000000000000000e+00
-1.000000000000000000e+00
-1.000000000000000000e+00
-1.000000000000000000e+00
-1.000000000000000000e+00
-1.000000000000000000e+00
-1.000000000000000000e+00
-1.000000000000000000e+00
-1.000000000000000000e+00
-1.000000000000000000e+00
-1.000000000000000000e+00
-1.000000000000000000e+00
-1.000000000000000000e+00
-1.000000000000000000e+00
-1.000000000000000000e+00
-1.000000000000000000e+00
-1.000000000000000000e+00
-1.000000000000000000e+00
-1.000000000000000000e+00
-1.000000000000000000e+00
-1.000000000000000000e+00
-1.000000000000000000e+00
-1.000000000000000000e+00
-1.000000000000000000e+00
-1.000000000000000000e+00
-1.000000000000000000e+00
-1.000000000000000000e+00
-1.000000000000000000e+00
-1.000000000000000000e+00
-1.000000000000000000e+00
-1.000000000000000000e+00
-1.000000000000000000e+00
-1.000000000000000000e+00
-1.000000000000000000e+00
-1.000000000000000000e+00
-1.000000000000000000e+00
-1.000000000000000000e+00
-1.000000000000000000e+00
-1.000000000000000000e+00
-1.000000000000000000e+00
-1.000000000000000000e+00
-1.000000000000000000e+00
-1.000000000000000000e+00
-1.000000000000000000e+00
-1.000000000000000000e+00
-1.000000000000000000e+00
-1.000000000000000000e+00
-1.000000000000000000e+00
-1.000000000000000000e+00
-1.000000000000000000e+00
-1.000000000000000000e+00
-1.000000000000000000e+00
-1.000000000000000000e+00
-1.000000000000000000e+00
-1.000000000000000000e+00
-1.000000000000000000e+00
-1.000000000000000000e+00
-1.000000000000000000e+00
-9.999980000000000535e-01
-1.000000000000000000e+00
-1.000000000000000000e+00
-1.000000000000000000e+00
-1.000000000000000000e+00
-1.000000000000000000e+00
-1.000000000000000000e+00
-1.000000000000000000e+00
-1.000000000000000000e+00
-1.000000000000000000e+00
-1.000000000000000000e+00
-1.000000000000000000e+00
-1.000000000000000000e+00
-1.000000000000000000e+00
-1.000000000000000000e+00
-9.999980000000000535e-01
-1.000000000000000000e+00
-1.000000000000000000e+00
-1.000000000000000000e+00
-1.000000000000000000e+00
-1.000000000000000000e+00
-1.000000000000000000e+00
-9.999980000000000535e-01
-1.000000000000000000e+00
-1.000000000000000000e+00
-1.000000000000000000e+00
-1.000000000000000000e+00
-1.000000000000000000e+00
-1.000000000000000000e+00
-1.000000000000000000e+00
-1.000000000000000000e+00
-1.000000000000000000e+00
-1.000000000000000000e+00
-1.000000000000000000e+00
-1.000000000000000000e+00
-1.000000000000000000e+00
-1.000000000000000000e+00
-1.000000000000000000e+00
-9.999980000000000535e-01
-9.999980000000000535e-01
-1.000000000000000000e+00
-1.000000000000000000e+00
-1.000000000000000000e+00
-9.999980000000000535e-01
-9.999959999999999960e-01
-1.000000000000000000e+00
-1.000000000000000000e+00
-1.000000000000000000e+00
-9.999980000000000535e-01
-1.000000000000000000e+00
-9.999980000000000535e-01
-9.999980000000000535e-01
-1.000000000000000000e+00
-1.000000000000000000e+00
-1.000000000000000000e+00
-9.999980000000000535e-01
-1.000000000000000000e+00
-1.000000000000000000e+00
-1.000000000000000000e+00
-1.000000000000000000e+00
-9.999980000000000535e-01
-1.000000000000000000e+00
-1.000000000000000000e+00
-1.000000000000000000e+00
-9.999980000000000535e-01
-1.000000000000000000e+00
-1.000000000000000000e+00
-1.000000000000000000e+00
-1.000000000000000000e+00
-1.000000000000000000e+00
-1.000000000000000000e+00
-1.000000000000000000e+00
-1.000000000000000000e+00
-1.000000000000000000e+00
-1.000000000000000000e+00
-9.999980000000000535e-01
-1.000000000000000000e+00
-1.000000000000000000e+00
-1.000000000000000000e+00
-1.000000000000000000e+00
-1.000000000000000000e+00
-1.000000000000000000e+00
-1.000000000000000000e+00
-1.000000000000000000e+00
-1.000000000000000000e+00
-9.999980000000000535e-01
-1.000000000000000000e+00
-9.999980000000000535e-01
-1.000000000000000000e+00
-1.000000000000000000e+00
-9.999980000000000535e-01
-9.999980000000000535e-01
-1.000000000000000000e+00
-9.999980000000000535e-01
-9.999980000000000535e-01
-1.000000000000000000e+00
-9.999980000000000535e-01
-9.999980000000000535e-01
-1.000000000000000000e+00
-1.000000000000000000e+00
-9.999980000000000535e-01
-1.000000000000000000e+00
-9.999980000000000535e-01
-1.000000000000000000e+00
-9.999980000000000535e-01
-1.000000000000000000e+00
-1.000000000000000000e+00
-9.999980000000000535e-01
-1.000000000000000000e+00
-9.999980000000000535e-01
-9.999959999999999960e-01
-1.000000000000000000e+00
-1.000000000000000000e+00
-9.999980000000000535e-01
-1.000000000000000000e+00
-9.999940000000000495e-01
-1.000000000000000000e+00
-9.999959999999999960e-01
-1.000000000000000000e+00
-9.999980000000000535e-01
-9.999980000000000535e-01
-9.999980000000000535e-01
-1.000000000000000000e+00
-9.999980000000000535e-01
-9.999980000000000535e-01
-1.000000000000000000e+00
-9.999959999999999960e-01
-1.000000000000000000e+00
-9.999919999999999920e-01
-9.999959999999999960e-01
-1.000000000000000000e+00
-9.999980000000000535e-01
-1.000000000000000000e+00
-9.999940000000000495e-01
-9.999980000000000535e-01
-1.000000000000000000e+00
-9.999900000000000455e-01
-1.000000000000000000e+00
-9.999980000000000535e-01
-9.999959999999999960e-01
-1.000000000000000000e+00
-9.999959999999999960e-01
-1.000000000000000000e+00
-9.999959999999999960e-01
-1.000000000000000000e+00
-9.999959999999999960e-01
-9.999959999999999960e-01
-9.999959999999999960e-01
-9.999940000000000495e-01
-9.999959999999999960e-01
-9.999980000000000535e-01
-9.999919999999999920e-01
-9.999940000000000495e-01
-9.999980000000000535e-01
-9.999980000000000535e-01
-9.999980000000000535e-01
-1.000000000000000000e+00
-9.999940000000000495e-01
-9.999959999999999960e-01
-9.999959999999999960e-01
-9.999980000000000535e-01
-9.999940000000000495e-01
-9.999959999999999960e-01
-9.999959999999999960e-01
-1.000000000000000000e+00
-9.999959999999999960e-01
-9.999959999999999960e-01
-9.999940000000000495e-01
-9.999919999999999920e-01
-9.999919999999999920e-01
-9.999959999999999960e-01
-9.999900000000000455e-01
-9.999980000000000535e-01
-9.999980000000000535e-01
-9.999959999999999960e-01
-9.999980000000000535e-01
-9.999980000000000535e-01
-9.999919999999999920e-01
-1.000000000000000000e+00
-9.999900000000000455e-01
-9.999980000000000535e-01
-9.999919999999999920e-01
-9.999980000000000535e-01
-9.999959999999999960e-01
-1.000000000000000000e+00
-9.999940000000000495e-01
-9.999919999999999920e-01
-9.999959999999999960e-01
-9.999919999999999920e-01
-9.999919999999999920e-01
-9.999959999999999960e-01
-9.999959999999999960e-01
-9.999959999999999960e-01
-9.999959999999999960e-01
-9.999940000000000495e-01
-9.999940000000000495e-01
-9.999959999999999960e-01
-9.999980000000000535e-01
-9.999980000000000535e-01
-9.999940000000000495e-01
-9.999919999999999920e-01
-9.999959999999999960e-01
-9.999940000000000495e-01
-9.999919999999999920e-01
-9.999820000000000375e-01
-9.999919999999999920e-01
-9.999919999999999920e-01
-9.999900000000000455e-01
-9.999900000000000455e-01
-9.999860000000000415e-01
-9.999919999999999920e-01
-9.999900000000000455e-01
-9.999879999999999880e-01
-9.999900000000000455e-01
-9.999799999999999800e-01
-9.999900000000000455e-01
-9.999860000000000415e-01
-9.999900000000000455e-01
-9.999940000000000495e-01
-9.999780000000000335e-01
-9.999940000000000495e-01
-9.999940000000000495e-01
-9.999900000000000455e-01
-9.999879999999999880e-01
-9.999940000000000495e-01
-9.999900000000000455e-01
-9.999879999999999880e-01
-9.999839999999999840e-01
-9.999780000000000335e-01
-9.999839999999999840e-01
-9.999799999999999800e-01
-9.999839999999999840e-01
-9.999860000000000415e-01
-9.999799999999999800e-01
-9.999780000000000335e-01
-9.999759999999999760e-01
-9.999900000000000455e-01
-9.999799999999999800e-01
-9.999799999999999800e-01
-9.999900000000000455e-01
-9.999820000000000375e-01
-9.999820000000000375e-01
-9.999799999999999800e-01
-9.999900000000000455e-01
-9.999740000000000295e-01
-9.999719999999999720e-01
-9.999839999999999840e-01
-9.999860000000000415e-01
-9.999879999999999880e-01
-9.999799999999999800e-01
-9.999820000000000375e-01
-9.999839999999999840e-01
-9.999639999999999640e-01
-9.999780000000000335e-01
-9.999860000000000415e-01
-9.999679999999999680e-01
-9.999660000000000215e-01
-9.999900000000000455e-01
-9.999660000000000215e-01
-9.999639999999999640e-01
-9.999700000000000255e-01
-9.999700000000000255e-01
-9.999719999999999720e-01
-9.999660000000000215e-01
-9.999679999999999680e-01
-9.999719999999999720e-01
-9.999740000000000295e-01
-9.999620000000000175e-01
-9.999440000000000550e-01
-9.999700000000000255e-01
-9.999679999999999680e-01
-9.999660000000000215e-01
-9.999700000000000255e-01
-9.999599999999999600e-01
-9.999540000000000095e-01
-9.999599999999999600e-01
-9.999620000000000175e-01
-9.999740000000000295e-01
-9.999540000000000095e-01
-9.999580000000000135e-01
-9.999559999999999560e-01
-9.999679999999999680e-01
-9.999540000000000095e-01
-9.999479999999999480e-01
-9.999660000000000215e-01
-9.999400000000000510e-01
-9.999639999999999640e-01
-9.999540000000000095e-01
-9.999339999999999895e-01
-9.999360000000000470e-01
-9.999179999999999735e-01
-9.999460000000000015e-01
-9.999460000000000015e-01
-9.999500000000000055e-01
-9.999280000000000390e-01
-9.999479999999999480e-01
-9.999379999999999935e-01
-9.999519999999999520e-01
-9.999500000000000055e-01
-9.999460000000000015e-01
-9.999519999999999520e-01
-9.999559999999999560e-01
-9.999299999999999855e-01
-9.999360000000000470e-01
-9.999379999999999935e-01
-9.999400000000000510e-01
-9.999320000000000430e-01
-9.999280000000000390e-01
-9.999320000000000430e-01
-9.999400000000000510e-01
-9.999339999999999895e-01
-9.999280000000000390e-01
-9.999219999999999775e-01
-9.999139999999999695e-01
-9.999179999999999735e-01
-9.999240000000000350e-01
-9.999080000000000190e-01
-9.999160000000000270e-01
-9.998879999999999990e-01
-9.999179999999999735e-01
-9.999219999999999775e-01
-9.998920000000000030e-01
-9.998960000000000070e-01
-9.998920000000000030e-01
-9.999080000000000190e-01
-9.999080000000000190e-01
-9.998839999999999950e-01
-9.999080000000000190e-01
-9.999080000000000190e-01
-9.998820000000000485e-01
-9.998879999999999990e-01
-9.998719999999999830e-01
-9.998719999999999830e-01
-9.999200000000000310e-01
-9.998740000000000405e-01
-9.998860000000000525e-01
-9.998660000000000325e-01
-9.998879999999999990e-01
-9.998639999999999750e-01
-9.998660000000000325e-01
-9.998660000000000325e-01
-9.998479999999999590e-01
-9.998439999999999550e-01
-9.998540000000000205e-01
-9.998820000000000485e-01
-9.998479999999999590e-01
-9.998660000000000325e-01
-9.998340000000000005e-01
-9.998460000000000125e-01
-9.998299999999999965e-01
-9.998040000000000260e-01
-9.998359999999999470e-01
-9.998259999999999925e-01
-9.998280000000000500e-01
-9.998139999999999805e-01
-9.998179999999999845e-01
-9.998120000000000340e-01
-9.997899999999999565e-01
-9.997859999999999525e-01
-9.998040000000000260e-01
-9.997979999999999645e-01
-9.997939999999999605e-01
-9.997719999999999940e-01
-9.997840000000000060e-01
-9.997479999999999700e-01
-9.997679999999999900e-01
-9.998120000000000340e-01
-9.997439999999999660e-01
-9.997279999999999500e-01
-9.997599999999999820e-01
-9.997639999999999860e-01
-9.997160000000000490e-01
-9.997540000000000315e-01
-9.997399999999999620e-01
-9.997279999999999500e-01
-9.997439999999999660e-01
-9.997500000000000275e-01
-9.996960000000000290e-01
-9.996880000000000210e-01
-9.996800000000000130e-01
-9.997200000000000530e-01
-9.996880000000000210e-01
-9.996639999999999970e-01
-9.996819999999999595e-01
-9.995420000000000416e-01
-9.996620000000000505e-01
-9.996500000000000385e-01
-9.996439999999999770e-01
-9.996239999999999570e-01
-9.996380000000000265e-01
-9.996220000000000105e-01
-9.995640000000000081e-01
-9.996099999999999985e-01
-9.995560000000000000e-01
-9.995600000000000041e-01
-9.995680000000000121e-01
-9.995859999999999745e-01
-9.995460000000000456e-01
-9.995720000000000161e-01
-9.995380000000000376e-01
-9.995039999999999480e-01
-9.994880000000000431e-01
-9.995020000000000016e-01
-9.994720000000000271e-01
-9.995600000000000041e-01
-9.994840000000000391e-01
-9.995319999999999760e-01
-9.994399999999999951e-01
-9.994300000000000406e-01
-9.994680000000000231e-01
-9.994239999999999791e-01
-9.994260000000000366e-01
-9.993499999999999606e-01
-9.993619999999999726e-01
-9.993400000000000061e-01
-9.993379999999999486e-01
-9.993260000000000476e-01
-9.993379999999999486e-01
-9.992980000000000196e-01
-9.993419999999999526e-01
-9.992699999999999916e-01
-9.991999999999999771e-01
-9.992520000000000291e-01
-9.992919999999999581e-01
-9.992400000000000171e-01
-9.992440000000000211e-01
-9.991860000000000186e-01
-9.991940000000000266e-01
-9.991320000000000201e-01
-9.991299999999999626e-01
-9.991320000000000201e-01
-9.991179999999999506e-01
-9.990620000000000056e-01
-9.990139999999999576e-01
-9.990740000000000176e-01
-9.989940000000000486e-01
-9.989620000000000166e-01
-9.989360000000000461e-01
-9.989599999999999591e-01
-9.988500000000000156e-01
-9.988500000000000156e-01
-9.988939999999999486e-01
-9.988479999999999581e-01
-9.988620000000000276e-01
-9.987580000000000346e-01
-9.987800000000000011e-01
-9.987660000000000426e-01
-9.987599999999999811e-01
-9.987380000000000146e-01
-9.985540000000000527e-01
-9.985579999999999457e-01
-9.985640000000000072e-01
-9.986380000000000257e-01
-9.985680000000000112e-01
-9.984039999999999582e-01
-9.985100000000000087e-01
-9.984380000000000477e-01
-9.984039999999999582e-01
-9.983499999999999597e-01
-9.982900000000000107e-01
-9.982259999999999467e-01
-9.980599999999999472e-01
-9.980620000000000047e-01
-4.007660000000000111e-01
9.997000000000000330e-01
9.997099999999999875e-01
9.997200000000000530e-01
9.997340000000000115e-01
9.996899999999999675e-01
9.996880000000000210e-01
9.997139999999999915e-01
9.997479999999999700e-01
9.997359999999999580e-01
9.997500000000000275e-01
9.997460000000000235e-01
9.997479999999999700e-01
9.997960000000000180e-01
9.998019999999999685e-01
9.998059999999999725e-01
9.997840000000000060e-01
9.998000000000000220e-01
9.997920000000000140e-01
9.997719999999999940e-01
9.998259999999999925e-01
9.998460000000000125e-01
9.998019999999999685e-01
9.998200000000000420e-01
9.998240000000000460e-01
9.997880000000000100e-01
9.998439999999999550e-01
9.998399999999999510e-01
9.998059999999999725e-01
9.998620000000000285e-01
9.998780000000000445e-01
9.998340000000000005e-01
9.998559999999999670e-01
9.998559999999999670e-01
9.998660000000000325e-01
9.998559999999999670e-01
9.998299999999999965e-01
9.998280000000000500e-01
9.998439999999999550e-01
9.998679999999999790e-01
9.998799999999999910e-01
9.998620000000000285e-01
9.998759999999999870e-01
9.998639999999999750e-01
9.999040000000000150e-01
9.998740000000000405e-01
9.998979999999999535e-01
9.998759999999999870e-01
9.998899999999999455e-01
9.998899999999999455e-01
9.998839999999999950e-01
9.998799999999999910e-01
9.998979999999999535e-01
9.998899999999999455e-01
9.999299999999999855e-01
9.998899999999999455e-01
9.999080000000000190e-01
9.998879999999999990e-01
9.999259999999999815e-01
9.999080000000000190e-01
9.998939999999999495e-01
9.999000000000000110e-01
9.999139999999999695e-01
9.998879999999999990e-01
9.999280000000000390e-01
9.999320000000000430e-01
9.999139999999999695e-01
9.999240000000000350e-01
9.999259999999999815e-01
9.999139999999999695e-01
9.999519999999999520e-01
9.999240000000000350e-01
9.999460000000000015e-01
9.999219999999999775e-01
9.999400000000000510e-01
9.999339999999999895e-01
9.999240000000000350e-01
9.999320000000000430e-01
9.999280000000000390e-01
9.999259999999999815e-01
9.999400000000000510e-01
9.999339999999999895e-01
9.999440000000000550e-01
9.999259999999999815e-01
9.999419999999999975e-01
9.999360000000000470e-01
9.999440000000000550e-01
9.999479999999999480e-01
9.999479999999999480e-01
9.999599999999999600e-01
9.999400000000000510e-01
9.999660000000000215e-01
9.999540000000000095e-01
9.999299999999999855e-01
9.999620000000000175e-01
9.999620000000000175e-01
9.999620000000000175e-01
9.999519999999999520e-01
9.999660000000000215e-01
9.999620000000000175e-01
9.999679999999999680e-01
9.999620000000000175e-01
9.999639999999999640e-01
9.999559999999999560e-01
9.999559999999999560e-01
9.999660000000000215e-01
9.999620000000000175e-01
9.999759999999999760e-01
9.999719999999999720e-01
9.999700000000000255e-01
9.999639999999999640e-01
9.999740000000000295e-01
9.999719999999999720e-01
9.999639999999999640e-01
9.999679999999999680e-01
9.999580000000000135e-01
9.999839999999999840e-01
9.999679999999999680e-01
9.999620000000000175e-01
9.999700000000000255e-01
9.999759999999999760e-01
9.999580000000000135e-01
9.999740000000000295e-01
9.999719999999999720e-01
9.999780000000000335e-01
9.999700000000000255e-01
9.999719999999999720e-01
9.999780000000000335e-01
9.999740000000000295e-01
9.999820000000000375e-01
9.999660000000000215e-01
9.999740000000000295e-01
9.999719999999999720e-01
9.999780000000000335e-01
9.999860000000000415e-01
9.999919999999999920e-01
9.999780000000000335e-01
9.999860000000000415e-01
9.999860000000000415e-01
9.999780000000000335e-01
9.999879999999999880e-01
9.999839999999999840e-01
9.999879999999999880e-01
9.999860000000000415e-01
9.999860000000000415e-01
9.999900000000000455e-01
9.999740000000000295e-01
9.999820000000000375e-01
9.999799999999999800e-01
9.999839999999999840e-01
9.999839999999999840e-01
9.999820000000000375e-01
9.999839999999999840e-01
9.999879999999999880e-01
9.999780000000000335e-01
9.999820000000000375e-01
9.999860000000000415e-01
9.999719999999999720e-01
9.999860000000000415e-01
9.999839999999999840e-01
9.999839999999999840e-01
9.999860000000000415e-01
9.999900000000000455e-01
9.999900000000000455e-01
9.999900000000000455e-01
9.999879999999999880e-01
9.999900000000000455e-01
9.999940000000000495e-01
9.999799999999999800e-01
9.999919999999999920e-01
9.999879999999999880e-01
9.999919999999999920e-01
9.999820000000000375e-01
9.999900000000000455e-01
9.999860000000000415e-01
9.999940000000000495e-01
9.999919999999999920e-01
9.999940000000000495e-01
9.999900000000000455e-01
9.999940000000000495e-01
9.999879999999999880e-01
9.999919999999999920e-01
9.999900000000000455e-01
9.999959999999999960e-01
9.999980000000000535e-01
9.999940000000000495e-01
9.999900000000000455e-01
9.999959999999999960e-01
9.999900000000000455e-01
9.999919999999999920e-01
1.000000000000000000e+00
9.999940000000000495e-01
9.999940000000000495e-01
1.000000000000000000e+00
9.999959999999999960e-01
9.999959999999999960e-01
9.999940000000000495e-01
9.999980000000000535e-01
9.999959999999999960e-01
9.999959999999999960e-01
9.999959999999999960e-01
1.000000000000000000e+00
9.999980000000000535e-01
9.999940000000000495e-01
9.999980000000000535e-01
9.999959999999999960e-01
9.999919999999999920e-01
9.999959999999999960e-01
1.000000000000000000e+00
1.000000000000000000e+00
9.999959999999999960e-01
9.999940000000000495e-01
1.000000000000000000e+00
9.999980000000000535e-01
1.000000000000000000e+00
1.000000000000000000e+00
9.999959999999999960e-01
1.000000000000000000e+00
1.000000000000000000e+00
1.000000000000000000e+00
9.999940000000000495e-01
9.999980000000000535e-01
9.999919999999999920e-01
9.999959999999999960e-01
9.999980000000000535e-01
1.000000000000000000e+00
9.999980000000000535e-01
9.999980000000000535e-01
9.999959999999999960e-01
9.999980000000000535e-01
9.999959999999999960e-01
9.999940000000000495e-01
9.999900000000000455e-01
1.000000000000000000e+00
1.000000000000000000e+00
9.999940000000000495e-01
1.000000000000000000e+00
1.000000000000000000e+00
1.000000000000000000e+00
9.999980000000000535e-01
1.000000000000000000e+00
9.999940000000000495e-01
9.999980000000000535e-01
9.999959999999999960e-01
1.000000000000000000e+00
9.999980000000000535e-01
9.999980000000000535e-01
9.999980000000000535e-01
9.999940000000000495e-01
1.000000000000000000e+00
9.999980000000000535e-01
9.999980000000000535e-01
9.999959999999999960e-01
1.000000000000000000e+00
1.000000000000000000e+00
9.999980000000000535e-01
1.000000000000000000e+00
1.000000000000000000e+00
9.999980000000000535e-01
9.999980000000000535e-01
9.999980000000000535e-01
9.999959999999999960e-01
1.000000000000000000e+00
9.999980000000000535e-01
1.000000000000000000e+00
1.000000000000000000e+00
1.000000000000000000e+00
9.999980000000000535e-01
1.000000000000000000e+00
1.000000000000000000e+00
9.999959999999999960e-01
1.000000000000000000e+00
1.000000000000000000e+00
1.000000000000000000e+00
9.999980000000000535e-01
9.999980000000000535e-01
9.999980000000000535e-01
9.999959999999999960e-01
1.000000000000000000e+00
1.000000000000000000e+00
9.999980000000000535e-01
9.999980000000000535e-01
9.999980000000000535e-01
9.999959999999999960e-01
9.999980000000000535e-01
1.000000000000000000e+00
1.000000000000000000e+00
9.999940000000000495e-01
1.000000000000000000e+00
1.000000000000000000e+00
1.000000000000000000e+00
1.000000000000000000e+00
1.000000000000000000e+00
1.000000000000000000e+00
1.000000000000000000e+00
1.000000000000000000e+00
1.000000000000000000e+00
1.000000000000000000e+00
1.000000000000000000e+00
9.999940000000000495e-01
1.000000000000000000e+00
1.000000000000000000e+00
1.000000000000000000e+00
1.000000000000000000e+00
1.000000000000000000e+00
1.000000000000000000e+00
9.999959999999999960e-01
1.000000000000000000e+00
9.999980000000000535e-01
1.000000000000000000e+00
1.000000000000000000e+00
1.000000000000000000e+00
1.000000000000000000e+00
1.000000000000000000e+00
1.000000000000000000e+00
1.000000000000000000e+00
1.000000000000000000e+00
1.000000000000000000e+00
9.999980000000000535e-01
1.000000000000000000e+00
1.000000000000000000e+00
9.999980000000000535e-01
9.999980000000000535e-01
1.000000000000000000e+00
9.999980000000000535e-01
9.999980000000000535e-01
1.000000000000000000e+00
1.000000000000000000e+00
1.000000000000000000e+00
1.000000000000000000e+00
9.999980000000000535e-01
9.999980000000000535e-01
1.000000000000000000e+00
1.000000000000000000e+00
1.000000000000000000e+00
1.000000000000000000e+00
1.000000000000000000e+00
1.000000000000000000e+00
1.000000000000000000e+00
1.000000000000000000e+00
1.000000000000000000e+00
1.000000000000000000e+00
1.000000000000000000e+00
1.000000000000000000e+00
1.000000000000000000e+00
1.000000000000000000e+00
1.000000000000000000e+00
1.000000000000000000e+00
1.000000000000000000e+00
1.000000000000000000e+00
1.000000000000000000e+00
1.000000000000000000e+00
9.999980000000000535e-01
1.000000000000000000e+00
1.000000000000000000e+00
1.000000000000000000e+00
9.999980000000000535e-01
1.000000000000000000e+00
1.000000000000000000e+00
1.000000000000000000e+00
9.999980000000000535e-01
1.000000000000000000e+00
1.000000000000000000e+00
1.000000000000000000e+00
1.000000000000000000e+00
9.999980000000000535e-01
1.000000000000000000e+00
1.000000000000000000e+00
1.000000000000000000e+00
1.000000000000000000e+00
1.000000000000000000e+00
1.000000000000000000e+00
1.000000000000000000e+00
1.000000000000000000e+00
1.000000000000000000e+00
1.000000000000000000e+00
1.000000000000000000e+00
1.000000000000000000e+00
1.000000000000000000e+00
1.000000000000000000e+00
1.000000000000000000e+00
1.000000000000000000e+00
1.000000000000000000e+00
1.000000000000000000e+00
1.000000000000000000e+00
1.000000000000000000e+00
1.000000000000000000e+00
1.000000000000000000e+00
1.000000000000000000e+00
1.000000000000000000e+00
1.000000000000000000e+00
1.000000000000000000e+00
1.000000000000000000e+00
1.000000000000000000e+00
1.000000000000000000e+00
1.000000000000000000e+00
1.000000000000000000e+00
1.000000000000000000e+00
1.000000000000000000e+00
1.000000000000000000e+00
1.000000000000000000e+00
1.000000000000000000e+00
1.000000000000000000e+00
1.000000000000000000e+00
1.000000000000000000e+00
1.000000000000000000e+00
9.999980000000000535e-01
1.000000000000000000e+00
1.000000000000000000e+00
1.000000000000000000e+00
1.000000000000000000e+00
1.000000000000000000e+00
1.000000000000000000e+00
1.000000000000000000e+00
1.000000000000000000e+00
1.000000000000000000e+00
1.000000000000000000e+00
1.000000000000000000e+00
1.000000000000000000e+00
1.000000000000000000e+00
1.000000000000000000e+00
1.000000000000000000e+00
1.000000000000000000e+00
1.000000000000000000e+00
1.000000000000000000e+00
1.000000000000000000e+00
9.999980000000000535e-01
1.000000000000000000e+00
1.000000000000000000e+00
1.000000000000000000e+00
1.000000000000000000e+00
1.000000000000000000e+00
1.000000000000000000e+00
1.000000000000000000e+00
1.000000000000000000e+00
1.000000000000000000e+00
1.000000000000000000e+00
1.000000000000000000e+00
1.000000000000000000e+00
1.000000000000000000e+00
1.000000000000000000e+00
1.000000000000000000e+00
1.000000000000000000e+00
1.000000000000000000e+00
1.000000000000000000e+00
1.000000000000000000e+00
1.000000000000000000e+00
1.000000000000000000e+00
1.000000000000000000e+00
1.000000000000000000e+00
1.000000000000000000e+00
1.000000000000000000e+00
1.000000000000000000e+00
1.000000000000000000e+00
1.000000000000000000e+00
1.000000000000000000e+00
1.000000000000000000e+00
1.000000000000000000e+00
