-9.999995000000000411e-01
-1.000000000000000000e+00
-1.000000000000000000e+00
-1.000000000000000000e+00
-9.999995000000000411e-01
-9.999985000000000124e-01
-9.999995000000000411e-01
-9.999995000000000411e-01
-9.999985000000000124e-01
-9.999985000000000124e-01
-9.999985000000000124e-01
-9.999985000000000124e-01
-1.000000000000000000e+00
-9.999989999999999712e-01
-9.999985000000000124e-01
-9.999995000000000411e-01
-9.999995000000000411e-01
-9.999970000000000248e-01
-9.999989999999999712e-01
-9.999989999999999712e-01
-9.999964999999999549e-01
-9.999949999999999672e-01
-9.999964999999999549e-01
-9.999959999999999960e-01
-9.999949999999999672e-01
-9.999959999999999960e-01
-9.999940000000000495e-01
-9.999974999999999836e-01
-9.999974999999999836e-01
-9.999940000000000495e-01
-9.999945000000000084e-01
-9.999940000000000495e-01
-9.999924999999999509e-01
-9.999934999999999796e-01
-9.999945000000000084e-01
-9.999940000000000495e-01
-9.999900000000000455e-01
-9.999930000000000208e-01
-9.999894999999999756e-01
-9.999905000000000044e-01
-9.999879999999999880e-01
-9.999854999999999716e-01
-9.999905000000000044e-01
-9.999814999999999676e-01
-9.999829999999999552e-01
-9.999805000000000499e-01
-9.999805000000000499e-01
-9.999789999999999512e-01
-9.999824999999999964e-01
-9.999740000000000295e-01
-9.999614999999999476e-01
-9.999660000000000215e-01
-9.999645000000000339e-01
-9.999599999999999600e-01
-9.999580000000000135e-01
-9.999559999999999560e-01
-9.999510000000000343e-01
-9.999440000000000550e-01
-9.999394999999999811e-01
-9.999460000000000015e-01
-9.999329999999999607e-01
-9.999295000000000266e-01
-9.999325000000000019e-01
-9.999154999999999571e-01
-9.999120000000000230e-01
-9.999050000000000438e-01
-9.999000000000000110e-01
-9.998939999999999495e-01
-9.998890000000000278e-01
-9.998715000000000241e-01
-9.998675000000000201e-01
-9.998639999999999750e-01
-9.998420000000000085e-01
-9.998434999999999961e-01
-9.997985000000000344e-01
-9.997939999999999605e-01
-9.997810000000000308e-01
-9.997584999999999944e-01
-9.997395000000000032e-01
-9.997420000000000195e-01
-9.996874999999999512e-01
-9.996620000000000505e-01
-9.996490000000000098e-01
-9.996190000000000353e-01
-9.995699999999999585e-01
-9.995625000000000204e-01
-9.994990000000000263e-01
-9.994680000000000231e-01
-9.994134999999999547e-01
-9.993640000000000301e-01
-9.993100000000000316e-01
-9.992729999999999668e-01
-9.991999999999999771e-01
-9.991484999999999950e-01
-9.990550000000000264e-01
-9.990099999999999536e-01
-9.989325000000000010e-01
-9.988380000000000036e-01
-9.986855000000000038e-01
-9.985730000000000439e-01
-9.985155000000000003e-01
-9.982934999999999448e-01
-9.982294999999999918e-01
-9.980900000000000327e-01
-9.979335000000000289e-01
-9.977414999999999479e-01
-9.975585000000000147e-01
-9.973474999999999424e-01
-9.970409999999999551e-01
-9.968515000000000015e-01
-9.965849999999999431e-01
-9.962480000000000224e-01
-9.959130000000000482e-01
-9.956245000000000234e-01
-9.952355000000000507e-01
-9.948740000000000361e-01
-9.944589999999999819e-01
-9.938460000000000072e-01
-9.933754999999999669e-01
-9.927709999999999591e-01
-9.922465000000000312e-01
-9.915074999999999861e-01
-9.906439999999999690e-01
-9.899694999999999467e-01
-9.890280000000000182e-01
-9.881044999999999412e-01
-9.868299999999999850e-01
-9.855675000000000407e-01
-9.842474999999999419e-01
-9.827949999999999742e-01
-9.810455000000000148e-01
-9.794705000000000217e-01
-9.774889999999999413e-01
-9.750689999999999635e-01
-9.726124999999999909e-01
-9.695869999999999767e-01
-9.668970000000000065e-01
-9.631404999999999550e-01
-9.586554999999999938e-01
-9.542880000000000251e-01
-9.487554999999999739e-01
-9.426664999999999628e-01
-9.347050000000000081e-01
-9.260249999999999870e-01
-9.144474999999999687e-01
-9.007304999999999895e-01
-8.815549999999999775e-01
-8.553849999999999509e-01
-8.133184999999999443e-01
-7.243884999999999907e-01
1.611999999999999935e-03
7.246179999999999843e-01
8.126759999999999540e-01
8.551345000000000196e-01
8.814754999999999674e-01
9.003499999999999837e-01
9.144885000000000375e-01
9.259749999999999925e-01
9.346879999999999633e-01
9.421095000000000441e-01
9.487759999999999527e-01
9.540330000000000199e-01
9.588944999999999830e-01
9.631229999999999514e-01
9.667364999999999986e-01
9.699759999999999494e-01
9.726544999999999774e-01
9.753339999999999232e-01
9.773514999999999286e-01
9.795709999999999695e-01
9.812509999999999843e-01
9.828995000000000370e-01
9.842474999999999419e-01
9.856424999999999770e-01
9.869040000000000035e-01
9.880120000000000013e-01
9.889310000000000045e-01
9.899599999999999511e-01
9.907179999999999875e-01
9.914884999999999948e-01
9.922450000000000436e-01
9.929230000000000000e-01
9.934669999999999890e-01
9.938105000000000411e-01
9.944079999999999586e-01
9.948755000000000237e-01
9.951550000000000118e-01
9.957040000000000335e-01
9.960259999999999669e-01
9.963039999999999674e-01
9.966409999999999991e-01
9.968354999999999855e-01
9.970449999999999591e-01
9.972965000000000302e-01
9.975444999999999451e-01
9.977019999999999778e-01
9.978835000000000344e-01
9.980284999999999851e-01
9.982404999999999751e-01
9.983604999999999841e-01
9.984754999999999603e-01
9.985939999999999817e-01
9.987044999999999950e-01
9.988325000000000120e-01
9.988335000000000408e-01
9.989554999999999962e-01
9.990795000000000092e-01
9.991959999999999731e-01
9.991704999999999615e-01
9.992839999999999501e-01
9.993174999999999697e-01
9.993864999999999554e-01
9.994224999999999914e-01
9.994830000000000103e-01
9.995064999999999644e-01
9.995730000000000448e-01
9.995855000000000157e-01
9.996315000000000062e-01
9.996289999999999898e-01
9.996660000000000545e-01
9.997055000000000247e-01
9.997325000000000239e-01
9.997424999999999784e-01
9.997759999999999980e-01
9.997869999999999813e-01
9.997945000000000304e-01
9.998050000000000548e-01
9.998434999999999961e-01
9.998230000000000173e-01
9.998595000000000121e-01
9.998550000000000493e-01
9.998664999999999914e-01
9.998850000000000238e-01
9.998915000000000441e-01
9.999034999999999451e-01
9.999014999999999986e-01
9.999194999999999611e-01
9.999280000000000390e-01
9.999299999999999855e-01
9.999339999999999895e-01
9.999390000000000223e-01
9.999504999999999644e-01
9.999430000000000263e-01
9.999529999999999808e-01
9.999609999999999888e-01
9.999575000000000546e-01
9.999645000000000339e-01
9.999694999999999556e-01
9.999645000000000339e-01
9.999765000000000459e-01
9.999710000000000543e-01
9.999694999999999556e-01
9.999734999999999596e-01
9.999824999999999964e-01
9.999824999999999964e-01
9.999810000000000088e-01
9.999865000000000004e-01
9.999835000000000251e-01
9.999869999999999592e-01
9.999829999999999552e-01
9.999854999999999716e-01
9.999884999999999469e-01
9.999900000000000455e-01
9.999890000000000168e-01
9.999924999999999509e-01
9.999940000000000495e-01
9.999940000000000495e-01
9.999900000000000455e-01
9.999924999999999509e-01
9.999915000000000331e-01
9.999924999999999509e-01
9.999974999999999836e-01
9.999964999999999549e-01
9.999934999999999796e-01
9.999964999999999549e-01
9.999959999999999960e-01
9.999959999999999960e-01
9.999970000000000248e-01
9.999959999999999960e-01
9.999995000000000411e-01
9.999940000000000495e-01
9.999995000000000411e-01
9.999974999999999836e-01
9.999974999999999836e-01
9.999980000000000535e-01
9.999989999999999712e-01
1.000000000000000000e+00
9.999985000000000124e-01
9.999974999999999836e-01
9.999980000000000535e-01
9.999995000000000411e-01
9.999995000000000411e-01
9.999980000000000535e-01
9.999989999999999712e-01
9.999989999999999712e-01
1.000000000000000000e+00
1.000000000000000000e+00
1.000000000000000000e+00
9.999989999999999712e-01
1.000000000000000000e+00
