-1.699999049999999912e+01
-1.689999999999989555e+01
-1.680000000000011440e+01
-1.669999999999988560e+01
-1.659999070000010235e+01
-1.649997224999999901e+01
-1.639999079999990172e+01
-1.629999085000011405e+01
-1.619997269999988632e+01
-1.609997285000008915e+01
-1.599997300000000422e+01
-1.589997314999991218e+01
-1.580000000000011084e+01
-1.569998229999988837e+01
-1.559997360000008548e+01
-1.549999125000000078e+01
-1.539999129999992000e+01
-1.529994810000010830e+01
-1.519998279999989066e+01
-1.509998290000007160e+01
-1.499994049999999923e+01
-1.489991549999993126e+01
-1.479994120000010760e+01
-1.469993319999989190e+01
-1.459991700000006354e+01
-1.449993400000000143e+01
-1.439990159999994290e+01
-1.429995925000010359e+01
-1.419995949999989726e+01
-1.409990340000005382e+01
-1.399991200000000013e+01
-1.389990459999995487e+01
-1.379988150000010272e+01
-1.369989794999989918e+01
-1.359991420000004325e+01
-1.349990700000000210e+01
-1.339984599999996639e+01
-1.329989290000011160e+01
-1.319984039999990166e+01
-1.309985655000003213e+01
-1.299981999999999971e+01
-1.289978394999997846e+01
-1.279985940000010736e+01
-1.269972804999990679e+01
-1.259975180000001771e+01
-1.249971725000000156e+01
-1.239971919999999272e+01
-1.229969970000010804e+01
-1.219975149999991082e+01
-1.209963340000000187e+01
-1.199946100000000193e+01
-1.189952740000000908e+01
-1.179951010000010214e+01
-1.169945199999991559e+01
-1.159942879999998766e+01
-1.149940600000000046e+01
-1.139934340000002599e+01
-1.129925520000009875e+01
-1.119920139999992159e+01
-1.109929259999997164e+01
-1.099912900000000171e+01
-1.089909055000004301e+01
-1.079913600000009311e+01
-1.069892684999992483e+01
-1.059889119999995089e+01
-1.049881250000000144e+01
-1.039876000000006151e+01
-1.029869720000009181e+01
-1.019864579999993026e+01
-1.009844514999999632e+01
-9.998410000000001574e+00
-9.898381600000067948e+00
-9.798136600000086460e+00
-9.698168949999937283e+00
-9.597662599999999600e+00
-9.497631000000001933e+00
-9.397503400000067231e+00
-9.297271050000082582e+00
-9.197082399999942481e+00
-9.097137200000005919e+00
-8.996563500000002378e+00
-8.896317800000066001e+00
-8.796211200000074726e+00
-8.695925299999949232e+00
-8.595445000000012215e+00
-8.495407250000006627e+00
-8.394791600000063525e+00
-8.294526400000069799e+00
-8.194021699999957775e+00
-8.093580400000018216e+00
-7.993107000000007289e+00
-7.892807700000062709e+00
-7.792171000000062797e+00
-7.691751449999968848e+00
-7.590941000000025696e+00
-7.490604000000007368e+00
-7.389975500000080189e+00
-7.289207400000054626e+00
-7.187921599999979705e+00
-7.087033300000033620e+00
-6.986662500000008436e+00
-6.884837150000079120e+00
-6.784447600000045320e+00
-6.683417999999991643e+00
-6.582278100000042542e+00
-6.480861750000008747e+00
-6.379543400000079245e+00
-6.278038250000033571e+00
-6.175834200000005936e+00
-6.074607150000055356e+00
-5.972807000000009303e+00
-5.870491200000078180e+00
-5.768281400000027759e+00
-5.666477650000022237e+00
-5.564036800000068617e+00
-5.461861000000011401e+00
-5.359310600000076974e+00
-5.255467800000012346e+00
-5.152727600000043928e+00
-5.049170100000081263e+00
-4.946300500000013756e+00
-4.842084750000076099e+00
-4.737200200000011741e+00
-4.633843650000045500e+00
-4.528716800000075260e+00
-4.424085250000015179e+00
-4.317350000000073962e+00
-4.211023250000019758e+00
-4.104638500000044488e+00
-3.997827500000066703e+00
-3.889603000000017019e+00
-3.782799950000071298e+00
-3.674048200000028519e+00
-3.563488300000044351e+00
-3.453473000000055748e+00
-3.341082500000020161e+00
-3.230985800000067520e+00
-3.116701650000041290e+00
-2.999997600000043896e+00
-2.885220800000039887e+00
-2.766403500000024440e+00
-2.647272850000064626e+00
-2.522250000000057835e+00
-2.397360500000042638e+00
-2.265920500000027982e+00
-2.131660250000030121e+00
-1.987253000000054115e+00
-1.834422500000052025e+00
-1.661824700000037458e+00
-1.447665850000043442e+00
-1.119458999999999982e+00
-1.448563799999962765e+00
-1.660916199999946885e+00
-1.833803349999959531e+00
-1.987809199999955645e+00
-2.131052999999969444e+00
-2.266352099999939362e+00
-2.397570499999938765e+00
-2.522615399999955876e+00
-2.645085549999954821e+00
-2.766621999999975046e+00
-2.884115299999931548e+00
-3.001116399999951945e+00
-3.116666899999954499e+00
-3.230245099999938585e+00
-3.343001999999978935e+00
-3.453539199999926979e+00
-3.565036799999965034e+00
-3.673379699999954173e+00
-3.783294899999927186e+00
-3.890760999999944847e+00
-3.998460949999915304e+00
-4.104609499999975597e+00
-4.211532749999953751e+00
-4.317768599999918244e+00
-4.423398999999951009e+00
-4.528173599999913534e+00
-4.633689999999983655e+00
-4.737714399999951809e+00
-4.841990649999909913e+00
-4.946279999999956267e+00
-5.050223299999913706e+00
-5.153393399999987246e+00
-5.255182649999945887e+00
-5.358934199999915826e+00
-5.461819249999959602e+00
-5.563412999999912678e+00
-5.667111799999870136e+00
-5.769136799999926346e+00
-5.870900599999931302e+00
-5.973244999999963056e+00
-6.074472549999912374e+00
-6.175851999999864894e+00
-6.277640949999909736e+00
-6.379451799999943162e+00
-6.480510999999966160e+00
-6.581848099999912272e+00
-6.682879949999861680e+00
-6.784550399999895731e+00
-6.885440449999953749e+00
-6.986301499999967746e+00
-7.087224399999912272e+00
-7.188099399999858363e+00
-7.289150249999885034e+00
-7.389047899999964031e+00
-7.490087249999970886e+00
-7.591170199999911716e+00
-7.692208199999855722e+00
-7.791876899999873984e+00
-7.892924599999972202e+00
-7.993182999999970839e+00
-8.093804649999910339e+00
-8.194116499999854142e+00
-8.294675899999864654e+00
-8.394868599999979253e+00
-8.495518499999970885e+00
-8.595608299999909718e+00
-8.696059049999851354e+00
-8.795993199999854184e+00
-8.896360399999968749e+00
-8.996763499999973490e+00
-9.097031749999910488e+00
-9.197116999999849440e+00
-9.297470799999846491e+00
-9.397571799999974829e+00
-9.497636749999974981e+00
-9.597738999999910092e+00
-9.698168949999848465e+00
-9.797911399999838622e+00
-9.898328049999980394e+00
-9.998259999999977055e+00
-1.009838464999991103e+01
-1.019859699999984670e+01
-1.029866544999983624e+01
-1.039880339999997894e+01
-1.049876874999997334e+01
-1.059898569999992546e+01
-1.069908559999984554e+01
-1.079910399999985238e+01
-1.089914859999996288e+01
-1.099920699999997531e+01
-1.109935154999994467e+01
-1.119924759999984332e+01
-1.129937489999986511e+01
-1.139947739999995058e+01
-1.149942624999997598e+01
-1.159951719999996378e+01
-1.169958314999984061e+01
-1.179951009999988010e+01
-1.189967334999993653e+01
-1.199959399999997700e+01
-1.209956994999997626e+01
-1.219962369999984197e+01
-1.229974974999989179e+01
-1.239974799999992250e+01
-1.249972449999997615e+01
-1.259980289999999670e+01
-1.269975744999984180e+01
-1.279980759999990525e+01
-1.289974669999991086e+01
-1.299978249999997715e+01
-1.309982635000000784e+01
-1.319984799999983949e+01
-1.329983169999991333e+01
-1.339988449999990294e+01
-1.349990699999997901e+01
-1.359990639999979578e+01
-1.369984299999983968e+01
-1.379988149999992508e+01
-1.389986484999989358e+01
-1.399987999999997790e+01
-1.409995974999978507e+01
-1.419994329999983940e+01
-1.429989404999993141e+01
-1.439994259999988202e+01
-1.449993399999997834e+01
-1.459993359999977258e+01
-1.469994989999983659e+01
-1.479993279999994016e+01
-1.489999154999987496e+01
-1.499989799999998219e+01
-1.509999144999976117e+01
-1.519995699999983430e+01
-1.529995674999994826e+01
-1.539996519999986546e+01
-1.549998249999998201e+01
-1.559999999999975273e+01
-1.569997344999983468e+01
-1.579995549999995674e+01
-1.589996419999985910e+01
-1.599999099999998187e+01
-1.609999094999974290e+01
-1.619996359999983326e+01
-1.629998169999996449e+01
-1.639998159999985461e+01
-1.649999999999998224e+01
-1.659999999999973497e+01
-1.669999999999983231e+01
-1.679998119999996220e+01
-1.689999999999984226e+01
