-1.700000000000000000e+01
-1.689999054999989525e+01
-1.680000000000011440e+01
-1.669999999999988560e+01
-1.660000000000010090e+01
-1.650000000000000000e+01
-1.639999999999990266e+01
-1.630000000000011440e+01
-1.619999999999988560e+01
-1.610000000000009024e+01
-1.599999100000000318e+01
-1.589999104999991175e+01
-1.580000000000011084e+01
-1.569999999999988916e+01
-1.560000000000008491e+01
-1.550000000000000000e+01
-1.539999129999992000e+01
-1.530000000000010907e+01
-1.519999999999989093e+01
-1.509999145000007204e+01
-1.499998300000000029e+01
-1.489999999999993108e+01
-1.480000000000010729e+01
-1.469999999999989271e+01
-1.460000000000006359e+01
-1.449999175000000129e+01
-1.439999179999994361e+01
-1.430000000000010374e+01
-1.419997569999989828e+01
-1.409996780000005501e+01
-1.399995999999999974e+01
-1.389998409999995488e+01
-1.379999210000010201e+01
-1.369996859999990058e+01
-1.359997660000004416e+01
-1.349998450000000183e+01
-1.339998459999996605e+01
-1.329997705000011088e+01
-1.319996959999990160e+01
-1.309996225000003101e+01
-1.299995499999999993e+01
-1.289994039999997888e+01
-1.279996300000010656e+01
-1.269993384999990660e+01
-1.259989780000001680e+01
-1.249992750000000186e+01
-1.239992079999999319e+01
-1.229992135000010656e+01
-1.219995029999991054e+01
-1.209990835000000153e+01
-1.199995100000000114e+01
-1.189988880000001004e+01
-1.179986890000010114e+01
-1.169986299999991530e+01
-1.159988439999998633e+01
-1.149985150000000012e+01
-1.139987270000002439e+01
-1.129982710000009760e+01
-1.119976239999992096e+01
-1.109971834999997142e+01
-1.099978550000000155e+01
-1.089978070000004351e+01
-1.079972480000009227e+01
-1.069968249999992516e+01
-1.059957159999995113e+01
-1.049965000000000259e+01
-1.039967140000006118e+01
-1.029958795000009175e+01
-1.019959129999993053e+01
-1.009960069999999632e+01
-9.999472000000002581e+00
-9.899458550000067802e+00
-9.799486700000086259e+00
-9.699409149999937085e+00
-9.599350400000000505e+00
-9.499206500000001441e+00
-9.399219100000067328e+00
-9.299096000000082185e+00
-9.199047999999942604e+00
-9.099046400000004198e+00
-8.998911000000001437e+00
-8.898632050000065519e+00
-8.798639200000074823e+00
-8.698699949999950221e+00
-8.598372900000011754e+00
-8.498404000000007841e+00
-8.398263200000064543e+00
-8.297970900000070316e+00
-8.197985499999958847e+00
-8.097571950000016727e+00
-7.997641000000006883e+00
-7.897262650000062223e+00
-7.797144300000062422e+00
-7.696959049999968272e+00
-7.596482600000025620e+00
-7.496092750000006966e+00
-7.395946900000080149e+00
-7.295654250000055185e+00
-7.195435199999979936e+00
-7.094706800000033731e+00
-6.994283500000007869e+00
-6.894195750000079670e+00
-6.793544800000044681e+00
-6.693258799999991737e+00
-6.592597800000042696e+00
-6.491731250000008835e+00
-6.391118400000078914e+00
-6.290371400000034363e+00
-6.189961700000004896e+00
-6.088496700000054496e+00
-5.987410000000009447e+00
-5.886872550000078697e+00
-5.785962800000027606e+00
-5.684423400000022220e+00
-5.583783400000068120e+00
-5.481975250000011179e+00
-5.380994800000078016e+00
-5.279255550000013564e+00
-5.177005600000042840e+00
-5.075749700000081965e+00
-4.973877000000014093e+00
-4.871117700000076489e+00
-4.769020600000011711e+00
-4.666754150000045342e+00
-4.563918700000075823e+00
-4.461355250000015538e+00
-4.358069800000074601e+00
-4.255156300000018987e+00
-4.150440000000044982e+00
-4.045707050000068250e+00
-3.941192000000017348e+00
-3.836613650000072262e+00
-3.732161200000027712e+00
-3.625609050000044853e+00
-3.519645800000058333e+00
-3.413737750000020110e+00
-3.304651400000068850e+00
-3.197380500000039927e+00
-3.087236800000044745e+00
-2.977513800000043620e+00
-2.866952000000024370e+00
-2.753820300000067167e+00
-2.640059800000057244e+00
-2.522459300000043925e+00
-2.404282800000028697e+00
-2.283423000000029734e+00
-2.159213800000059802e+00
-2.028386700000056830e+00
-1.889009000000041683e+00
-1.734797050000047358e+00
-1.517881000000001812e+00
-1.731688599999949840e+00
-1.890115299999940435e+00
-2.028281699999956444e+00
-2.157744399999955043e+00
-2.284305749999969937e+00
-2.405108099999935245e+00
-2.523828749999936782e+00
-2.639862999999954329e+00
-2.754204649999950849e+00
-2.865920499999975224e+00
-2.977214899999929720e+00
-3.087750999999953727e+00
-3.196755349999953921e+00
-3.305203199999935837e+00
-3.412596999999979008e+00
-3.519562999999926056e+00
-3.625761599999965945e+00
-3.732123999999953590e+00
-3.836326749999925845e+00
-3.941294999999945148e+00
-4.046322849999914872e+00
-4.151129499999975714e+00
-4.254943999999953874e+00
-4.357644599999917823e+00
-4.461034499999951386e+00
-4.563827099999913095e+00
-4.666399699999983497e+00
-4.769804799999952216e+00
-4.871604249999909264e+00
-4.973901499999956677e+00
-5.075400399999913326e+00
-5.176807199999986508e+00
-5.278856699999944446e+00
-5.380354599999916054e+00
-5.482526499999959668e+00
-5.583152999999913213e+00
-5.685115299999869976e+00
-5.785430699999925430e+00
-5.886931799999931769e+00
-5.988043999999963063e+00
-6.088449049999912432e+00
-6.189661499999864702e+00
-6.290285249999909567e+00
-6.391315199999943353e+00
-6.492151499999966546e+00
-6.592616299999911611e+00
-6.693008199999861851e+00
-6.793615799999895621e+00
-6.893925299999954071e+00
-6.994674999999968001e+00
-7.095057149999911772e+00
-7.195143399999857969e+00
-7.295844899999884170e+00
-7.396084899999963547e+00
-7.496169749999970655e+00
-7.596352999999911759e+00
-7.696906699999855661e+00
-7.797154099999874077e+00
-7.897559649999972287e+00
-7.997714999999971042e+00
-8.097909299999910715e+00
-8.197924299999852948e+00
-8.298073899999863556e+00
-8.398171599999978199e+00
-8.498325249999972186e+00
-8.598649499999909906e+00
-8.698657149999851512e+00
-8.798752599999852819e+00
-8.898708349999967737e+00
-8.999059499999972900e+00
-9.099045399999910799e+00
-9.199126399999849824e+00
-9.299073399999846501e+00
-9.399201999999975854e+00
-9.499258249999975590e+00
-9.599373599999911022e+00
-9.699391599999847458e+00
-9.799545699999839599e+00
-9.899518049999981528e+00
-9.999417999999977269e+00
-1.009964909999991001e+01
-1.019946319999984574e+01
-1.029963714999983537e+01
-1.039965279999997882e+01
-1.049964999999997417e+01
-1.059966609999992571e+01
-1.069969519999984442e+01
-1.079973759999985106e+01
-1.089972264999996376e+01
-1.099973999999997432e+01
-1.109984279999994428e+01
-1.119982839999984314e+01
-1.129986699999986577e+01
-1.139981239999995033e+01
-1.149983799999997558e+01
-1.159984359999996428e+01
-1.169991094999984149e+01
-1.179985509999987947e+01
-1.189991659999993701e+01
-1.199992999999997778e+01
-1.209992949999997691e+01
-1.219992189999984156e+01
-1.229992134999989162e+01
-1.239992079999992214e+01
-1.249994924999997714e+01
-1.259997079999999592e+01
-1.269994854999984035e+01
-1.279995559999990462e+01
-1.289994784999991140e+01
-1.299994749999997623e+01
-1.309996225000000791e+01
-1.319995439999983944e+01
-1.329998469999991428e+01
-1.339997689999990271e+01
-1.349998449999997874e+01
-1.359999219999979481e+01
-1.369998429999983891e+01
-1.379999999999992433e+01
-1.389998409999989448e+01
-1.399997599999997888e+01
-1.409999999999978471e+01
-1.419999999999983942e+01
-1.429999184999993211e+01
-1.439997539999988163e+01
-1.449999174999997820e+01
-1.459999169999977298e+01
-1.469998329999983611e+01
-1.479999999999994031e+01
-1.489997464999987464e+01
-1.499999149999998238e+01
-1.509999144999976117e+01
-1.519999139999983484e+01
-1.529999134999994759e+01
-1.539999129999986494e+01
-1.549999124999998301e+01
-1.559999999999975273e+01
-1.569999999999983409e+01
-1.579999999999995630e+01
-1.589998209999985868e+01
-1.599999999999998224e+01
-1.609999094999974290e+01
-1.619999089999983255e+01
-1.629999084999996484e+01
-1.639999999999985292e+01
-1.649999999999998224e+01
-1.659999999999973497e+01
-1.669999064999983318e+01
-1.679999999999996163e+01
-1.689999999999984226e+01
