1.000000000000000000e+00
9.999995000000000411e-01
1.000000000000000000e+00
1.000000000000000000e+00
1.000000000000000000e+00
1.000000000000000000e+00
1.000000000000000000e+00
1.000000000000000000e+00
1.000000000000000000e+00
1.000000000000000000e+00
9.999995000000000411e-01
9.999995000000000411e-01
1.000000000000000000e+00
1.000000000000000000e+00
1.000000000000000000e+00
1.000000000000000000e+00
9.999995000000000411e-01
1.000000000000000000e+00
1.000000000000000000e+00
9.999995000000000411e-01
9.999989999999999712e-01
1.000000000000000000e+00
1.000000000000000000e+00
1.000000000000000000e+00
1.000000000000000000e+00
9.999995000000000411e-01
9.999995000000000411e-01
1.000000000000000000e+00
9.999985000000000124e-01
9.999980000000000535e-01
9.999974999999999836e-01
9.999989999999999712e-01
9.999995000000000411e-01
9.999980000000000535e-01
9.999985000000000124e-01
9.999989999999999712e-01
9.999989999999999712e-01
9.999985000000000124e-01
9.999980000000000535e-01
9.999974999999999836e-01
9.999970000000000248e-01
9.999959999999999960e-01
9.999974999999999836e-01
9.999955000000000371e-01
9.999930000000000208e-01
9.999949999999999672e-01
9.999945000000000084e-01
9.999945000000000084e-01
9.999964999999999549e-01
9.999934999999999796e-01
9.999964999999999549e-01
9.999919999999999920e-01
9.999905000000000044e-01
9.999900000000000455e-01
9.999915000000000331e-01
9.999890000000000168e-01
9.999905000000000044e-01
9.999869999999999592e-01
9.999820000000000375e-01
9.999784999999999924e-01
9.999835000000000251e-01
9.999829999999999552e-01
9.999784999999999924e-01
9.999749999999999472e-01
9.999660000000000215e-01
9.999719999999999720e-01
9.999734999999999596e-01
9.999664999999999804e-01
9.999664999999999804e-01
9.999670000000000503e-01
9.999559999999999560e-01
9.999544999999999684e-01
9.999565000000000259e-01
9.999495000000000466e-01
9.999440000000000550e-01
9.999310000000000143e-01
9.999314999999999731e-01
9.999200000000000310e-01
9.999149999999999983e-01
9.999139999999999695e-01
9.999010000000000398e-01
9.998744999999999994e-01
9.998740000000000405e-01
9.998785000000000034e-01
9.998464999999999714e-01
9.998479999999999590e-01
9.998329999999999718e-01
9.998029999999999973e-01
9.998025000000000384e-01
9.997595000000000232e-01
9.997639999999999860e-01
9.997234999999999872e-01
9.997084999999999999e-01
9.996865000000000334e-01
9.996334999999999527e-01
9.995884999999999909e-01
9.995684999999999709e-01
9.995325000000000459e-01
9.995034999999999892e-01
9.994180000000000286e-01
9.993644999999999889e-01
9.993474999999999442e-01
9.992659999999999876e-01
9.992240000000000011e-01
9.991379999999999706e-01
9.990265000000000395e-01
9.989409999999999679e-01
9.988380000000000036e-01
9.987734999999999808e-01
9.985770000000000479e-01
9.984220000000000317e-01
9.983345000000000136e-01
9.981959999999999722e-01
9.979719999999999702e-01
9.978590000000000515e-01
9.975874999999999604e-01
9.974169999999999980e-01
9.971434999999999604e-01
9.967880000000000074e-01
9.965669999999999806e-01
9.962450000000000472e-01
9.957829999999999737e-01
9.954045000000000254e-01
9.949945000000000039e-01
9.944745000000000390e-01
9.939924999999999455e-01
9.933644999999999836e-01
9.927909999999999791e-01
9.918850000000000167e-01
9.909504999999999564e-01
9.899985000000000035e-01
9.890234999999999443e-01
9.880039999999999933e-01
9.865865000000000329e-01
9.852130000000000054e-01
9.837905000000000122e-01
9.816409999999999858e-01
9.797749999999999515e-01
9.771940000000000071e-01
9.745979999999999643e-01
9.716049999999999409e-01
9.678669999999999218e-01
9.637459999999999916e-01
9.583690000000000264e-01
9.521379999999999288e-01
9.448159999999999892e-01
9.356295000000000028e-01
9.228389999999999649e-01
9.046399999999999997e-01
8.746804999999999719e-01
3.670249999999999901e-02
-8.725760000000000183e-01
-9.050814999999999833e-01
-9.227389999999999759e-01
-9.351785000000000236e-01
-9.449775000000000258e-01
-9.523935000000000040e-01
-9.586525000000000185e-01
-9.636525000000000230e-01
-9.679584999999999440e-01
-9.714174999999999338e-01
-9.745389999999999331e-01
-9.773074999999999957e-01
-9.796595000000000164e-01
-9.817430000000000323e-01
-9.835460000000000313e-01
-9.851900000000000102e-01
-9.866179999999999950e-01
-9.880200000000000093e-01
-9.889725000000000321e-01
-9.900289999999999369e-01
-9.910484999999999989e-01
-9.919974999999999765e-01
-9.927500000000000213e-01
-9.932965000000000266e-01
-9.939369999999999594e-01
-9.944634999999999447e-01
-9.949409999999999643e-01
-9.955260000000000220e-01
-9.958525000000000293e-01
-9.962474999999999525e-01
-9.965140000000000109e-01
-9.967610000000000081e-01
-9.970890000000000031e-01
-9.973339999999999428e-01
-9.976610000000000200e-01
-9.977774999999999839e-01
-9.980590000000000295e-01
-9.981265000000000276e-01
-9.983419999999999517e-01
-9.985009999999999719e-01
-9.985705000000000275e-01
-9.987374999999999448e-01
-9.988274999999999793e-01
-9.989654999999999507e-01
-9.990750000000000464e-01
-9.991404999999999870e-01
-9.991959999999999731e-01
-9.992735000000000367e-01
-9.993170000000000108e-01
-9.994079999999999631e-01
-9.994564999999999699e-01
-9.994720000000000271e-01
-9.995530000000000248e-01
-9.995834999999999582e-01
-9.995964999999999989e-01
-9.996199999999999530e-01
-9.996810000000000418e-01
-9.997095000000000287e-01
-9.997534999999999616e-01
-9.997715000000000352e-01
-9.997930000000000428e-01
-9.997964999999999769e-01
-9.998129999999999518e-01
-9.998240000000000460e-01
-9.998405000000000209e-01
-9.998725000000000529e-01
-9.998744999999999994e-01
-9.998844999999999539e-01
-9.998814999999999786e-01
-9.999145000000000394e-01
-9.999139999999999695e-01
-9.999219999999999775e-01
-9.999179999999999735e-01
-9.999299999999999855e-01
-9.999354999999999771e-01
-9.999460000000000015e-01
-9.999479999999999480e-01
-9.999614999999999476e-01
-9.999595000000000011e-01
-9.999514999999999931e-01
-9.999710000000000543e-01
-9.999559999999999560e-01
-9.999704999999999844e-01
-9.999719999999999720e-01
-9.999719999999999720e-01
-9.999734999999999596e-01
-9.999759999999999760e-01
-9.999795000000000211e-01
-9.999784999999999924e-01
-9.999799999999999800e-01
-9.999879999999999880e-01
-9.999869999999999592e-01
-9.999900000000000455e-01
-9.999860000000000415e-01
-9.999879999999999880e-01
-9.999884999999999469e-01
-9.999934999999999796e-01
-9.999894999999999756e-01
-9.999940000000000495e-01
-9.999949999999999672e-01
-9.999949999999999672e-01
-9.999945000000000084e-01
-9.999945000000000084e-01
-9.999945000000000084e-01
-9.999964999999999549e-01
-9.999980000000000535e-01
-9.999964999999999549e-01
-9.999970000000000248e-01
-9.999964999999999549e-01
-9.999964999999999549e-01
-9.999974999999999836e-01
-9.999970000000000248e-01
-9.999989999999999712e-01
-9.999985000000000124e-01
-9.999989999999999712e-01
-9.999995000000000411e-01
-9.999989999999999712e-01
-1.000000000000000000e+00
-9.999989999999999712e-01
-9.999985000000000124e-01
-1.000000000000000000e+00
-1.000000000000000000e+00
-9.999995000000000411e-01
-9.999985000000000124e-01
-9.999995000000000411e-01
-9.999995000000000411e-01
-9.999989999999999712e-01
-1.000000000000000000e+00
-9.999985000000000124e-01
-9.999995000000000411e-01
-9.999995000000000411e-01
-9.999995000000000411e-01
-9.999995000000000411e-01
-9.999995000000000411e-01
-9.999995000000000411e-01
-1.000000000000000000e+00
-1.000000000000000000e+00
-1.000000000000000000e+00
-9.999989999999999712e-01
-1.000000000000000000e+00
-9.999995000000000411e-01
-9.999995000000000411e-01
-9.999995000000000411e-01
-1.000000000000000000e+00
-1.000000000000000000e+00
-1.000000000000000000e+00
-9.999995000000000411e-01
-1.000000000000000000e+00
-1.000000000000000000e+00
