-6.997714000000000212e+00
-6.988004220000006761e+00
-6.977898680000009790e+00
-6.967671800000016624e+00
-6.957710240000004376e+00
-6.947708800000006235e+00
-6.937586200000013470e+00
-6.927517459999990912e+00
-6.917591599999997953e+00
-6.907612120000000466e+00
-6.897418999999987754e+00
-6.887457459999994036e+00
-6.877282719999996630e+00
-6.867569620000004704e+00
-6.857314560000010495e+00
-6.847274200000013522e+00
-6.837259600000019866e+00
-6.827192060000006890e+00
-6.817379640000010177e+00
-6.807691780000017623e+00
-6.797623999999995448e+00
-6.787310259999999040e+00
-6.777440240000006000e+00
-6.767439159999992349e+00
-6.757060639999994400e+00
-6.747064000000000838e+00
-6.736836120000008421e+00
-6.727206400000015130e+00
-6.717593280000016875e+00
-6.706864400000003279e+00
-6.696854600000009761e+00
-6.686802080000013859e+00
-6.677257120000019697e+00
-6.667069539999999961e+00
-6.657090240000004044e+00
-6.647253300000009801e+00
-6.636906879999997066e+00
-6.627048539999998766e+00
-6.617055960000005399e+00
-6.606900400000013107e+00
-6.596732000000018914e+00
-6.586976320000021090e+00
-6.576726440000007834e+00
-6.566434880000014296e+00
-6.556994880000015513e+00
-6.546943099999998239e+00
-6.536878360000004662e+00
-6.526792720000009318e+00
-6.516540879999993763e+00
-6.506621019999999866e+00
-6.496472000000003355e+00
-6.486620980000010306e+00
-6.476221920000017285e+00
-6.466738580000018111e+00
-6.456349280000024393e+00
-6.446117000000011643e+00
-6.436286400000012620e+00
-6.426328520000018862e+00
-6.416345720000003361e+00
-6.406690460000009857e+00
-6.396539200000012748e+00
-6.386258059999997627e+00
-6.376296040000004162e+00
-6.366408900000006810e+00
-6.355452160000013784e+00
-6.345891800000019956e+00
-6.336334400000023237e+00
-6.326068240000028986e+00
-6.316110240000014642e+00
-6.306310360000015436e+00
-6.295688000000022377e+00
-6.285606300000009306e+00
-6.275346640000016407e+00
-6.265935160000017490e+00
-6.255655240000002060e+00
-6.245689000000008484e+00
-6.235871520000009660e+00
-6.225526880000018082e+00
-6.215495440000024630e+00
-6.205866160000027776e+00
-6.195596400000034087e+00
-6.185528260000017653e+00
-6.175312680000018872e+00
-6.164922260000026633e+00
-6.155666880000014274e+00
-6.144971300000015013e+00
-6.135233960000022968e+00
-6.124963400000006608e+00
-6.114851920000008434e+00
-6.105215100000014772e+00
-6.094710600000022183e+00
-6.085493780000029496e+00
-6.074618560000029532e+00
-6.065101440000013611e+00
-6.054519200000020085e+00
-6.045057300000022948e+00
-6.034697600000011874e+00
-6.024804560000018405e+00
-6.014369960000021109e+00
-6.004405000000027748e+00
-5.994716000000011924e+00
-5.984215260000012471e+00
-5.974533720000018810e+00
-5.964393120000026194e+00
-5.954396240000033202e+00
-5.944236300000033779e+00
-5.934775480000017644e+00
-5.924226960000023468e+00
-5.914325440000023804e+00
-5.904016220000016801e+00
-5.894162000000023660e+00
-5.883364620000025802e+00
-5.873873360000008148e+00
-5.864180200000014942e+00
-5.853806320000017216e+00
-5.843312400000023388e+00
-5.833673280000031269e+00
-5.823563740000030187e+00
-5.813787280000037860e+00
-5.803131200000019696e+00
-5.793467600000021811e+00
-5.783768420000027888e+00
-5.773974720000022209e+00
-5.763268100000029648e+00
-5.753357920000030212e+00
-5.743351000000012085e+00
-5.732875720000017772e+00
-5.723247980000020441e+00
-5.713292160000027486e+00
-5.702795440000032912e+00
-5.692897200000034630e+00
-5.682729260000042082e+00
-5.672720000000024854e+00
-5.663193700000024755e+00
-5.652428600000030556e+00
-5.642598800000028447e+00
-5.632597920000034009e+00
-5.622191620000035250e+00
-5.612883680000017250e+00
-5.602713620000024264e+00
-5.592305600000023524e+00
-5.582194300000031362e+00
-5.571830440000037576e+00
-5.561935240000039471e+00
-5.551782720000045579e+00
-5.542706700000026743e+00
-5.531955280000027564e+00
-5.521947840000033914e+00
-5.512074880000032984e+00
-5.501458600000033172e+00
-5.491597000000039586e+00
-5.481714100000021794e+00
-5.472166000000021846e+00
-5.461828880000028086e+00
-5.451275800000035865e+00
-5.441272600000042203e+00
-5.431117760000041983e+00
-5.421448640000022579e+00
-5.411264400000028729e+00
-5.400828780000030527e+00
-5.390440400000036547e+00
-5.381115660000038048e+00
-5.370864800000039629e+00
-5.361102300000045062e+00
-5.350564320000025909e+00
-5.340448900000025922e+00
-5.329870760000032348e+00
-5.320436360000040388e+00
-5.310127360000046259e+00
-5.300425280000046868e+00
-5.289660600000027024e+00
-5.279676200000032793e+00
-5.270206560000032958e+00
-5.259937240000035708e+00
-5.250052760000043506e+00
-5.239298000000044198e+00
-5.229430160000022809e+00
-5.219248840000029865e+00
-5.209145800000031024e+00
-5.198334960000035920e+00
-5.189193600000044704e+00
-5.179318900000043691e+00
-5.169358520000050028e+00
-5.158172820000029191e+00
-5.148588000000029474e+00
-5.138536500000035367e+00
-5.128352680000042518e+00
-5.118379320000048693e+00
-5.108139840000047727e+00
-5.098706660000027036e+00
-5.087716600000034006e+00
-5.078876340000034517e+00
-5.068020320000041323e+00
-5.057582660000047525e+00
-5.047789960000047316e+00
-5.038071200000054262e+00
-5.027199040000033925e+00
-5.017849980000033128e+00
-5.007237560000039167e+00
-4.997145560000046949e+00
-4.986932000000052767e+00
-4.976361580000052243e+00
-4.966877760000032005e+00
-4.956444500000039000e+00
-4.946521600000036933e+00
-4.936426000000044390e+00
-4.925244160000050719e+00
-4.916411900000052349e+00
-4.906176320000057878e+00
-4.896445480000036099e+00
-4.885510800000037790e+00
-4.875859040000043443e+00
-4.866390560000051657e+00
-4.855157840000050129e+00
-4.844710760000054961e+00
-4.835238900000036644e+00
-4.825576880000035374e+00
-4.814548580000042044e+00
-4.805145640000049845e+00
-4.794364140000055841e+00
-4.783964000000054284e+00
-4.774234560000035543e+00
-4.764218800000040943e+00
-4.753542120000041393e+00
-4.743856000000048034e+00
-4.733651500000053858e+00
-4.724289440000053908e+00
-4.713236080000060113e+00
-4.703314560000041666e+00
-4.693099700000040286e+00
-4.682711000000046475e+00
-4.672969600000053347e+00
-4.662552960000059699e+00
-4.653287580000057488e+00
-4.643416680000040486e+00
-4.632735500000046081e+00
-4.622542400000043905e+00
-4.610801660000051427e+00
-4.601305960000057205e+00
-4.592024260000057367e+00
-4.581158000000038477e+00
-4.571301780000044168e+00
-4.561815600000044491e+00
-4.551428060000049847e+00
-4.541592320000058081e+00
-4.531837500000056806e+00
-4.520028800000060798e+00
-4.509811700000044610e+00
-4.500614080000041817e+00
-4.490453760000048256e+00
-4.479650000000055421e+00
-4.469995040000061870e+00
-4.459672160000059726e+00
-4.449889840000043506e+00
-4.439380320000048563e+00
-4.428645900000049096e+00
-4.418784960000054163e+00
-4.409488560000060176e+00
-4.398252440000059771e+00
-4.388527840000065794e+00
-4.378378400000048742e+00
-4.368284640000046792e+00
-4.358255840000052395e+00
-4.348510740000060437e+00
-4.336234080000066271e+00
-4.327608100000063018e+00
-4.317340680000048891e+00
-4.306382580000053473e+00
-4.296571200000050439e+00
-4.286449160000058711e+00
-4.276151200000064101e+00
-4.265724480000063323e+00
-4.254992160000068857e+00
-4.245452420000051852e+00
-4.235316160000051511e+00
-4.225716000000057093e+00
-4.214602080000064532e+00
-4.205029880000061837e+00
-4.194259520000066743e+00
-4.183577000000052060e+00
-4.173310400000049825e+00
-4.163551960000055452e+00
-4.153673640000063116e+00
-4.143284420000068025e+00
-4.133258560000064641e+00
-4.122358100000051984e+00
-4.113108640000056049e+00
-4.102057220000055793e+00
-4.091768320000061188e+00
-4.082145120000066463e+00
-4.071551600000065996e+00
-4.061931700000070755e+00
-4.051213600000057369e+00
-4.040329780000054605e+00
-4.030794960000059213e+00
-4.019335000000066493e+00
-4.010071600000072678e+00
-3.999410160000068881e+00
-3.989469440000056100e+00
-3.980021480000060841e+00
-3.968800000000057615e+00
-3.957966260000065351e+00
-3.947326480000070248e+00
-3.937250380000068883e+00
-3.928073120000054708e+00
-3.917072800000060084e+00
-3.906463560000058788e+00
-3.897504080000063542e+00
-3.885153600000071261e+00
-3.875875220000067678e+00
-3.866496000000072097e+00
-3.855468520000060906e+00
-3.845506720000056333e+00
-3.836209540000062201e+00
-3.824602760000070045e+00
-3.815514500000074527e+00
-3.802731200000070366e+00
-3.794184120000059224e+00
-3.784367960000064368e+00
-3.773920040000062315e+00
-3.761787200000067610e+00
-3.751275160000072884e+00
-3.742033160000071135e+00
-3.731260740000076126e+00
-3.720715520000065890e+00
-3.710471500000060985e+00
-3.701221320000065429e+00
-3.689328860000073096e+00
-3.680557040000078217e+00
-3.668512260000073688e+00
-3.659377600000064401e+00
-3.648129340000068943e+00
-3.637876640000064388e+00
-3.626750740000072248e+00
-3.618161040000076767e+00
-3.606797300000074369e+00
-3.596717760000078812e+00
-3.587240540000068201e+00
-3.575060240000065281e+00
-3.564597100000070018e+00
-3.555181600000077324e+00
-3.545662640000072585e+00
-3.534679040000076711e+00
-3.523027980000069004e+00
-3.512424240000064035e+00
-3.503830800000069079e+00
-3.493052520000076377e+00
-3.482881220000080269e+00
-3.472430240000075052e+00
-3.461492040000067938e+00
-3.450979000000072183e+00
-3.441327820000069426e+00
-3.429803840000074100e+00
-3.420324180000079206e+00
-3.409082280000076182e+00
-3.398861900000080372e+00
-3.389093120000073789e+00
-3.378547840000068359e+00
-3.367583800000072625e+00
-3.356602600000079928e+00
-3.346632400000084218e+00
-3.334669740000078875e+00
-3.325453240000072697e+00
-3.315171000000077139e+00
-3.303898080000071236e+00
-3.293640400000078738e+00
-3.284415240000082559e+00
-3.272201160000078879e+00
-3.260387360000071677e+00
-3.251235380000076169e+00
-3.242386200000072716e+00
-3.231569220000076292e+00
-3.220601600000084108e+00
-3.208568880000077339e+00
-3.198879720000081139e+00
-3.189225000000077248e+00
-3.178036880000071118e+00
-3.166053100000075560e+00
-3.157212760000082774e+00
-3.146304460000086234e+00
-3.135733600000079946e+00
-3.125604300000076829e+00
-3.113840480000080735e+00
-3.105052260000076281e+00
-3.091925040000080838e+00
-3.084752400000085437e+00
-3.071923880000080764e+00
-3.061971040000084354e+00
-3.049552480000082610e+00
-3.039594580000075208e+00
-3.029541600000078994e+00
-3.018374760000085644e+00
-3.008089600000090513e+00
-2.995695980000082859e+00
-2.985294800000081405e+00
-2.976482500000085629e+00
-2.965573600000077636e+00
-2.955994720000084897e+00
-2.943047040000088099e+00
-2.933782660000083364e+00
-2.922570000000087376e+00
-2.911330900000084654e+00
-2.900212000000079726e+00
-2.890287380000082784e+00
-2.879311040000089861e+00
-2.869839000000081963e+00
-2.857715360000084637e+00
-2.846157560000086129e+00
-2.835637680000077765e+00
-2.823939280000081986e+00
-2.814413200000088544e+00
-2.804536860000091725e+00
-2.792198720000083512e+00
-2.781960900000085779e+00
-2.772206480000088735e+00
-2.761015800000083065e+00
-2.748962400000086959e+00
-2.739123620000090575e+00
-2.727994880000084610e+00
-2.716483720000087754e+00
-2.705632800000091098e+00
-2.694764440000082306e+00
-2.685828760000084969e+00
-2.673703500000091715e+00
-2.661224480000095483e+00
-2.650313000000086294e+00
-2.639338440000090547e+00
-2.629316000000093467e+00
-2.618741120000084077e+00
-2.607119540000090829e+00
-2.595849400000093343e+00
-2.584081420000087004e+00
-2.574402320000089173e+00
-2.561795480000093050e+00
-2.551900200000086105e+00
-2.539643200000088807e+00
-2.529361600000095578e+00
-2.518383680000086056e+00
-2.506348680000088258e+00
-2.497810040000094656e+00
-2.484439600000084347e+00
-2.474758820000087844e+00
-2.461753520000094397e+00
-2.451736800000096750e+00
-2.440413920000086723e+00
-2.428443400000093622e+00
-2.417858400000095553e+00
-2.405600800000089468e+00
-2.395168480000092526e+00
-2.381271020000095717e+00
-2.369955000000089296e+00
-2.360305240000091676e+00
-2.350499360000098292e+00
-2.333832200000088619e+00
-2.324350200000090627e+00
-2.315616700000096895e+00
-2.304660880000100054e+00
-2.289133880000090659e+00
-2.279458200000096912e+00
-2.266087140000098810e+00
-2.255299200000089765e+00
-2.243525540000096186e+00
-2.231176680000097612e+00
-2.221892420000092461e+00
-2.208342640000095169e+00
-2.197061600000097759e+00
-2.187079680000092452e+00
-2.171043300000093712e+00
-2.162426400000100557e+00
-2.150187840000091555e+00
-2.137998800000092903e+00
-2.125884020000099017e+00
-2.113667040000090758e+00
-2.101966540000093087e+00
-2.089935800000099153e+00
-2.075612500000100002e+00
-2.066048640000091918e+00
-2.053954000000098201e+00
-2.041077840000099286e+00
-2.027442200000094896e+00
-2.016056400000096893e+00
-2.003666120000099138e+00
-1.992527320000095026e+00
-1.977326020000095719e+00
-1.965391840000101809e+00
-1.955337800000094273e+00
-1.940211480000094690e+00
-1.925998100000100521e+00
-1.915278000000101954e+00
-1.900894540000094723e+00
-1.887890200000100549e+00
-1.874767080000100394e+00
-1.860785120000093329e+00
-1.849480600000099395e+00
-1.836373680000099151e+00
-1.821990300000096541e+00
-1.800897760000095493e+00
-1.785953720000087896e+00
-1.776361160000092143e+00
-1.754931700000037509e+00
-1.744164000000032688e+00
-1.751092819999957806e+00
-1.760236399999949963e+00
-1.777127939999922912e+00
-1.790075039999924567e+00
-1.816045699999903285e+00
-1.838516519999896959e+00
-1.847414979999896900e+00
-1.858367999999903430e+00
-1.875270079999897144e+00
-1.889820599999896711e+00
-1.902113779999899501e+00
-1.914994879999897481e+00
-1.930090799999895523e+00
-1.940331799999898799e+00
-1.954125999999898111e+00
-1.963483359999891764e+00
-1.979414719999899042e+00
-1.990747919999898308e+00
-2.004688479999892081e+00
-2.019203999999890087e+00
-2.029120419999897784e+00
-2.042439679999891400e+00
-2.052390159999890606e+00
-2.066313919999898552e+00
-2.081063999999891667e+00
-2.089680359999890769e+00
-2.103620659999895004e+00
-2.112688639999892537e+00
-2.125880539999890129e+00
-2.138271999999894479e+00
-2.153361179999893071e+00
-2.159285759999886256e+00
-2.175206599999895296e+00
-2.187122279999893504e+00
-2.199499999999887212e+00
-2.210269679999895764e+00
-2.222197299999893350e+00
-2.232934599999886860e+00
-2.246514259999885077e+00
-2.256482399999894195e+00
-2.269898679999887037e+00
-2.280277399999885546e+00
-2.291472479999891121e+00
-2.304615759999887992e+00
-2.314728799999885123e+00
-2.325119519999890638e+00
-2.337545199999888634e+00
-2.348363679999882159e+00
-2.359116199999891528e+00
-2.372807999999889450e+00
-2.384716279999882449e+00
-2.395577199999879614e+00
-2.404933339999889341e+00
-2.419067119999882554e+00
-2.429027899999880002e+00
-2.438333439999889940e+00
-2.450326479999882956e+00
-2.462798359999880837e+00
-2.473821739999887193e+00
-2.484052399999884031e+00
-2.495603059999880635e+00
-2.506416439999886947e+00
-2.517834279999884739e+00
-2.529727359999877745e+00
-2.539261399999887647e+00
-2.553035759999884746e+00
-2.560954879999879363e+00
-2.574815039999888810e+00
-2.584353999999885243e+00
-2.594036599999878678e+00
-2.606485039999875575e+00
-2.619727839999885344e+00
-2.627655739999880335e+00
-2.638902519999877239e+00
-2.650792999999883826e+00
-2.662401279999879744e+00
-2.673521899999875995e+00
-2.683399199999882079e+00
-2.695495379999879315e+00
-2.705491999999875219e+00
-2.716993739999884472e+00
-2.728911799999881538e+00
-2.737455979999874778e+00
-2.748107439999870394e+00
-2.760818799999879225e+00
-2.772093839999876685e+00
-2.782906219999873532e+00
-2.793638239999882256e+00
-2.804163019999875051e+00
-2.814025199999871774e+00
-2.825721019999877459e+00
-2.836020879999873401e+00
-2.846967199999874687e+00
-2.857002879999880118e+00
-2.867459599999877096e+00
-2.880321279999869422e+00
-2.889204299999877712e+00
-2.900097719999874535e+00
-2.911985899999874228e+00
-2.924011999999881706e+00
-2.930560259999877903e+00
-2.944553159999870662e+00
-2.955226039999867105e+00
-2.965735839999875001e+00
-2.976107799999875514e+00
-2.987787439999872063e+00
-2.996213859999876661e+00
-3.008743039999872249e+00
-3.018321679999867779e+00
-3.029947999999872632e+00
-3.039772799999868713e+00
-3.051919839999870376e+00
-3.059937999999877700e+00
-3.072000919999874124e+00
-3.080831099999866929e+00
-3.093733839999862401e+00
-3.104183699999869095e+00
-3.115549279999872301e+00
-3.125344339999868382e+00
-3.134330399999875283e+00
-3.146553659999868024e+00
-3.157519999999863991e+00
-3.167381839999867665e+00
-3.177494799999874164e+00
-3.188424999999869502e+00
-3.197528839999873362e+00
-3.210428239999869593e+00
-3.218417919999862153e+00
-3.230155119999868152e+00
-3.242217999999864375e+00
-3.252741759999869586e+00
-3.262316719999875048e+00
-3.272567699999870516e+00
-3.284045559999863251e+00
-3.293888199999859268e+00
-3.305187839999865318e+00
-3.313945759999870955e+00
-3.324923639999866509e+00
-3.336186599999869884e+00
-3.346181199999864742e+00
-3.356700439999860119e+00
-3.368437199999863463e+00
-3.377757319999858954e+00
-3.388557119999865641e+00
-3.400230099999870692e+00
-3.409614879999866677e+00
-3.419100439999859464e+00
-3.430278959999854216e+00
-3.439700819999860215e+00
-3.451006999999866931e+00
-3.460889699999862845e+00
-3.472609599999867402e+00
-3.482326799999860167e+00
-3.493612639999855940e+00
-3.503180799999858763e+00
-3.513327119999853476e+00
-3.523413919999863975e+00
-3.533824399999866195e+00
-3.544436839999862254e+00
-3.555407999999855129e+00
-3.565885939999859922e+00
-3.576517239999855047e+00
-3.586114979999863728e+00
-3.596885839999868217e+00
-3.607330799999863391e+00
-3.618164959999855768e+00
-3.628104279999851745e+00
-3.637630879999856237e+00
-3.648856419999864986e+00
-3.659161999999860360e+00
-3.668618519999863103e+00
-3.679479919999857795e+00
-3.690094619999852554e+00
-3.700811879999854614e+00
-3.709813499999850439e+00
-3.721978399999859910e+00
-3.731449379999864480e+00
-3.742371959999859499e+00
-3.751886579999852422e+00
-3.761612799999847212e+00
-3.771955499999851025e+00
-3.782906439999861536e+00
-3.793234379999856909e+00
-3.803661919999861141e+00
-3.814305399999853297e+00
-3.825480919999848517e+00
-3.835104419999849856e+00
-3.844734799999863117e+00
-3.855639199999858047e+00
-3.864872199999859870e+00
-3.875784659999855108e+00
-3.886301919999847421e+00
-3.896065999999851037e+00
-3.906985319999846329e+00
-3.917385799999858698e+00
-3.926611439999862174e+00
-3.939081559999856097e+00
-3.947350599999848608e+00
-3.958153819999843837e+00
-3.969559999999847211e+00
-3.978098219999860241e+00
-3.989304719999855475e+00
-3.999128839999856133e+00
-4.010413599999850476e+00
-4.019646499999844913e+00
-4.031522999999846313e+00
-4.041256559999840903e+00
-4.051358879999853890e+00
-4.060746599999857764e+00
-4.071614199999852524e+00
-4.080824479999844989e+00
-4.091200559999839115e+00
-4.101762459999842569e+00
-4.112657719999856631e+00
-4.123194799999851057e+00
-4.132665599999854500e+00
-4.143190719999846117e+00
-4.152823719999840790e+00
-4.163262079999840992e+00
-4.173887999999835507e+00
-4.184190419999852750e+00
-4.194336359999853769e+00
-4.204230139999848070e+00
-4.214722879999840188e+00
-4.224659999999843762e+00
-4.235540999999837908e+00
-4.244107179999852875e+00
-4.255849039999855421e+00
-4.266303159999849548e+00
-4.275555999999842705e+00
-4.287313179999835633e+00
-4.296827839999838972e+00
-4.306338579999853700e+00
-4.316728039999849109e+00
-4.325497799999848958e+00
-4.337057199999843959e+00
-4.347457619999838485e+00
-4.357931319999837960e+00
-4.367910799999832783e+00
-4.378126399999849205e+00
-4.387635259999851378e+00
-4.398784559999844745e+00
-4.407819899999838142e+00
-4.419878879999830978e+00
-4.428530699999833509e+00
-4.439168999999850485e+00
-4.450015239999845384e+00
-4.459102079999847312e+00
-4.469836259999839356e+00
-4.479469999999833973e+00
-4.490038139999834144e+00
-4.499934959999852602e+00
-4.510965799999846482e+00
-4.520746679999846585e+00
-4.530586799999841041e+00
-4.541510719999832801e+00
-4.550824199999834896e+00
-4.561490599999829421e+00
-4.570619959999846493e+00
-4.581966399999848782e+00
-4.591401699999842378e+00
-4.601234519999835015e+00
-4.611813419999829300e+00
-4.622079039999830385e+00
-4.632770099999849123e+00
-4.642472279999843465e+00
-4.653076839999843450e+00
-4.662742719999836361e+00
-4.672893319999830375e+00
-4.683211999999830510e+00
-4.693173639999824509e+00
-4.703165599999842961e+00
-4.713836319999844093e+00
-4.723796159999839261e+00
-4.733719499999830660e+00
-4.744425359999824288e+00
-4.753218699999825603e+00
-4.764185239999844335e+00
-4.774579639999839031e+00
-4.783963999999840233e+00
-4.795550699999831856e+00
-4.804925959999826190e+00
-4.814935059999826628e+00
-4.824924879999819893e+00
-4.835443199999841291e+00
-4.844772479999839732e+00
-4.856522099999834197e+00
-4.865303039999826495e+00
-4.876087519999828146e+00
-4.884533199999822273e+00
-4.896652419999841577e+00
-4.906141279999841842e+00
-4.915958519999835907e+00
-4.926897759999828708e+00
-4.936922599999822303e+00
-4.947126239999822594e+00
-4.956721359999843202e+00
-4.966764119999836247e+00
-4.976501379999835883e+00
-4.986217999999829509e+00
-4.997359899999823440e+00
-5.007728879999822524e+00
-5.017876039999817017e+00
-5.027365919999836841e+00
-5.037950199999837508e+00
-5.047967399999831350e+00
-5.057164319999824187e+00
-5.068374319999817246e+00
-5.078161159999818430e+00
-5.087213399999838792e+00
-5.098076979999833114e+00
-5.108147359999833270e+00
-5.118340539999826078e+00
-5.128405799999820047e+00
-5.138728699999818517e+00
-5.148373199999839223e+00
-5.158634039999833831e+00
-5.169688799999833329e+00
-5.179107199999827493e+00
-5.188951999999819265e+00
-5.199493399999820298e+00
-5.209992199999813778e+00
-5.219562959999833218e+00
-5.229236399999834362e+00
-5.239121499999827236e+00
-5.249137999999823556e+00
-5.259232779999816643e+00
-5.269646719999817819e+00
-5.279563559999837175e+00
-5.289918199999830151e+00
-5.300021299999829516e+00
-5.310619839999822567e+00
-5.320786859999816265e+00
-5.330871679999815704e+00
-5.340796399999809374e+00
-5.350133439999828155e+00
-5.360818239999828982e+00
-5.370373719999821382e+00
-5.380974639999820397e+00
-5.390803599999814288e+00
-5.400936519999813612e+00
-5.411219879999832116e+00
-5.421144579999825908e+00
-5.431090879999826093e+00
-5.441296599999819072e+00
-5.451432999999812345e+00
-5.460768139999811588e+00
-5.471403039999804818e+00
-5.481545319999823640e+00
-5.491274999999822271e+00
-5.501592799999816208e+00
-5.511698879999817002e+00
-5.522161739999817520e+00
-5.531616439999810453e+00
-5.541904199999828862e+00
-5.552066879999828508e+00
-5.561885819999822012e+00
-5.572170279999814291e+00
-5.582220659999808099e+00
-5.592255999999808047e+00
-5.602222579999826202e+00
-5.612164159999819546e+00
-5.622618159999817067e+00
-5.631764799999820603e+00
-5.642407899999814624e+00
-5.652754319999813148e+00
-5.662810199999806393e+00
-5.672739359999824593e+00
-5.682836919999823877e+00
-5.693301599999817775e+00
-5.703446499999810015e+00
-5.713179519999803446e+00
-5.723178679999803009e+00
-5.732492719999821240e+00
-5.743664499999813877e+00
-5.753516639999812554e+00
-5.763232559999818427e+00
-5.773340319999810788e+00
-5.783106059999810533e+00
-5.793335199999828156e+00
-5.803404739999820983e+00
-5.813669799999819254e+00
-5.823403479999813115e+00
-5.834030239999805190e+00
-5.843861299999805858e+00
-5.853975519999798927e+00
-5.864337599999815076e+00
-5.873806319999814285e+00
-5.884469219999806988e+00
-5.893810399999814820e+00
-5.904217879999808183e+00
-5.914155039999807961e+00
-5.924472859999823982e+00
-5.933787039999818269e+00
-5.944307899999815348e+00
-5.954240959999808958e+00
-5.964369239999802730e+00
-5.974844919999799941e+00
-5.984151319999794438e+00
-5.994511999999810214e+00
-6.004941679999808990e+00
-6.014349879999802972e+00
-6.024720259999811312e+00
-6.035304639999805154e+00
-6.045371199999804546e+00
-6.054817359999820070e+00
-6.064883619999814179e+00
-6.075580159999812935e+00
-6.084575519999804172e+00
-6.095338399999799428e+00
-6.104570299999797278e+00
-6.115063039999789396e+00
-6.125723619999805969e+00
-6.135099719999803192e+00
-6.145260699999796294e+00
-6.155026399999809605e+00
-6.165865979999808566e+00
-6.175811839999800767e+00
-6.184934199999815974e+00
-6.195846399999815013e+00
-6.205554179999808184e+00
-6.215495439999799920e+00
-6.225522879999793702e+00
-6.235682239999793097e+00
-6.245565499999808701e+00
-6.255440479999800907e+00
-6.266096559999798643e+00
-6.275470559999793529e+00
-6.285929319999805642e+00
-6.295393199999803180e+00
-6.305795139999796461e+00
-6.315802079999811802e+00
-6.326059579999809834e+00
-6.335383639999804473e+00
-6.345849699999796201e+00
-6.355757119999790206e+00
-6.365798259999788655e+00
-6.375860279999802316e+00
-6.386115039999795684e+00
-6.396160799999794477e+00
-6.406518259999810283e+00
-6.416514119999803256e+00
-6.425919879999799633e+00
-6.436269519999815891e+00
-6.446772099999809491e+00
-6.456484639999806596e+00
-6.466531299999799920e+00
-6.476632959999792050e+00
-6.485996719999790550e+00
-6.496616999999784703e+00
-6.506323679999796994e+00
-6.516694239999796245e+00
-6.526485639999790145e+00
-6.536532759999806430e+00
-6.546408999999799860e+00
-6.556990879999798238e+00
-6.566966219999811116e+00
-6.576713279999804485e+00
-6.586705439999802181e+00
-6.596925199999795097e+00
-6.606728199999788664e+00
-6.617086439999786407e+00
-6.626741859999778939e+00
-6.637148799999791571e+00
-6.647114899999790438e+00
-6.656761159999784461e+00
-6.667142899999801919e+00
-6.676917919999795892e+00
-6.686823459999794217e+00
-6.697080799999807432e+00
-6.707143119999801506e+00
-6.717349119999799001e+00
-6.727188939999790840e+00
-6.736993439999785060e+00
-6.746744999999781278e+00
-6.756969039999774829e+00
-6.767140979999788364e+00
-6.777225519999785064e+00
-6.787521219999778310e+00
-6.797297599999799544e+00
-6.807445099999796412e+00
-6.817406919999790205e+00
-6.827492279999803237e+00
-6.837377679999801394e+00
-6.847468899999794800e+00
-6.857204239999787454e+00
-6.867307519999779508e+00
-6.877424799999778848e+00
-6.887514799999791215e+00
-6.897266799999783871e+00
-6.907808139999781716e+00
-6.917877039999801525e+00
-6.927678199999796504e+00
-6.937818639999793646e+00
-6.947905699999786577e+00
-6.957742079999798435e+00
-6.967761499999796548e+00
-6.977665199999790069e+00
-6.987842399999781406e+00
