-9.997460000000000235e-01
-9.997779999999999445e-01
-9.997660000000000435e-01
-9.997399999999999620e-01
-9.997439999999999660e-01
-9.997439999999999660e-01
-9.997300000000000075e-01
-9.997219999999999995e-01
-9.997300000000000075e-01
-9.997319999999999540e-01
-9.997099999999999875e-01
-9.997139999999999915e-01
-9.996939999999999715e-01
-9.997260000000000035e-01
-9.996960000000000290e-01
-9.996920000000000250e-01
-9.996899999999999675e-01
-9.996819999999999595e-01
-9.997019999999999795e-01
-9.997380000000000155e-01
-9.997300000000000075e-01
-9.996939999999999715e-01
-9.997080000000000410e-01
-9.997080000000000410e-01
-9.996639999999999970e-01
-9.996639999999999970e-01
-9.996380000000000265e-01
-9.996800000000000130e-01
-9.997239999999999460e-01
-9.996399999999999730e-01
-9.996380000000000265e-01
-9.996319999999999650e-01
-9.996840000000000170e-01
-9.996620000000000505e-01
-9.996639999999999970e-01
-9.996819999999999595e-01
-9.996420000000000305e-01
-9.996580000000000465e-01
-9.996580000000000465e-01
-9.996399999999999730e-01
-9.996199999999999530e-01
-9.996479999999999810e-01
-9.996180000000000065e-01
-9.995840000000000281e-01
-9.996479999999999810e-01
-9.996420000000000305e-01
-9.996340000000000225e-01
-9.996239999999999570e-01
-9.995939999999999825e-01
-9.996019999999999905e-01
-9.995840000000000281e-01
-9.996019999999999905e-01
-9.995540000000000536e-01
-9.996140000000000025e-01
-9.995680000000000121e-01
-9.995399999999999840e-01
-9.995600000000000041e-01
-9.995640000000000081e-01
-9.995659999999999545e-01
-9.996059999999999945e-01
-9.995880000000000321e-01
-9.995540000000000536e-01
-9.995579999999999465e-01
-9.995699999999999585e-01
-9.994560000000000111e-01
-9.995079999999999520e-01
-9.995600000000000041e-01
-9.995279999999999720e-01
-9.995319999999999760e-01
-9.995560000000000000e-01
-9.994800000000000351e-01
-9.994699999999999696e-01
-9.994380000000000486e-01
-9.995079999999999520e-01
-9.994739999999999736e-01
-9.994760000000000311e-01
-9.994979999999999976e-01
-9.994560000000000111e-01
-9.994520000000000071e-01
-9.994960000000000511e-01
-9.994619999999999616e-01
-9.994539999999999536e-01
-9.994260000000000366e-01
-9.993779999999999886e-01
-9.994680000000000231e-01
-9.993819999999999926e-01
-9.994140000000000246e-01
-9.993800000000000461e-01
-9.993659999999999766e-01
-9.994100000000000206e-01
-9.993459999999999566e-01
-9.994420000000000526e-01
-9.993319999999999981e-01
-9.993919999999999471e-01
-9.993199999999999861e-01
-9.993859999999999966e-01
-9.993400000000000061e-01
-9.993520000000000181e-01
-9.992980000000000196e-01
-9.992999999999999661e-01
-9.993379999999999486e-01
-9.992739999999999956e-01
-9.993140000000000356e-01
-9.992959999999999621e-01
-9.992940000000000156e-01
-9.992739999999999956e-01
-9.993419999999999526e-01
-9.992720000000000491e-01
-9.992820000000000036e-01
-9.992419999999999636e-01
-9.992600000000000371e-01
-9.991579999999999906e-01
-9.992220000000000546e-01
-9.992600000000000371e-01
-9.992119999999999891e-01
-9.991440000000000321e-01
-9.991919999999999691e-01
-9.991780000000000106e-01
-9.992039999999999811e-01
-9.991200000000000081e-01
-9.991619999999999946e-01
-9.991980000000000306e-01
-9.992240000000000011e-01
-9.991299999999999626e-01
-9.991419999999999746e-01
-9.991400000000000281e-01
-9.990780000000000216e-01
-9.991259999999999586e-01
-9.991280000000000161e-01
-9.990639999999999521e-01
-9.990759999999999641e-01
-9.990539999999999976e-01
-9.990499999999999936e-01
-9.991100000000000536e-01
-9.990099999999999536e-01
-9.990320000000000311e-01
-9.990280000000000271e-01
-9.989740000000000286e-01
-9.990639999999999521e-01
-9.990419999999999856e-01
-9.989860000000000406e-01
-9.989700000000000246e-01
-9.989179999999999726e-01
-9.989320000000000421e-01
-9.989120000000000221e-01
-9.990339999999999776e-01
-9.989320000000000421e-01
-9.989280000000000381e-01
-9.989440000000000541e-01
-9.988599999999999701e-01
-9.988780000000000436e-01
-9.988899999999999446e-01
-9.989500000000000046e-01
-9.989040000000000141e-01
-9.988299999999999956e-01
-9.988280000000000491e-01
-9.988040000000000251e-01
-9.988479999999999581e-01
-9.988200000000000411e-01
-9.987580000000000346e-01
-9.987059999999999826e-01
-9.987939999999999596e-01
-9.987599999999999811e-01
-9.987899999999999556e-01
-9.987120000000000442e-01
-9.986939999999999706e-01
-9.986140000000000017e-01
-9.986920000000000242e-01
-9.986479999999999801e-01
-9.986880000000000202e-01
-9.985819999999999697e-01
-9.985800000000000232e-01
-9.986519999999999841e-01
-9.986119999999999441e-01
-9.986260000000000137e-01
-9.985199999999999632e-01
-9.985340000000000327e-01
-9.985079999999999512e-01
-9.984899999999999887e-01
-9.983760000000000412e-01
-9.984979999999999967e-01
-9.985100000000000087e-01
-9.985140000000000127e-01
-9.983459999999999557e-01
-9.983999999999999542e-01
-9.983899999999999997e-01
-9.983619999999999717e-01
-9.983640000000000292e-01
-9.983319999999999972e-01
-9.984060000000000157e-01
-9.982659999999999867e-01
-9.984260000000000357e-01
-9.983039999999999692e-01
-9.982379999999999587e-01
-9.982659999999999867e-01
-9.983039999999999692e-01
-9.981759999999999522e-01
-9.982659999999999867e-01
-9.981780000000000097e-01
-9.981560000000000432e-01
-9.981240000000000112e-01
-9.980419999999999847e-01
-9.981119999999999992e-01
-9.980499999999999927e-01
-9.980599999999999472e-01
-9.980400000000000382e-01
-9.978639999999999732e-01
-9.980299999999999727e-01
-9.979959999999999942e-01
-9.980280000000000262e-01
-9.978920000000000012e-01
-9.979360000000000452e-01
-9.980120000000000102e-01
-9.978320000000000523e-01
-9.977660000000000418e-01
-9.978339999999999987e-01
-9.978820000000000467e-01
-9.977260000000000018e-01
-9.978019999999999667e-01
-9.976939999999999698e-01
-9.976300000000000168e-01
-9.976639999999999953e-01
-9.976599999999999913e-01
-9.975559999999999983e-01
-9.976000000000000423e-01
-9.975619999999999488e-01
-9.976559999999999873e-01
-9.974960000000000493e-01
-9.974979999999999958e-01
-9.974699999999999678e-01
-9.974100000000000188e-01
-9.974399999999999933e-01
-9.973720000000000363e-01
-9.974739999999999718e-01
-9.974979999999999958e-01
-9.973899999999999988e-01
-9.973600000000000243e-01
-9.970820000000000238e-01
-9.971579999999999888e-01
-9.972659999999999858e-01
-9.971299999999999608e-01
-9.971419999999999728e-01
-9.972199999999999953e-01
-9.971579999999999888e-01
-9.971719999999999473e-01
-9.972100000000000408e-01
-9.969200000000000284e-01
-9.968899999999999428e-01
-9.970040000000000013e-01
-9.969759999999999733e-01
-9.968439999999999523e-01
-9.968960000000000043e-01
-9.968420000000000059e-01
-9.968719999999999803e-01
-9.967920000000000114e-01
-9.966620000000000479e-01
-9.966840000000000144e-01
-9.967920000000000114e-01
-9.965819999999999679e-01
-9.966239999999999544e-01
-9.965960000000000374e-01
-9.965760000000000174e-01
-9.965680000000000094e-01
-9.966019999999999879e-01
-9.962280000000000024e-01
-9.964459999999999429e-01
-9.964020000000000099e-01
-9.962259999999999449e-01
-9.962600000000000344e-01
-9.962360000000000104e-01
-9.961839999999999584e-01
-9.961119999999999974e-01
-9.959719999999999684e-01
-9.960459999999999869e-01
-9.960160000000000124e-01
-9.960799999999999654e-01
-9.958919999999999995e-01
-9.959559999999999524e-01
-9.958160000000000345e-01
-9.957000000000000295e-01
-9.956519999999999815e-01
-9.956840000000000135e-01
-9.956979999999999720e-01
-9.956260000000000110e-01
-9.956159999999999455e-01
-9.954539999999999500e-01
-9.955760000000000165e-01
-9.953940000000000010e-01
-9.953359999999999985e-01
-9.953919999999999435e-01
-9.952760000000000495e-01
-9.953300000000000480e-01
-9.952199999999999935e-01
-9.950539999999999941e-01
-9.951160000000000005e-01
-9.948599999999999666e-01
-9.949900000000000411e-01
-9.948719999999999786e-01
-9.948719999999999786e-01
-9.949479999999999436e-01
-9.947279999999999456e-01
-9.945739999999999581e-01
-9.944760000000000266e-01
-9.944539999999999491e-01
-9.945720000000000116e-01
-9.943840000000000456e-01
-9.942739999999999911e-01
-9.944560000000000066e-01
-9.940299999999999692e-01
-9.941419999999999702e-01
-9.942400000000000126e-01
-9.940679999999999517e-01
-9.940440000000000387e-01
-9.941419999999999702e-01
-9.938660000000000272e-01
-9.940099999999999492e-01
-9.935300000000000242e-01
-9.937639999999999807e-01
-9.937779999999999392e-01
-9.936840000000000117e-01
-9.933039999999999647e-01
-9.932039999999999758e-01
-9.933220000000000383e-01
-9.931619999999999893e-01
-9.930520000000000458e-01
-9.929940000000000433e-01
-9.931179999999999453e-01
-9.927819999999999423e-01
-9.929820000000000313e-01
-9.926059999999999883e-01
-9.927279999999999438e-01
-9.924859999999999793e-01
-9.924479999999999968e-01
-9.922220000000000484e-01
-9.924439999999999928e-01
-9.922020000000000284e-01
-9.921839999999999549e-01
-9.922579999999999734e-01
-9.918519999999999559e-01
-9.917099999999999804e-01
-9.918359999999999399e-01
-9.918959999999999999e-01
-9.916880000000000139e-01
-9.914140000000000175e-01
-9.912539999999999685e-01
-9.914960000000000440e-01
-9.913379999999999415e-01
-9.912739999999999885e-01
-9.912119999999999820e-01
-9.910039999999999960e-01
-9.908740000000000325e-01
-9.909179999999999655e-01
-9.906080000000000441e-01
-9.906939999999999635e-01
-9.904180000000000206e-01
-9.903819999999999846e-01
-9.903980000000000006e-01
-9.902879999999999461e-01
-9.900900000000000256e-01
-9.898599999999999621e-01
-9.898460000000000036e-01
-9.894659999999999567e-01
-9.895979999999999777e-01
-9.895000000000000462e-01
-9.892279999999999962e-01
-9.891440000000000232e-01
-9.892859999999999987e-01
-9.888519999999999532e-01
-9.884479999999999933e-01
-9.885979999999999768e-01
-9.888139999999999707e-01
-9.886179999999999968e-01
-9.884199999999999653e-01
-9.879440000000000444e-01
-9.880219999999999558e-01
-9.880520000000000413e-01
-9.877620000000000289e-01
-9.873699999999999699e-01
-9.875579999999999359e-01
-9.873260000000000369e-01
-9.871980000000000199e-01
-9.871699999999999919e-01
-9.867359999999999465e-01
-9.869780000000000220e-01
-9.862940000000000040e-01
-9.868559999999999555e-01
-9.862419999999999520e-01
-9.862079999999999735e-01
-9.857040000000000246e-01
-9.856779999999999431e-01
-9.855760000000000076e-01
-9.853640000000000176e-01
-9.852199999999999847e-01
-9.847139999999999782e-01
-9.845800000000000107e-01
-9.848099999999999632e-01
-9.845399999999999707e-01
-9.846239999999999437e-01
-9.839519999999999378e-01
-9.840659999999999963e-01
-9.837620000000000253e-01
-9.835099999999999953e-01
-9.831999999999999629e-01
-9.831539999999999724e-01
-9.829740000000000144e-01
-9.829799999999999649e-01
-9.825439999999999729e-01
-9.820919999999999650e-01
-9.819539999999999935e-01
-9.816080000000000361e-01
-9.815880000000000161e-01
-9.815739999999999466e-01
-9.810440000000000271e-01
-9.808700000000000196e-01
-9.808679999999999621e-01
-9.805880000000000152e-01
-9.800599999999999312e-01
-9.800139999999999407e-01
-9.797839999999999883e-01
-9.794119999999999493e-01
-9.790959999999999663e-01
-9.788360000000000394e-01
-9.790419999999999678e-01
-9.785500000000000309e-01
-9.778479999999999395e-01
-9.775319999999999565e-01
-9.773060000000000080e-01
-9.771999999999999575e-01
-9.770459999999999701e-01
-9.765739999999999421e-01
-9.762419999999999431e-01
-9.757179999999999742e-01
-9.756739999999999302e-01
-9.750440000000000218e-01
-9.749700000000000033e-01
-9.743680000000000119e-01
-9.741900000000000004e-01
-9.739360000000000239e-01
-9.734140000000000015e-01
-9.735639999999999850e-01
-9.727660000000000196e-01
-9.727979999999999405e-01
-9.718439999999999301e-01
-9.718400000000000372e-01
-9.713819999999999677e-01
-9.708280000000000243e-01
-9.705599999999999783e-01
-9.697599999999999554e-01
-9.696239999999999304e-01
-9.686019999999999630e-01
-9.682220000000000271e-01
-9.680759999999999366e-01
-9.680819999999999981e-01
-9.660600000000000298e-01
-9.661699999999999733e-01
-9.664460000000000273e-01
-9.660020000000000273e-01
-9.645159999999999290e-01
-9.645099999999999785e-01
-9.633539999999999326e-01
-9.630980000000000096e-01
-9.624859999999999527e-01
-9.616859999999999298e-01
-9.616660000000000208e-01
-9.605740000000000389e-01
-9.599360000000000115e-01
-9.599520000000000275e-01
-9.580100000000000282e-01
-9.582199999999999607e-01
-9.572640000000000038e-01
-9.567559999999999398e-01
-9.557379999999999765e-01
-9.551680000000000170e-01
-9.542019999999999946e-01
-9.534299999999999997e-01
-9.517299999999999649e-01
-9.519360000000000044e-01
-9.509999999999999565e-01
-9.497719999999999496e-01
-9.486200000000000188e-01
-9.477820000000000134e-01
-9.467480000000000340e-01
-9.459739999999999815e-01
-9.441060000000000008e-01
-9.430739999999999679e-01
-9.426519999999999344e-01
-9.408819999999999961e-01
-9.389699999999999713e-01
-9.383500000000000174e-01
-9.367139999999999356e-01
-9.353019999999999667e-01
-9.334120000000000195e-01
-9.317140000000000422e-01
-9.309800000000000297e-01
-9.290279999999999649e-01
-9.262059999999999738e-01
-9.027439999999999909e-01
-8.195240000000000302e-01
-8.772579999999999822e-01
-3.595700000000000007e-01
-2.946219999999999950e-01
4.040819999999999967e-01
4.812199999999999811e-01
6.995979999999999421e-01
7.307759999999999811e-01
9.246739999999999959e-01
9.299419999999999353e-01
9.298140000000000294e-01
9.306999999999999718e-01
9.337119999999999864e-01
9.355660000000000087e-01
9.369979999999999976e-01
9.382239999999999469e-01
9.403599999999999737e-01
9.405700000000000172e-01
9.425200000000000244e-01
9.427959999999999674e-01
9.448159999999999892e-01
9.458440000000000181e-01
9.469919999999999449e-01
9.490800000000000347e-01
9.488020000000000342e-01
9.503439999999999666e-01
9.503920000000000146e-01
9.521079999999999544e-01
9.538719999999999422e-01
9.533859999999999557e-01
9.547579999999999956e-01
9.545879999999999921e-01
9.557259999999999645e-01
9.566799999999999748e-01
9.583779999999999522e-01
9.574679999999999858e-01
9.592199999999999616e-01
9.600419999999999510e-01
9.608799999999999564e-01
9.611379999999999368e-01
9.616899999999999338e-01
9.620699999999999807e-01
9.631339999999999346e-01
9.634260000000000046e-01
9.643479999999999830e-01
9.646700000000000275e-01
9.651359999999999939e-01
9.660539999999999683e-01
9.662239999999999718e-01
9.665120000000000378e-01
9.671600000000000197e-01
9.674659999999999371e-01
9.677799999999999736e-01
9.688719999999999555e-01
9.694279999999999564e-01
9.697099999999999609e-01
9.696779999999999289e-01
9.708280000000000243e-01
9.709379999999999677e-01
9.708740000000000148e-01
9.714639999999999942e-01
9.721419999999999506e-01
9.725859999999999506e-01
9.726939999999999475e-01
9.731459999999999555e-01
9.733619999999999495e-01
9.737559999999999549e-01
9.743739999999999624e-01
9.742359999999999909e-01
9.752359999999999918e-01
9.748639999999999528e-01
9.758280000000000287e-01
9.758000000000000007e-01
9.757780000000000342e-01
9.764239999999999586e-01
9.772720000000000296e-01
9.768379999999999841e-01
9.771980000000000111e-01
9.776759999999999895e-01
9.781279999999999974e-01
9.784699999999999509e-01
9.784399999999999764e-01
9.790219999999999478e-01
9.790599999999999303e-01
9.794539999999999358e-01
9.799900000000000277e-01
9.797059999999999658e-01
9.799660000000000037e-01
9.805679999999999952e-01
9.808439999999999381e-01
9.811060000000000336e-01
9.813479999999999981e-01
9.815180000000000016e-01
9.815079999999999361e-01
9.819219999999999615e-01
9.820139999999999425e-01
9.822400000000000020e-01
9.823520000000000030e-01
9.824880000000000280e-01
9.831680000000000419e-01
9.829900000000000304e-01
9.832140000000000324e-01
9.836099999999999843e-01
9.841360000000000108e-01
9.834260000000000224e-01
9.843579999999999552e-01
9.844680000000000097e-01
9.846460000000000212e-01
9.847160000000000357e-01
9.851239999999999997e-01
9.847979999999999512e-01
9.853880000000000416e-01
9.853520000000000056e-01
9.857200000000000406e-01
9.856800000000000006e-01
9.861820000000000030e-01
9.858000000000000096e-01
9.862779999999999880e-01
9.860339999999999661e-01
9.866739999999999400e-01
9.868099999999999650e-01
9.870959999999999734e-01
9.870860000000000190e-01
9.869219999999999660e-01
9.874459999999999349e-01
9.876000000000000334e-01
9.876080000000000414e-01
9.876699999999999369e-01
9.878919999999999924e-01
9.877340000000000009e-01
9.883119999999999683e-01
9.879639999999999533e-01
9.883279999999999843e-01
9.887799999999999923e-01
9.888959999999999972e-01
9.888460000000000027e-01
9.888899999999999357e-01
9.892339999999999467e-01
9.892119999999999802e-01
9.894939999999999847e-01
9.892480000000000162e-01
9.894779999999999687e-01
9.897399999999999531e-01
9.897580000000000267e-01
9.898839999999999861e-01
9.902600000000000291e-01
9.901240000000000041e-01
9.902980000000000116e-01
9.906580000000000386e-01
9.905279999999999641e-01
9.904519999999999991e-01
9.907019999999999715e-01
9.906179999999999986e-01
9.908740000000000325e-01
9.908700000000000285e-01
9.912299999999999445e-01
9.911600000000000410e-01
9.914159999999999640e-01
9.913760000000000350e-01
9.914020000000000055e-01
9.914560000000000040e-01
9.915800000000000169e-01
9.916760000000000019e-01
9.918700000000000294e-01
9.919540000000000024e-01
9.921020000000000394e-01
9.920459999999999834e-01
9.922060000000000324e-01
9.923119999999999719e-01
9.924560000000000048e-01
9.924840000000000328e-01
9.924159999999999648e-01
9.926180000000000003e-01
9.927000000000000268e-01
9.926119999999999388e-01
9.927859999999999463e-01
9.928939999999999433e-01
9.930620000000000003e-01
9.928899999999999393e-01
9.932900000000000063e-01
9.931940000000000213e-01
9.933819999999999872e-01
9.933020000000000183e-01
9.932760000000000478e-01
9.933499999999999552e-01
9.935420000000000362e-01
9.935859999999999692e-01
9.936880000000000157e-01
9.938040000000000207e-01
9.940219999999999612e-01
9.939660000000000162e-01
9.939099999999999602e-01
9.940799999999999637e-01
9.939580000000000082e-01
9.941259999999999541e-01
9.942259999999999431e-01
9.941999999999999726e-01
9.943779999999999841e-01
9.944439999999999946e-01
9.943140000000000311e-01
9.947479999999999656e-01
9.944699999999999651e-01
9.946180000000000021e-01
9.948759999999999826e-01
9.946220000000000061e-01
9.948359999999999426e-01
9.948280000000000456e-01
9.950400000000000356e-01
9.949299999999999811e-01
9.952499999999999680e-01
9.952079999999999815e-01
9.952360000000000095e-01
9.951400000000000245e-01
9.953020000000000200e-01
9.951679999999999415e-01
9.952379999999999560e-01
9.953419999999999490e-01
9.954979999999999940e-01
9.955920000000000325e-01
9.955100000000000060e-01
9.956159999999999455e-01
9.955540000000000500e-01
9.956319999999999615e-01
9.957599999999999785e-01
9.958019999999999650e-01
9.958380000000000010e-01
9.958179999999999810e-01
9.959120000000000195e-01
9.959040000000000115e-01
9.960499999999999909e-01
9.958339999999999970e-01
9.961179999999999479e-01
9.962039999999999784e-01
9.960799999999999654e-01
9.963779999999999859e-01
9.963119999999999754e-01
9.962259999999999449e-01
9.963060000000000249e-01
9.961079999999999934e-01
9.963699999999999779e-01
9.964260000000000339e-01
9.965140000000000109e-01
9.965199999999999614e-01
9.965559999999999974e-01
9.964859999999999829e-01
9.966679999999999984e-01
9.965300000000000269e-01
9.968519999999999603e-01
9.966460000000000319e-01
9.967500000000000249e-01
9.968920000000000003e-01
9.967460000000000209e-01
9.968740000000000379e-01
9.968200000000000394e-01
9.969139999999999668e-01
9.968979999999999508e-01
9.970599999999999463e-01
9.970419999999999838e-01
9.970160000000000133e-01
9.971619999999999928e-01
9.970599999999999463e-01
9.971700000000000008e-01
9.970440000000000413e-01
9.972440000000000193e-01
9.971700000000000008e-01
9.971459999999999768e-01
9.972339999999999538e-01
9.972860000000000058e-01
9.973940000000000028e-01
9.973579999999999668e-01
9.974520000000000053e-01
9.974039999999999573e-01
9.974279999999999813e-01
9.974800000000000333e-01
9.974840000000000373e-01
9.974800000000000333e-01
9.975840000000000263e-01
9.975840000000000263e-01
9.975779999999999648e-01
9.976859999999999618e-01
9.975100000000000078e-01
9.976580000000000448e-01
9.977160000000000473e-01
9.976300000000000168e-01
9.978700000000000347e-01
9.977779999999999427e-01
9.977819999999999467e-01
9.977819999999999467e-01
9.978719999999999812e-01
9.977679999999999882e-01
9.980299999999999727e-01
9.978580000000000227e-01
9.979679999999999662e-01
9.977479999999999682e-01
9.980620000000000047e-01
9.979839999999999822e-01
9.979639999999999622e-01
9.981039999999999912e-01
9.981079999999999952e-01
9.981440000000000312e-01
9.980879999999999752e-01
9.980940000000000367e-01
9.980620000000000047e-01
9.980259999999999687e-01
9.981900000000000217e-01
9.982440000000000202e-01
9.982680000000000442e-01
9.981980000000000297e-01
9.982839999999999492e-01
9.982900000000000107e-01
9.981759999999999522e-01
9.983539999999999637e-01
9.983239999999999892e-01
9.981940000000000257e-01
9.983180000000000387e-01
9.983279999999999932e-01
9.983579999999999677e-01
9.983699999999999797e-01
9.984180000000000277e-01
9.983699999999999797e-01
9.984119999999999662e-01
9.985600000000000032e-01
9.984800000000000342e-01
9.984600000000000142e-01
9.985399999999999832e-01
9.986099999999999977e-01
9.985519999999999952e-01
9.985100000000000087e-01
9.984939999999999927e-01
9.984999999999999432e-01
9.985140000000000127e-01
9.985739999999999617e-01
9.985640000000000072e-01
9.986140000000000017e-01
9.986300000000000177e-01
9.987120000000000442e-01
9.987420000000000186e-01
9.987519999999999731e-01
9.987439999999999651e-01
9.986540000000000417e-01
9.987519999999999731e-01
9.986939999999999706e-01
9.987759999999999971e-01
9.987540000000000306e-01
9.987719999999999931e-01
9.988139999999999796e-01
9.988059999999999716e-01
9.988019999999999676e-01
9.988280000000000491e-01
9.988500000000000156e-01
9.987620000000000386e-01
9.988479999999999581e-01
9.988679999999999781e-01
9.988339999999999996e-01
9.988799999999999901e-01
9.988939999999999486e-01
9.989580000000000126e-01
9.988860000000000516e-01
9.989240000000000341e-01
9.989479999999999471e-01
9.989259999999999806e-01
9.989660000000000206e-01
9.989740000000000286e-01
9.989799999999999791e-01
9.989780000000000326e-01
9.989679999999999671e-01
9.990320000000000311e-01
9.989200000000000301e-01
9.990059999999999496e-01
9.990520000000000511e-01
9.990599999999999481e-01
9.990520000000000511e-01
9.990679999999999561e-01
9.991280000000000161e-01
9.991499999999999826e-01
9.991160000000000041e-01
9.991160000000000041e-01
9.990280000000000271e-01
9.991820000000000146e-01
9.991640000000000521e-01
9.991280000000000161e-01
9.991440000000000321e-01
9.991139999999999466e-01
9.991440000000000321e-01
9.991539999999999866e-01
9.991900000000000226e-01
9.991560000000000441e-01
9.992360000000000131e-01
9.992180000000000506e-01
9.992320000000000091e-01
9.992799999999999461e-01
9.992140000000000466e-01
9.992980000000000196e-01
9.992159999999999931e-01
9.992680000000000451e-01
9.992619999999999836e-01
9.993020000000000236e-01
9.992159999999999931e-01
9.992820000000000036e-01
9.992760000000000531e-01
9.992919999999999581e-01
9.993539999999999646e-01
9.992680000000000451e-01
9.993140000000000356e-01
9.993680000000000341e-01
9.992940000000000156e-01
9.993419999999999526e-01
9.994159999999999711e-01
9.994239999999999791e-01
9.993560000000000221e-01
9.993659999999999766e-01
9.994520000000000071e-01
9.993279999999999941e-01
9.994239999999999791e-01
9.993300000000000516e-01
9.993919999999999471e-01
9.994739999999999736e-01
9.993980000000000086e-01
9.994180000000000286e-01
9.993900000000000006e-01
9.994939999999999936e-01
9.994880000000000431e-01
9.993800000000000461e-01
9.994920000000000471e-01
9.994579999999999576e-01
9.994520000000000071e-01
9.994560000000000111e-01
9.994760000000000311e-01
9.994619999999999616e-01
9.994480000000000031e-01
9.995279999999999720e-01
9.994520000000000071e-01
9.995079999999999520e-01
9.994439999999999991e-01
9.994939999999999936e-01
9.994939999999999936e-01
9.995260000000000256e-01
9.994459999999999456e-01
9.995020000000000016e-01
9.994920000000000471e-01
9.994979999999999976e-01
9.995060000000000056e-01
9.995359999999999800e-01
9.995420000000000416e-01
9.995859999999999745e-01
9.995859999999999745e-01
9.995159999999999600e-01
9.995579999999999465e-01
9.996180000000000065e-01
9.995840000000000281e-01
9.995899999999999785e-01
9.996019999999999905e-01
9.995279999999999720e-01
9.996019999999999905e-01
9.995680000000000121e-01
9.996119999999999450e-01
9.995880000000000321e-01
9.995939999999999825e-01
9.995800000000000241e-01
9.996479999999999810e-01
9.996460000000000345e-01
9.996159999999999490e-01
9.996159999999999490e-01
9.996420000000000305e-01
9.996199999999999530e-01
9.996620000000000505e-01
9.996220000000000105e-01
9.996699999999999475e-01
9.996660000000000545e-01
9.996260000000000145e-01
9.996699999999999475e-01
9.996439999999999770e-01
9.996340000000000225e-01
9.996639999999999970e-01
9.996720000000000050e-01
9.996960000000000290e-01
9.996779999999999555e-01
9.996559999999999890e-01
9.996279999999999610e-01
9.996540000000000425e-01
9.996739999999999515e-01
9.996840000000000170e-01
9.997179999999999955e-01
9.996920000000000250e-01
9.997099999999999875e-01
9.997059999999999835e-01
9.997160000000000490e-01
9.997019999999999795e-01
9.997139999999999915e-01
9.996840000000000170e-01
9.996960000000000290e-01
9.997099999999999875e-01
9.997200000000000530e-01
9.996920000000000250e-01
9.997540000000000315e-01
9.997620000000000395e-01
9.997399999999999620e-01
9.997559999999999780e-01
9.997660000000000435e-01
9.997479999999999700e-01
9.997500000000000275e-01
9.997399999999999620e-01
9.997599999999999820e-01
