1.257690554000780690e-03
1.349523369895964161e-03
1.353695281347408073e-03
1.554145061455904867e-03
1.629675919984186839e-03
1.701522740538494909e-03
1.725961359911215446e-03
1.853255791101543048e-03
1.875879843207390414e-03
2.002329633004804130e-03
2.258808714886153916e-03
2.369540990107733489e-03
2.363028275633365181e-03
2.891037489147476377e-03
3.138129372159187067e-03
2.765318753643937737e-03
3.180675095998803520e-03
3.605901920432376916e-03
3.788294401704231720e-03
3.777231199458807361e-03
4.359434566758252881e-03
4.735985728684530098e-03
4.155557992889456244e-03
4.910825562160343188e-03
4.560585875406138884e-03
5.019892878430586708e-03
4.647407580310483795e-03
4.833572793701352427e-03
4.506639632402009016e-03
4.817803370847814105e-03
5.354562100050875781e-03
4.672741222025049608e-03
5.414330067989778054e-03
6.057516119931637306e-03
4.867346663907045484e-03
5.099106776901657541e-03
6.094614736582698415e-03
5.598007918107390790e-03
5.767106101370861500e-03
6.331449090788433473e-03
6.845629457240520396e-03
5.897046219500114671e-03
6.232026289472656667e-03
6.004068289606147649e-03
6.218865625337623333e-03
6.263084396632855391e-03
6.659392650494018115e-03
6.588467559710275284e-03
6.452272728252047423e-03
6.307403184823144257e-03
7.024192678930962080e-03
