1.774753562540028510e-04
1.696739168908010088e-04
1.691545518003035296e-04
1.760696233890871206e-04
1.804826267846068122e-04
1.791156378508011846e-04
1.912676718246158060e-04
2.235429796485767734e-04
1.979971194149932154e-04
2.019970005453107151e-04
2.143161078687389918e-04
2.076328390353422552e-04
2.098112251116750020e-04
2.281575684999061855e-04
2.492673631390832133e-04
2.500349066662935823e-04
2.223973191723701930e-04
2.768964306004124769e-04
2.821070052712197412e-04
2.763332699188813797e-04
2.565835219261073199e-04
2.801664366448132298e-04
2.638720016810429565e-04
2.824088706975855885e-04
3.181825894431583699e-04
2.694848563586147274e-04
2.727891759245123777e-04
3.096104864512790370e-04
2.858501711106449495e-04
2.938112234993982383e-04
2.847948402293406915e-04
3.298790585836860155e-04
3.191359572417794537e-04
2.991537670098955116e-04
2.845539051541431507e-04
3.571749967516820931e-04
3.417473244832430561e-04
3.070542681702899206e-04
2.895814194513521419e-04
3.406526469647306395e-04
3.286285305629055927e-04
3.297257602329658858e-04
3.150742927477539752e-04
3.322523797703643561e-04
3.393176277716164328e-04
3.335622505487900236e-04
3.597101142674027875e-04
3.686505705595244744e-04
3.775264704277358726e-04
3.491032478243780114e-04
3.575739167568713441e-04
3.203723451339632127e-04
3.392710931763301342e-04
3.882224642532011737e-04
3.455679131837979139e-04
3.517831888967629670e-04
3.186284464053157068e-04
3.797907682399008066e-04
3.825722783409490533e-04
3.586133276424656523e-04
3.423653214018337150e-04
3.866252484449167449e-04
3.663221181510803166e-04
3.700645555326336476e-04
3.524233748360277598e-04
4.046626716605210066e-04
3.249243108230406266e-04
4.142938431021076450e-04
3.676790489108189590e-04
3.949673594592031543e-04
3.588229338580940591e-04
3.518743985868497907e-04
3.898390474993599741e-04
3.831501028244233085e-04
4.222567770462457384e-04
4.070874549359984737e-04
4.231983913823784472e-04
4.650407970186524174e-04
4.261957682910983650e-04
4.264560984076517353e-04
4.351888233107425877e-04
4.181352395907376920e-04
4.844322436352031845e-04
4.624231362302313607e-04
4.786924815638879047e-04
5.258382882137490255e-04
4.541583675221137328e-04
4.933846218793230256e-04
4.693929419056067412e-04
4.917306340858656382e-04
5.740107387998630989e-04
4.979989578601684997e-04
4.463607984935249106e-04
4.758550516680218746e-04
5.181966454460024823e-04
5.069466639589430366e-04
5.148804210613486601e-04
6.189245971417468286e-04
5.263406781367781012e-04
5.746685755293465866e-04
5.140639734116755248e-04
5.949040541613480901e-04
5.839670268757274612e-04
5.749253976080454485e-04
5.417585351073584202e-04
5.710114345789795310e-04
6.245302788397443568e-04
6.865519729195442792e-04
6.259404299196854237e-04
6.600600382152068974e-04
6.145621452927067145e-04
6.813471286428537553e-04
6.040804276969796152e-04
6.432343973441415454e-04
7.687004827674511062e-04
7.353709634985605053e-04
6.564528983086378392e-04
7.214276133007075991e-04
7.525694311752592581e-04
7.782392344485214832e-04
7.457058502332677323e-04
8.020592482368011636e-04
7.672652698419027764e-04
7.589726186353443508e-04
7.635698508974094649e-04
7.791446985940417248e-04
7.837066087797089431e-04
8.281802524286098911e-04
7.398016351337459440e-04
8.761247458104502251e-04
6.995957485156162553e-04
8.126606532521099460e-04
9.088001479198645890e-04
8.796380454468977336e-04
9.260116772585362749e-04
9.107028423011238102e-04
8.733614187594887978e-04
8.935191116534802521e-04
9.617874802984477953e-04
9.514942985581245063e-04
1.021559609220889673e-03
9.895008909976349756e-04
9.298959843735272708e-04
9.786585656979250071e-04
8.343962914969522797e-04
8.914751337303003509e-04
9.095036136622450251e-04
9.592769077530481940e-04
1.027145646932276987e-03
1.010480756477505218e-03
8.551144753598773551e-04
9.596123656320582540e-04
9.564752768624891315e-04
1.048517340438419104e-03
8.380392919875364211e-04
1.088582628398702913e-03
8.514251994071260661e-04
7.765910420132896355e-04
8.547924351814357525e-04
7.773815828148973118e-04
9.530402320712856330e-04
7.790851896392522171e-04
8.061867832023520081e-04
6.535581559358482652e-04
7.527987232559384817e-04
7.341093439310637922e-04
6.729978484826018266e-04
6.444629864257503784e-04
6.354919183878612746e-04
7.216302706525716580e-04
7.201893144642753514e-04
6.095707311031118951e-04
5.710663085680160386e-04
5.788209648235821030e-04
6.197507526906073996e-04
5.638305923207704217e-04
5.036333895393472516e-04
4.871209999115387254e-04
5.102101383718118206e-04
4.871873244455982997e-04
4.366815133792758467e-04
4.430466648484122178e-04
4.605966060962398399e-04
3.948217118344665407e-04
4.025684485199251513e-04
3.814802738320386549e-04
3.476219122260257267e-04
3.383318734160003691e-04
3.550212071676514839e-04
3.714383614816647275e-04
3.231821909126491167e-04
3.215240866516662637e-04
3.107650636587470667e-04
3.269946835833474727e-04
2.796706206430867123e-04
2.832249598285555546e-04
2.543726152448544625e-04
2.687065332702139151e-04
2.711763998864953704e-04
2.521675184025071463e-04
2.291824992189975230e-04
2.253043192983716339e-04
2.329763974598051941e-04
2.392101869938312894e-04
2.424200370715816170e-04
2.036582353774082455e-04
2.054979717611202358e-04
1.915587867605336053e-04
1.713722751845793999e-04
1.798025836997176128e-04
1.914407761628020494e-04
1.630264341102555627e-04
1.816957684850287603e-04
1.833548104239034887e-04
1.728409632103939373e-04
1.762516108963521578e-04
1.518955446443913631e-04
1.824186700344724861e-04
1.492574009533312979e-04
1.654897763387331276e-04
1.532108307101675703e-04
1.427657026603453201e-04
1.249543812950795318e-04
1.223537082655973881e-04
1.191910309450093362e-04
1.060877005333769424e-04
1.100240120510700238e-04
9.880335164105013613e-05
8.898463605595639944e-05
9.380443989133208527e-05
7.768687112959124725e-05
8.219494745322817014e-05
7.206047209987061469e-05
6.885116963222793725e-05
7.247702436388619757e-05
5.781036641133050706e-05
6.199290114574856968e-05
5.797201661266910568e-05
6.306903735454106620e-05
5.650681567042396228e-05
6.183138844093548879e-05
4.634741110749519583e-05
4.577769330012117601e-05
4.966736870201525933e-05
4.762921290187648824e-05
4.126903698339142742e-05
4.059982335714720032e-05
4.143626537320775735e-05
4.484442261598466735e-05
3.801965591034869543e-05
3.718172874077598443e-05
3.584046311041706246e-05
3.412781779966398012e-05
3.361742600981601969e-05
3.419878772439221204e-05
3.511364885164725751e-05
3.155138487957701059e-05
2.871536812613399570e-05
3.074935997345805790e-05
2.673929413976450565e-05
3.069291830701901261e-05
2.416443793984057508e-05
2.660998495542020535e-05
2.942191440838303599e-05
2.499459729475152922e-05
2.425428315942458333e-05
2.377618655109013481e-05
2.283752556421604366e-05
2.320337748414361497e-05
2.244693795811174484e-05
2.107876374563271983e-05
1.955862892521275945e-05
2.028566184630086473e-05
2.068915774348974998e-05
2.104168925324133529e-05
1.866028083271481768e-05
2.028317742893308631e-05
1.839266683932464039e-05
1.822200909993722021e-05
1.789199887896569498e-05
1.717151978018012496e-05
