1.652310178993739902e-04
1.874263302153691046e-04
1.754167627232633615e-04
1.837840578020965925e-04
1.861750159474115623e-04
1.967624836810402721e-04
1.982861258348796445e-04
2.106817002224989864e-04
2.093753037318973062e-04
2.045069008022176184e-04
2.114004314125228815e-04
1.998149810862092973e-04
2.228422475658658705e-04
2.367028399289401589e-04
2.496982107020384112e-04
2.443379441783964526e-04
2.637411046665838390e-04
2.633289872902872951e-04
2.562770981723343699e-04
3.009622239154323073e-04
2.605776928969112975e-04
2.797075508654476824e-04
2.979513269976355873e-04
2.807244997796483213e-04
2.867440809518649126e-04
2.840761704796688158e-04
2.732793436783597209e-04
3.183937385059741870e-04
2.641453654662102185e-04
2.797588162960006975e-04
2.661752647956543757e-04
3.311988497638007167e-04
3.326998989734596861e-04
3.050114147125693501e-04
2.810909098229373744e-04
3.034897139001885248e-04
3.672865020527416448e-04
3.133335309374390911e-04
3.043021069816493978e-04
3.428676513503446546e-04
3.181795254061785564e-04
3.144628152705490945e-04
2.966212789049370736e-04
3.178643799579359414e-04
3.315537398662875409e-04
3.271709788554818046e-04
3.421371076244823046e-04
3.623491544265859221e-04
3.484574047522486862e-04
3.227033955064466343e-04
3.120622997842082487e-04
