1.311132049271928560e-03
1.358487017593923516e-03
1.228195054333976839e-03
1.379860921446745192e-03
1.678085960210542104e-03
1.487375055415149664e-03
1.695449061568838700e-03
1.893782280772693611e-03
1.857700246441476707e-03
2.006037524245914052e-03
2.368569507477687967e-03
2.388837727001881864e-03
2.457053531973286877e-03
2.905009631286313652e-03
3.178347099823398449e-03
2.955163131130277010e-03
3.036402793392508920e-03
3.401297981824394096e-03
3.535550367776353359e-03
4.060289028334488313e-03
4.361785445683309670e-03
5.082312775260498447e-03
4.163539646425438306e-03
4.950462935058855957e-03
4.476806032475506500e-03
4.706755889014053312e-03
4.525264092892986902e-03
4.913455266261412824e-03
4.655397209682683030e-03
5.040199296984532867e-03
5.329753987956371668e-03
5.063824678467533646e-03
5.749531236044585353e-03
5.164115903508945116e-03
5.135384047412829521e-03
5.401447476522351285e-03
5.426966454213636402e-03
5.740392267428921433e-03
6.384341086890703808e-03
6.880260873533315148e-03
6.387486178580371356e-03
5.811524863073303133e-03
6.035950761120870318e-03
6.600913177896574995e-03
6.827223190578288713e-03
6.371475954430960188e-03
6.736068890721498732e-03
6.726131830484012933e-03
6.910469188570315426e-03
6.848629171221667228e-03
6.566563458375734158e-03
6.885008004914283143e-03
7.152601112475805330e-03
7.570446635916786883e-03
7.343072431211537798e-03
8.412549958870826558e-03
9.002752068674485519e-03
8.133242344994264655e-03
8.916863263512986304e-03
8.152055133826795197e-03
8.213313838216815266e-03
9.599254260361402349e-03
1.047309594816778038e-02
8.724783103483161120e-03
9.436685744991332725e-03
9.115567520398347445e-03
9.410693993092180895e-03
9.093032157444794206e-03
8.896440244211590437e-03
9.705844432483120426e-03
9.526987821510103649e-03
1.117684666964976342e-02
1.013863395623316663e-02
1.143503453820874337e-02
1.117367906158213062e-02
1.089445268230928611e-02
1.155142118464139341e-02
1.211315254902613908e-02
1.335412564723981871e-02
1.206443363023404665e-02
1.187793795669392360e-02
1.211300194345280370e-02
1.216645627570863038e-02
1.243821719977264602e-02
1.380343683755058670e-02
1.301185016955341486e-02
1.281537211890117905e-02
1.551558052944769332e-02
1.624255013790758609e-02
1.485165247584134714e-02
1.482634715246753526e-02
1.587843938881156394e-02
1.578959077085499707e-02
1.605477549342781973e-02
1.650570411666923976e-02
1.509708720741342013e-02
1.773374955537544359e-02
1.761333322409497013e-02
1.688414225644004063e-02
1.667177744969123090e-02
1.941419969068976237e-02
1.830698318088239476e-02
1.691871607390475762e-02
1.857158415861792991e-02
1.827150620694305283e-02
1.737152002512523316e-02
1.967355145694481625e-02
2.310802051146203240e-02
2.065011483847345800e-02
2.162981423367794920e-02
2.018182073962491302e-02
2.112212057529067738e-02
2.326446495679104082e-02
2.155803428367551386e-02
2.236421200824201261e-02
2.062209293119932063e-02
2.446213196221458733e-02
2.252931082704920027e-02
2.448296582466535226e-02
2.715394912750345932e-02
2.376843776481086037e-02
2.545293260803864824e-02
3.065932663747440376e-02
2.366345328152084926e-02
2.949289642648010579e-02
2.782768209378215854e-02
2.534172885461366889e-02
2.775994572619550765e-02
2.421786580425122279e-02
2.703259093034174679e-02
2.581563326362051533e-02
2.956774022899771523e-02
3.316509130045057485e-02
2.988851910143134130e-02
3.025475593265692514e-02
3.147464087831407242e-02
2.852807527176500629e-02
2.853289441144227917e-02
3.011387582032151733e-02
2.884690752406264894e-02
3.330332960394895292e-02
3.132779461813806066e-02
3.614282594344820493e-02
3.605435263984354405e-02
3.604714260123302594e-02
4.129910744455131399e-02
3.668014579473576758e-02
4.246912908744536475e-02
4.622952399182167493e-02
4.627472996410894601e-02
4.620561607460942077e-02
4.845060552791854297e-02
4.662786052981179180e-02
4.875946417825406665e-02
4.594615205952791437e-02
5.707096726378079604e-02
5.313195163785779801e-02
4.908605490593634380e-02
5.503803529837482389e-02
4.801819459702161980e-02
5.774998228954617008e-02
5.328491827141254578e-02
5.468365236193434981e-02
4.679387541632761688e-02
5.292247581193131045e-02
4.838695397045109092e-02
4.894894737033046728e-02
4.733749559754588804e-02
5.162232066611454478e-02
5.018581327046533341e-02
4.895351381156166221e-02
4.546163917623770312e-02
4.451952664139480903e-02
4.429354860961099566e-02
4.594382736643962128e-02
4.361411065270719145e-02
3.976143858048266505e-02
3.909289294192614533e-02
4.063126847632497762e-02
3.840539134194820986e-02
3.474976549999034964e-02
3.441604546777349977e-02
3.422883580072760834e-02
2.947522339816702891e-02
3.084981686070386794e-02
2.918662514437415229e-02
2.563479297948415350e-02
2.569314196957806981e-02
2.465598665421258467e-02
2.508843984193251733e-02
2.181938074723889856e-02
2.323605340766733349e-02
2.340554014399864186e-02
2.233695011128608576e-02
2.042217715607245326e-02
1.860468031606302142e-02
1.853010884281927964e-02
1.910958123624525301e-02
1.688027857356961745e-02
1.587699757687352844e-02
1.533967440915274053e-02
1.515910376443223989e-02
1.168824737775193273e-02
1.365762769549009811e-02
1.324843545497858543e-02
1.151431810291829970e-02
9.232766465382022739e-03
9.298357553049130947e-03
7.651239441346587532e-03
8.416015293442971959e-03
8.921987752379885103e-03
8.533156096894390155e-03
8.755911386700572507e-03
9.699342963563221953e-03
7.836993110915452601e-03
7.361765222400192162e-03
4.937952652865941656e-03
5.207212330656028725e-03
6.410648867379293084e-03
5.185062139856239267e-03
5.926728852476312662e-03
4.870799649723443758e-03
2.922217245005123351e-03
2.357747577023391623e-03
2.524367474836482217e-03
2.194348763214967399e-03
1.937706637692602910e-03
1.329613142252248715e-03
1.371739055491400178e-03
1.089907646753854450e-03
1.096788684121995615e-03
9.193352530795811288e-04
8.996756438454002339e-04
8.109835722393932784e-04
7.883730575514698649e-04
6.760438923623365631e-04
6.632518321412250771e-04
5.402399294493490578e-04
4.627203753667737032e-04
4.503198062115874216e-04
4.257021327250514603e-04
3.905110092524156896e-04
3.763902875302035239e-04
3.727233081799273670e-04
3.439465793451255602e-04
2.965932559636361350e-04
3.365336531893963140e-04
2.957466722840048300e-04
2.918853701279517537e-04
3.020564010833797072e-04
2.141056614693773706e-04
1.957164638207081536e-04
2.562982675995698002e-04
2.072188449002506814e-04
1.960200892173708876e-04
1.876044096839673755e-04
1.741862477672119686e-04
1.667394295411849599e-04
1.741410788491261471e-04
1.308279747603728138e-04
1.484370170477493497e-04
1.452085542701675740e-04
1.303847691660591228e-04
1.268724771718900146e-04
1.101654452958674129e-04
1.140147775314921631e-04
1.134861813751608526e-04
9.349852624674449613e-05
9.424332008112353779e-05
9.995863530001041441e-05
9.039164540259929327e-05
8.697342845568585632e-05
8.435497532361393113e-05
9.777323717854962792e-05
8.523343534117157469e-05
7.323062870360781251e-05
8.512113310541274632e-05
6.923164372173006974e-05
6.801203214428794893e-05
6.581521607551256382e-05
5.552501912321326799e-05
