1.109151029710050973e-02
1.172805908338232436e-02
1.324113736561371990e-02
1.189543113182191768e-02
1.256287862343486057e-02
1.305417283740648547e-02
1.338729733606532427e-02
1.295698633124860860e-02
1.300031931835511807e-02
1.360984730475112668e-02
1.457401072879242233e-02
1.302584021358572236e-02
1.468773295415485777e-02
1.547820584551693086e-02
1.337475525428345920e-02
1.683237296663446514e-02
1.679304391027486992e-02
1.686951920165195157e-02
1.532786337542344293e-02
1.425332343176298130e-02
1.571674323432999121e-02
1.622403072895774873e-02
1.651165541352415250e-02
1.468917881924983702e-02
1.607316688414710260e-02
1.567604352334071513e-02
1.684188906413109851e-02
1.685971726990042815e-02
1.885647703711263931e-02
1.551794844209823318e-02
1.571237351751938321e-02
1.572742258616668942e-02
1.510355843596577000e-02
1.737545924647182841e-02
1.730888680080278422e-02
1.565484874278372587e-02
1.466431510234765881e-02
1.765230087503301751e-02
1.675659273294356072e-02
1.667172116063051976e-02
1.667970885268815415e-02
1.786086900186399304e-02
1.849337590678054588e-02
1.662030723673742216e-02
1.640089416895203905e-02
1.748072167416368089e-02
1.649416673479834131e-02
1.826139368300159702e-02
1.782043046711435583e-02
1.818070834247252285e-02
1.652436044496503886e-02
1.678021581549424615e-02
1.740367888427197737e-02
1.781212896071959761e-02
1.734887248384140920e-02
1.751445012282427591e-02
1.814753998274307861e-02
2.057781537591985010e-02
1.965308501416201253e-02
2.175565859053232853e-02
1.716999637519514219e-02
1.634137568946375865e-02
1.989179146790852684e-02
1.959168715190642146e-02
1.726449423231594255e-02
1.886177210188850345e-02
2.170185853293482570e-02
1.919949763620335328e-02
1.698904551240119562e-02
1.804703132328852253e-02
1.985426022220337233e-02
2.005340683839759372e-02
1.902890093722510098e-02
1.733628602802537305e-02
1.928960107253088058e-02
1.844799203943148919e-02
1.962085129327259536e-02
2.020541681049366906e-02
1.948589401359819215e-02
1.914538012678923193e-02
2.249812467994420986e-02
2.137863067588239782e-02
2.457488773851143962e-02
2.069384187148618284e-02
2.401702716503765697e-02
2.196769750997406775e-02
2.282349056085510378e-02
2.159393301202947729e-02
2.314913385556145731e-02
2.384812701515635902e-02
2.295100646773647057e-02
2.051227667500730989e-02
2.178886916123794898e-02
2.242620339866025977e-02
2.688093316822936021e-02
2.148913010447003544e-02
2.183147295054876924e-02
2.635049647944628579e-02
2.328304694489196497e-02
2.362226078185359138e-02
2.624834597399042582e-02
2.371985755003182608e-02
2.661894827747696840e-02
2.164793619071251479e-02
2.780238460934436953e-02
2.618199189128952997e-02
2.546804189776717686e-02
2.862601510031997920e-02
2.722555684517883809e-02
2.613845748947521072e-02
2.760542532244200306e-02
2.968039948469289313e-02
2.678837477514657908e-02
2.892317537365998378e-02
3.014247355771439152e-02
3.072191075006330124e-02
3.114754928765136113e-02
3.153930074915754084e-02
3.365555570518565659e-02
3.353723227348778119e-02
3.186688596043552729e-02
3.439007460742367350e-02
3.327436469328475671e-02
3.615225271445127869e-02
3.763916151092825541e-02
3.482503913871952406e-02
3.463540169449138423e-02
3.408998632838911025e-02
3.428898786306575769e-02
3.177866001326960788e-02
3.606680639601241023e-02
3.677573241297079493e-02
4.025054620723441529e-02
3.439985957176684706e-02
3.801887973831061251e-02
3.698407716859731381e-02
3.443976858052281986e-02
3.716123559791650183e-02
3.866815430953973037e-02
3.712893451343376311e-02
3.719273403380925214e-02
4.079986923727677017e-02
3.738964475121734493e-02
3.913224819042170066e-02
4.103264852048992689e-02
3.783521166263663360e-02
4.284051251889522266e-02
3.956972617097939682e-02
4.315537377157597360e-02
4.942819161380944404e-02
3.825919003430910958e-02
3.766409381242755844e-02
3.867266114947217476e-02
4.261440905865322010e-02
3.965929187989599564e-02
3.843092137030422462e-02
3.920610319196335403e-02
4.413315843725564014e-02
3.695803382971735856e-02
3.663194601235148645e-02
4.206454685782197445e-02
3.995805026221621592e-02
3.397352633719277065e-02
3.647267206374579102e-02
4.052654438024617944e-02
4.096475371027757939e-02
3.852064070439915888e-02
3.935577503769556451e-02
3.497603193082413076e-02
3.851558962602003727e-02
3.966616426357122416e-02
3.578596010787087056e-02
3.774577821193074445e-02
3.365392498137797367e-02
3.580090900606466148e-02
3.671698367659502471e-02
3.180720355496673146e-02
3.507478965120500169e-02
2.965660834711776606e-02
3.146569120301391520e-02
3.344380243308248818e-02
3.039134058523881854e-02
2.976166917431485523e-02
2.852861061913237323e-02
3.187486500754696528e-02
3.377246114259092880e-02
2.673079127343434488e-02
2.744222910615902802e-02
2.509728740868424901e-02
2.706208913636237376e-02
2.407571652956532610e-02
2.575444976540395073e-02
2.221681292568531557e-02
2.746533624613312768e-02
2.448949538483582641e-02
2.341938166794890752e-02
2.216406934867729689e-02
2.414119600087814496e-02
2.262424266173149526e-02
2.045016459172334031e-02
2.378667401800352993e-02
2.252853681541311381e-02
2.095585100552308996e-02
1.866645026136052807e-02
2.113642078739204691e-02
2.121162039522901319e-02
1.883729325739769492e-02
2.082714629088860958e-02
1.763397534307977604e-02
1.897105658043377399e-02
1.714343715665019030e-02
1.711709203785416120e-02
1.738343663607807080e-02
1.724579320377622738e-02
1.614115424495657369e-02
1.632833169535733916e-02
1.616505729558705834e-02
1.461495432207593308e-02
1.415273633340506307e-02
1.524189422110151966e-02
1.433103998421789670e-02
1.354429740313473941e-02
1.270774242601826684e-02
1.216235809582923502e-02
1.115288199940285205e-02
1.003893259199195934e-02
1.004321898702496309e-02
8.276177614079071460e-03
9.268078241843323919e-03
9.241386023120978094e-03
7.289317117378227816e-03
7.183188221506269129e-03
7.343577141396761057e-03
6.083385193077623515e-03
7.600404644950014242e-03
5.632064702760666494e-03
5.325358738367082408e-03
5.877649250199896806e-03
4.694844173025403133e-03
5.109946940352641867e-03
4.488297051054181315e-03
4.091659219726282402e-03
4.128298550978574261e-03
3.883303982604499778e-03
3.761072495676259873e-03
3.753626989396650470e-03
3.510036332390427481e-03
3.199052939952386296e-03
3.185818200994804551e-03
3.110430396130241422e-03
3.050198040918457917e-03
2.586734204042955964e-03
3.010296060126834046e-03
2.354413694270389521e-03
2.149756420622091473e-03
2.419741277426705299e-03
2.398323446829786661e-03
2.233819116763255917e-03
2.167266001805811301e-03
1.861805225576967709e-03
1.873804538551433231e-03
1.836188182413879240e-03
1.652264539165276304e-03
1.688404639853605333e-03
1.405527436919706309e-03
1.396151365188412052e-03
1.365881910782304389e-03
1.302994132131084096e-03
1.225010206285209735e-03
1.358449140251881361e-03
1.142981848961614278e-03
1.218656230194732452e-03
1.183066992797018185e-03
1.251665800531193747e-03
1.032902918294509266e-03
9.837098302228155546e-04
1.092793477248406265e-03
8.926660082023277817e-04
9.787757569043585050e-04
9.070131443580650233e-04
8.325951003786284709e-04
