-7.000000000000000000e+00
-6.990000000000006430e+00
-6.980000000000010196e+00
-6.970000000000016627e+00
-6.960000000000004405e+00
-6.950000000000006395e+00
-6.940000000000013713e+00
-6.929999999999990834e+00
-6.919999999999998153e+00
-6.910000000000000142e+00
-6.899999999999987921e+00
-6.889999999999994351e+00
-6.879999999999996341e+00
-6.870000000000004547e+00
-6.860000000000010090e+00
-6.850000000000013856e+00
-6.840000000000020286e+00
-6.830000000000007176e+00
-6.820000000000010054e+00
-6.810000000000017373e+00
-6.799999999999995381e+00
-6.789999999999999147e+00
-6.780000000000005578e+00
-6.769999999999992468e+00
-6.759999999999994458e+00
-6.750000000000000888e+00
-6.740000000000008207e+00
-6.730000000000015525e+00
-6.720000000000016627e+00
-6.710000000000003517e+00
-6.700000000000009948e+00
-6.690000000000013713e+00
-6.680000000000020144e+00
-6.669999999999999929e+00
-6.660000000000003695e+00
-6.650000000000010125e+00
-6.639999999999997016e+00
-6.629999999999999005e+00
-6.620000000000005436e+00
-6.610000000000012754e+00
-6.600000000000019185e+00
-6.590000000000021174e+00
-6.580000000000008065e+00
-6.570000000000014495e+00
-6.560000000000015596e+00
-6.549982899999998054e+00
-6.539982920000004363e+00
-6.530000000000009130e+00
-6.519999999999993356e+00
-6.509999999999999787e+00
-6.500000000000003553e+00
-6.490000000000009983e+00
-6.480000000000017302e+00
-6.470000000000018403e+00
-6.460000000000024833e+00
-6.450000000000011724e+00
-6.440000000000012825e+00
-6.430000000000019256e+00
-6.420000000000003482e+00
-6.410000000000009912e+00
-6.400000000000012790e+00
-6.389999999999997904e+00
-6.380000000000004334e+00
-6.370000000000007212e+00
-6.360000000000013642e+00
-6.350000000000020073e+00
-6.340000000000022951e+00
-6.330000000000029381e+00
-6.320000000000014495e+00
-6.310000000000015596e+00
-6.300000000000022027e+00
-6.290000000000008917e+00
-6.279983440000016515e+00
-6.270000000000017337e+00
-6.260000000000002451e+00
-6.250000000000008882e+00
-6.240000000000009983e+00
-6.230000000000018190e+00
-6.220000000000024620e+00
-6.210000000000027498e+00
-6.199983600000034123e+00
-6.190000000000017266e+00
-6.180000000000019256e+00
-6.170000000000026574e+00
-6.160000000000014353e+00
-6.150000000000014566e+00
-6.140000000000022773e+00
-6.129983740000007231e+00
-6.120000000000008100e+00
-6.110000000000014531e+00
-6.100000000000021849e+00
-6.090000000000029168e+00
-6.080000000000029381e+00
-6.070000000000013607e+00
-6.060000000000020037e+00
-6.050000000000022915e+00
-6.040000000000011582e+00
-6.030000000000018012e+00
-6.020000000000020890e+00
-6.010000000000027320e+00
-6.000000000000011546e+00
-5.990000000000012648e+00
-5.980000000000019078e+00
-5.969984060000026460e+00
-5.960000000000032827e+00
-5.950000000000033928e+00
-5.940000000000018154e+00
-5.930000000000023697e+00
-5.920000000000023910e+00
-5.910000000000017017e+00
-5.900000000000023448e+00
-5.890000000000025437e+00
-5.880000000000007887e+00
-5.869968520000015566e+00
-5.860000000000017195e+00
-5.850000000000023626e+00
-5.840000000000030944e+00
-5.830000000000030269e+00
-5.820000000000037588e+00
-5.810000000000020037e+00
-5.800000000000022027e+00
-5.790000000000027569e+00
-5.780000000000022453e+00
-5.770000000000029772e+00
-5.760000000000029985e+00
-5.750000000000012434e+00
-5.739984520000017909e+00
-5.730000000000020854e+00
-5.720000000000027285e+00
-5.710000000000032827e+00
-5.700000000000034817e+00
-5.690000000000042135e+00
-5.680000000000024585e+00
-5.670000000000024798e+00
-5.660000000000030340e+00
-5.650000000000028777e+00
-5.640000000000034319e+00
-5.630000000000035421e+00
-5.620000000000016982e+00
-5.609984780000024429e+00
-5.600000000000023626e+00
-5.590000000000030944e+00
-5.580000000000037375e+00
-5.570000000000039364e+00
-5.560000000000045794e+00
-5.550000000000026468e+00
-5.539984920000027735e+00
-5.530000000000033999e+00
-5.520000000000033324e+00
-5.510000000000032649e+00
-5.500000000000039968e+00
-5.490000000000021529e+00
-5.479985040000022067e+00
-5.470000000000028173e+00
-5.460000000000035492e+00
-5.449985100000041882e+00
-5.440000000000042135e+00
-5.429985140000022525e+00
-5.420000000000029239e+00
-5.409985180000030702e+00
-5.400000000000036771e+00
-5.390000000000037872e+00
-5.380000000000039861e+00
-5.370000000000045404e+00
-5.360000000000026077e+00
-5.349985300000025923e+00
-5.340000000000032720e+00
-5.329985340000040317e+00
-5.320000000000046469e+00
-5.310000000000046683e+00
-5.299985400000027269e+00
-5.289985420000032690e+00
-5.279985440000032781e+00
-5.270000000000035989e+00
-5.260000000000043308e+00
-5.250000000000044409e+00
-5.240000000000022418e+00
-5.230000000000029736e+00
-5.220000000000030838e+00
-5.210000000000036380e+00
-5.200000000000044587e+00
-5.190000000000043912e+00
-5.180000000000050342e+00
-5.169985660000029348e+00
-5.160000000000029452e+00
-5.149985700000034861e+00
-5.140000000000042313e+00
-5.130000000000048743e+00
-5.120000000000048068e+00
-5.109985780000027233e+00
-5.100000000000034284e+00
-5.089985820000034522e+00
-5.079985840000040831e+00
-5.070000000000047358e+00
-5.060000000000047571e+00
-5.050000000000054001e+00
-5.039971840000033509e+00
-5.030000000000033111e+00
-5.020000000000039542e+00
-5.009957940000046683e+00
-5.000000000000053291e+00
-4.989986020000052314e+00
-4.980000000000032401e+00
-4.969986060000039174e+00
-4.959986080000037489e+00
-4.950000000000044587e+00
-4.940000000000051017e+00
-4.929986140000051975e+00
-4.919958480000057754e+00
-4.909986180000036171e+00
-4.900000000000037659e+00
-4.889986220000043460e+00
-4.879986240000051545e+00
-4.869986260000049860e+00
-4.860000000000055387e+00
-4.849972600000037382e+00
-4.839972640000035575e+00
-4.829986340000042233e+00
-4.819972720000049726e+00
-4.809959140000055200e+00
-4.799972800000054107e+00
-4.790000000000035563e+00
-4.779945760000041233e+00
-4.769972920000041583e+00
-4.759959440000047337e+00
-4.749946000000053736e+00
-4.739959560000054140e+00
-4.729973080000060115e+00
-4.719986560000041464e+00
-4.710000000000039933e+00
-4.699973200000046702e+00
-4.689973240000053778e+00
-4.679986640000060483e+00
-4.669946640000057769e+00
-4.659973360000040365e+00
-4.649973400000045665e+00
-4.639986720000043974e+00
-4.629973480000051822e+00
-4.619973520000058009e+00
-4.609973560000057979e+00
-4.599973600000038410e+00
-4.589947280000044039e+00
-4.579960520000044610e+00
-4.570000000000050022e+00
-4.559986880000058029e+00
-4.549921400000056515e+00
-4.539986920000060877e+00
-4.529973880000044417e+00
-4.519986960000042409e+00
-4.510000000000048637e+00
-4.499974000000055874e+00
-4.489974040000062061e+00
-4.480000000000059934e+00
-4.469935300000043021e+00
-4.459974160000048649e+00
-4.450000000000049027e+00
-4.439974240000054806e+00
-4.429974280000060105e+00
-4.419948640000060713e+00
-4.409948720000065769e+00
-4.399974400000049357e+00
-4.389961660000047061e+00
-4.379974480000051962e+00
-4.369987260000060658e+00
-4.359949120000067069e+00
-4.349949200000063243e+00
-4.339949280000048759e+00
-4.330000000000053362e+00
-4.319936800000051313e+00
-4.309987380000059431e+00
-4.299974800000065045e+00
-4.289974840000064127e+00
-4.279987440000069476e+00
-4.269974920000051632e+00
-4.259937400000051611e+00
-4.249937500000056545e+00
-4.239950080000064681e+00
-4.229975080000061283e+00
-4.219937800000066908e+00
-4.209950320000052315e+00
-4.199950400000050266e+00
-4.189975240000055834e+00
-4.179950560000063930e+00
-4.169913620000068377e+00
-4.159913760000065075e+00
-4.149987700000052016e+00
-4.139963160000056597e+00
-4.129950960000055460e+00
-4.119926560000060967e+00
-4.109914460000067216e+00
-4.099926800000066152e+00
-4.089963460000070938e+00
-4.079939200000057831e+00
-4.069915020000054895e+00
-4.059951520000058878e+00
-4.049903200000067649e+00
-4.039915440000072522e+00
-4.029939700000069180e+00
-4.019939800000056351e+00
-4.009915860000060839e+00
-3.999916000000057537e+00
-3.989916140000065781e+00
-3.979916280000070472e+00
-3.969892540000069303e+00
-3.959928480000054485e+00
-3.949904800000060057e+00
-3.939916840000059040e+00
-3.929916980000063731e+00
-3.919952640000071487e+00
-3.909881800000067908e+00
-3.899964600000072945e+00
-3.889858640000060763e+00
-3.879941200000056600e+00
-3.869882600000062567e+00
-3.859871080000070620e+00
-3.849953200000075348e+00
-3.839859840000070967e+00
-3.829918380000059575e+00
-3.819953440000064759e+00
-3.809930280000062730e+00
-3.799895600000068097e+00
-3.789884200000073200e+00
-3.779919080000071929e+00
-3.769919220000077065e+00
-3.759884800000065752e+00
-3.749827500000061153e+00
-3.739850760000066110e+00
-3.729851020000073625e+00
-3.719885600000078618e+00
-3.709851540000074444e+00
-3.699886000000065067e+00
-3.689840680000069373e+00
-3.679931840000064902e+00
-3.669761860000072762e+00
-3.659807560000077231e+00
-3.649887000000075155e+00
-3.639842080000079694e+00
-3.629819840000068076e+00
-3.619842640000065614e+00
-3.609876580000070501e+00
-3.599955200000077848e+00
-3.589854660000073139e+00
-3.579832600000077747e+00
-3.569888600000069356e+00
-3.559844320000064233e+00
-3.549944500000069336e+00
-3.539800560000077478e+00
-3.529867280000081209e+00
-3.519757120000075901e+00
-3.509812660000068085e+00
-3.499868000000073032e+00
-3.489747460000069967e+00
-3.479824640000074965e+00
-3.469671800000079909e+00
-3.459792520000077420e+00
-3.449771100000081248e+00
-3.439825920000074255e+00
-3.429782800000069187e+00
-3.419804880000073322e+00
-3.409837700000080574e+00
-3.399686800000085274e+00
-3.389838300000080018e+00
-3.379849360000072966e+00
-3.369752980000077613e+00
-3.359710560000071844e+00
-3.349711100000079433e+00
-3.339679600000083237e+00
-3.329861420000079786e+00
-3.319755280000071807e+00
-3.309713260000076929e+00
-3.299745600000073331e+00
-3.289703760000077359e+00
-3.279714880000085042e+00
-3.269725960000078757e+00
-3.259694920000082874e+00
-3.249647000000077668e+00
-3.239700080000071925e+00
-3.229686200000077001e+00
-3.219603280000083778e+00
-3.209729080000087276e+00
-3.199771200000081528e+00
-3.189730120000077385e+00
-3.179678840000081497e+00
-3.169679460000077054e+00
-3.159742000000081763e+00
-3.149629200000086282e+00
-3.139650480000082400e+00
-3.129610120000085871e+00
-3.119682560000083260e+00
-3.109570760000076373e+00
-3.099663400000080227e+00
-3.089541900000086994e+00
-3.079563120000091914e+00
-3.069594400000084544e+00
-3.059548600000081997e+00
-3.049666700000086550e+00
-3.039385120000078544e+00
-3.029527180000086251e+00
-3.019538160000089899e+00
-3.009643280000084964e+00
-2.999560000000089488e+00
-2.989501000000085895e+00
-2.979551800000080686e+00
-2.969407600000084191e+00
-2.959603200000092027e+00
-2.949524800000083768e+00
-2.939474480000086931e+00
-2.929428120000086899e+00
-2.919498160000078890e+00
-2.909538460000083759e+00
-2.899392400000090575e+00
-2.889554120000093818e+00
-2.879502240000086033e+00
-2.869507260000087268e+00
-2.859280720000089815e+00
-2.849379200000084822e+00
-2.839316720000088612e+00
-2.829385760000092453e+00
-2.819257720000087009e+00
-2.809288120000090316e+00
-2.799356800000092349e+00
-2.789342980000083294e+00
-2.779359480000086702e+00
-2.769389440000094016e+00
-2.759242400000097906e+00
-2.749320000000088804e+00
-2.739207680000091738e+00
-2.729195900000095154e+00
-2.719197600000085924e+00
-2.709152200000093380e+00
-2.699350000000096284e+00
-2.689141040000089244e+00
-2.679124160000090793e+00
-2.669159400000094884e+00
-2.659197160000088100e+00
-2.649007600000091056e+00
-2.639122400000098345e+00
-2.629096520000088866e+00
-2.619227840000091234e+00
-2.608897600000096517e+00
-2.599227200000086224e+00
-2.588847320000090324e+00
-2.579046200000097322e+00
-2.569011740000100019e+00
-2.558905600000089375e+00
-2.549088900000096469e+00
-2.539019360000099201e+00
-2.528974100000092040e+00
-2.518819760000095442e+00
-2.509025840000098651e+00
-2.498852000000091778e+00
-2.488858560000094755e+00
-2.478834240000101552e+00
-2.468782280000091145e+00
-2.458639240000093817e+00
-2.448712600000100714e+00
-2.438663120000103657e+00
-2.428754740000093726e+00
-2.418534880000100529e+00
-2.408723460000102623e+00
-2.398432000000092490e+00
-2.388585640000099986e+00
-2.378614400000102158e+00
-2.368770920000095703e+00
-2.358494720000098965e+00
-2.348549700000102103e+00
-2.338553760000096293e+00
-2.328383260000097987e+00
-2.318416960000105220e+00
-2.308209800000095235e+00
-2.298372800000096916e+00
-2.288497340000104074e+00
-2.278285760000094307e+00
-2.268389400000097034e+00
-2.258145080000104166e+00
-2.248354500000105727e+00
-2.238217760000096312e+00
-2.228193100000102955e+00
-2.217913560000104756e+00
-2.207868480000099609e+00
-2.198272800000102389e+00
-2.188234680000105126e+00
-2.177975440000099461e+00
-2.167850580000101779e+00
-2.157914720000108311e+00
-2.147936400000099333e+00
-2.137713600000100467e+00
-2.127744240000107201e+00
-2.117651120000109799e+00
-2.107626880000100567e+00
-2.097805600000107518e+00
-2.087680340000108714e+00
-2.077429280000099965e+00
-2.067374360000106659e+00
-2.057397120000107549e+00
-2.047233100000103168e+00
-2.037256240000105745e+00
-2.027541160000108089e+00
-2.017225800000103764e+00
-2.007389340000104383e+00
-1.996804000000111268e+00
-1.986991680000103289e+00
-1.977079040000104149e+00
-1.967018920000110249e+00
-1.957026880000102276e+00
-1.946900100000104494e+00
-1.936939520000110715e+00
-1.926692340000111248e+00
-1.916712960000103383e+00
-1.906908720000110247e+00
-1.896674800000110350e+00
-1.886323580000107247e+00
-1.876658080000109141e+00
-1.866206260000110806e+00
-1.856167640000107921e+00
-1.846309700000108078e+00
-1.836325760000114382e+00
-1.826468140000107487e+00
-1.816047880000107417e+00
-1.805629720000113680e+00
-1.795930000000114601e+00
-1.785538940000107822e+00
-1.775516840000114005e+00
-1.765545060000113464e+00
-1.755655040000107192e+00
-1.745445500000113448e+00
-1.735318160000112853e+00
-1.725430360000111296e+00
-1.715522000000112346e+00
-1.705133820000113376e+00
-1.694849200000112077e+00
-1.684948200000111251e+00
-1.674884640000117608e+00
-1.664592900000111841e+00
-1.654646840000110863e+00
-1.644284600000116559e+00
-1.634315440000110753e+00
-1.623965260000111543e+00
-1.613828760000117324e+00
-1.603481480000116033e+00
-1.593854400000110694e+00
-1.583800760000116936e+00
-1.573681600000114811e+00
-1.563563060000115579e+00
-1.553444800000115755e+00
-1.543246900000115662e+00
-1.698827280000075435e+00
-2.468787219999884819e+00
-2.478915839999877857e+00
-2.488672999999888447e+00
-2.498864999999885761e+00
-2.508813359999879200e+00
-2.518759439999875838e+00
-2.528834199999885790e+00
-2.538723719999878892e+00
-2.549125299999876137e+00
-2.559033279999886723e+00
-2.568838079999880009e+00
-2.578976919999876660e+00
-2.588907579999883968e+00
-2.599019599999880636e+00
-2.608976579999877199e+00
-2.619107719999884232e+00
-2.629030439999881619e+00
-2.639150239999874525e+00
-2.648970399999884151e+00
-2.659123919999881291e+00
-2.669130039999876303e+00
-2.679354159999886686e+00
-2.689375539999882214e+00
-2.698988799999875621e+00
-2.709227559999872526e+00
-2.719329759999881801e+00
-2.729266119999878448e+00
-2.739251079999875049e+00
-2.749182999999880916e+00
-2.759185279999877061e+00
-2.769235259999873300e+00
-2.779334799999879202e+00
-2.789233599999875857e+00
-2.799366399999873245e+00
-2.809365079999882386e+00
-2.819257719999879175e+00
-2.829453379999871565e+00
-2.839438559999867717e+00
-2.849301599999876089e+00
-2.859284719999874991e+00
-2.869419599999871284e+00
-2.879492479999879784e+00
-2.889362519999872703e+00
-2.899529599999869145e+00
-2.909381339999874694e+00
-2.919488319999870463e+00
-2.929536579999873158e+00
-2.939515879999878400e+00
-2.949578299999874975e+00
-2.959533759999867009e+00
-2.969423479999874882e+00
-2.979521919999871482e+00
-2.989461079999872872e+00
-2.999659999999880089e+00
-3.009488979999876079e+00
-3.019648599999868566e+00
-3.029597599999864777e+00
-3.039526239999872814e+00
-3.049636399999874570e+00
-3.059554719999870276e+00
-3.069513279999875000e+00
-3.079593599999870257e+00
-3.089643699999865767e+00
-3.099663399999870617e+00
-3.109529879999866075e+00
-3.119621119999869130e+00
-3.129517779999876126e+00
-3.139619639999872369e+00
-3.149721899999864849e+00
-3.159597519999860271e+00
-3.169586399999867243e+00
-3.179720279999870947e+00
-3.189754879999866954e+00
-3.199719199999873531e+00
-3.209687399999866297e+00
-3.219749439999862073e+00
-3.229728039999865796e+00
-3.239706559999872670e+00
-3.249716499999868002e+00
-3.259779079999872042e+00
-3.269736499999868151e+00
-3.279852159999860461e+00
-3.289693179999866324e+00
-3.299756199999862805e+00
-3.309787599999868046e+00
-3.319723359999873669e+00
-3.329733499999869117e+00
-3.339700959999861940e+00
-3.349785999999857378e+00
-3.359774879999863462e+00
-3.369688539999870169e+00
-3.379817079999865470e+00
-3.389816739999868656e+00
-3.399783999999863582e+00
-3.409686219999858547e+00
-3.419750679999861820e+00
-3.429771939999857189e+00
-3.439815039999864599e+00
-3.449781999999869786e+00
-3.459825279999865444e+00
-3.469770259999858109e+00
-3.479769839999852898e+00
-3.489868239999858623e+00
-3.499746999999866048e+00
-3.509878779999861642e+00
-3.519801279999866139e+00
-3.529867279999859164e+00
-3.539833799999854591e+00
-3.549811299999857450e+00
-3.559899919999852003e+00
-3.569832899999862974e+00
-3.579866079999864947e+00
-3.589809939999860866e+00
-3.599831999999854037e+00
-3.609865359999858470e+00
-3.619835399999853820e+00
-3.629864879999863181e+00
-3.639898479999867487e+00
-3.649875699999862277e+00
-3.659886799999855000e+00
-3.669852579999850928e+00
-3.679863679999854753e+00
-3.689863439999863992e+00
-3.699806199999859491e+00
-3.709862959999862042e+00
-3.719919919999856717e+00
-3.729931239999851655e+00
-3.739862239999853344e+00
-3.749873499999849091e+00
-3.759873279999859097e+00
-3.769826899999863645e+00
-3.779895959999858501e+00
-3.789907359999851177e+00
-3.799930399999846387e+00
-3.809918659999850021e+00
-3.819930159999860741e+00
-3.829883399999856053e+00
-3.839836479999859886e+00
-3.849871299999852337e+00
-3.859929679999847707e+00
-3.869851379999848628e+00
-3.879870639999862370e+00
-3.889941099999857155e+00
-3.899952799999859110e+00
-3.909881799999854302e+00
-3.919952639999846777e+00
-3.929905119999850260e+00
-3.939904959999845246e+00
-3.949892899999857931e+00
-3.959952319999861192e+00
-3.969916419999855339e+00
-3.979904319999847839e+00
-3.989952079999842915e+00
-3.999963999999846198e+00
-4.009975959999859896e+00
-4.019891639999855215e+00
-4.029939699999855129e+00
-4.039963759999849913e+00
-4.049963699999844735e+00
-4.059987879999845006e+00
-4.069927159999840782e+00
-4.079878399999853578e+00
-4.089914739999857218e+00
-4.099938999999852562e+00
-4.109963339999843868e+00
-4.119963279999838690e+00
-4.129950959999841409e+00
-4.139987719999855820e+00
-4.149975399999850545e+00
-4.159963039999853507e+00
-4.169950639999845166e+00
-4.179962919999839599e+00
-4.189913339999840503e+00
-4.199950399999835327e+00
-4.209987579999852514e+00
-4.219937799999852857e+00
-4.229975079999847232e+00
-4.239937599999839435e+00
-4.249987499999842377e+00
-4.259899839999837567e+00
-4.269949839999852337e+00
-4.279949759999854386e+00
-4.289937099999849401e+00
-4.299962199999841417e+00
-4.309974759999835037e+00
-4.319924159999838587e+00
-4.329962019999853418e+00
-4.339923919999848501e+00
-4.349999999999848654e+00
-4.359949119999843248e+00
-4.369949039999837304e+00
-4.379948959999837577e+00
-4.389987219999832213e+00
-4.399961599999848261e+00
-4.409935899999850584e+00
-4.419999999999844498e+00
-4.429974279999837172e+00
-4.439987119999830867e+00
-4.449961299999833031e+00
-4.459974159999849697e+00
-4.469974119999845286e+00
-4.479922239999846845e+00
-4.489987019999838402e+00
-4.499999999999833022e+00
-4.509973959999833859e+00
-4.519960879999851855e+00
-4.529999999999845706e+00
-4.539986919999845938e+00
-4.549973799999841084e+00
-4.559973759999832232e+00
-4.569986859999834117e+00
-4.579973679999828740e+00
-4.589934099999846140e+00
-4.599999999999848654e+00
-4.609973559999842152e+00
-4.619973519999835077e+00
-4.629999999999828475e+00
-4.639973439999829807e+00
-4.649986699999848483e+00
-4.659986679999843062e+00
-4.669999999999842721e+00
-4.679959919999836515e+00
-4.689959859999829561e+00
-4.699959799999829713e+00
-4.709973159999823800e+00
-4.719986559999842513e+00
-4.729973079999844288e+00
-4.739999999999838565e+00
-4.749999999999830358e+00
-4.759986479999823494e+00
-4.769999999999825491e+00
-4.779972879999843549e+00
-4.789972839999838250e+00
-4.799972799999840056e+00
-4.809959139999831379e+00
-4.819999999999826201e+00
-4.829986339999826406e+00
-4.839972639999819748e+00
-4.849958899999840867e+00
-4.859999999999839559e+00
-4.869986259999834033e+00
-4.879972479999826085e+00
-4.889986219999827632e+00
-4.899986199999822212e+00
-4.909986179999840772e+00
-4.919986159999841568e+00
-4.929999999999835403e+00
-4.939999999999828084e+00
-4.949999999999821654e+00
-4.959999999999822329e+00
-4.969999999999842544e+00
-4.979999999999836113e+00
-4.989986019999835598e+00
-4.999999999999829470e+00
-5.009971959999822921e+00
-5.019985959999822001e+00
-5.029999999999816396e+00
-5.039999999999836611e+00
-5.049999999999837286e+00
-5.059971759999831065e+00
-5.069999999999823537e+00
-5.079999999999817106e+00
-5.089985819999817807e+00
-5.099999999999838884e+00
-5.109985779999832722e+00
-5.119985759999833519e+00
-5.129985739999825434e+00
-5.139999999999819380e+00
-5.149999999999818279e+00
-5.159957039999839346e+00
-5.169985659999833949e+00
-5.179999999999832738e+00
-5.189999999999827196e+00
-5.199999999999818989e+00
-5.209999999999819664e+00
-5.219985559999813063e+00
-5.229985539999832511e+00
-5.239999999999834124e+00
-5.249999999999826805e+00
-5.259999999999823039e+00
-5.269999999999816609e+00
-5.279985439999816954e+00
-5.289999999999836611e+00
-5.299985399999830094e+00
-5.309999999999829079e+00
-5.319999999999822649e+00
-5.329999999999816218e+00
-5.339985319999815516e+00
-5.349999999999808686e+00
-5.359999999999828013e+00
-5.369985259999828564e+00
-5.379999999999821370e+00
-5.389999999999820268e+00
-5.399985199999814078e+00
-5.409999999999813625e+00
-5.419999999999832063e+00
-5.429985139999825350e+00
-5.439985119999826146e+00
-5.449999999999818989e+00
-5.459985079999812640e+00
-5.469985059999811661e+00
-5.479985039999804464e+00
-5.489985019999823024e+00
-5.499999999999822364e+00
-5.509999999999815934e+00
-5.519999999999816609e+00
-5.529999999999817284e+00
-5.539999999999809965e+00
-5.549999999999828404e+00
-5.559984879999828600e+00
-5.569999999999821760e+00
-5.579999999999814442e+00
-5.589999999999808011e+00
-5.599984799999807805e+00
-5.609969559999826494e+00
-5.619999999999818918e+00
-5.629999999999816929e+00
-5.639969439999820366e+00
-5.649999999999814726e+00
-5.659999999999812736e+00
-5.669999999999806306e+00
-5.679999999999824745e+00
-5.689984619999823856e+00
-5.699999999999817213e+00
-5.709999999999809894e+00
-5.719999999999803464e+00
-5.729999999999803251e+00
-5.739999999999820801e+00
-5.749999999999813483e+00
-5.759999999999812381e+00
-5.769999999999818385e+00
-5.779999999999811067e+00
-5.789999999999809965e+00
-5.799999999999828404e+00
-5.809999999999821085e+00
-5.819999999999819096e+00
-5.829999999999812665e+00
-5.839999999999805347e+00
-5.849984299999806403e+00
-5.859999999999798703e+00
-5.869999999999814477e+00
-5.879999999999814264e+00
-5.889999999999806946e+00
-5.899999999999814726e+00
-5.909999999999808296e+00
-5.919984159999808426e+00
-5.929999999999823856e+00
-5.939999999999818314e+00
-5.949999999999815437e+00
-5.959999999999809006e+00
-5.969999999999802576e+00
-5.979999999999799698e+00
-5.989999999999794156e+00
-5.999999999999809930e+00
-6.009999999999808828e+00
-6.019999999999802398e+00
-6.029999999999811067e+00
-6.039983919999804662e+00
-6.049999999999804423e+00
-6.059999999999820197e+00
-6.069999999999813767e+00
-6.079999999999812665e+00
-6.089999999999804459e+00
-6.099999999999798916e+00
-6.109999999999796927e+00
-6.119999999999789608e+00
-6.129999999999805382e+00
-6.139999999999803393e+00
-6.149999999999796074e+00
-6.159999999999809184e+00
-6.169999999999808082e+00
-6.179999999999800764e+00
-6.189999999999815650e+00
-6.199999999999814548e+00
-6.209999999999808118e+00
-6.219999999999799911e+00
-6.229999999999793481e+00
-6.239999999999793268e+00
-6.249999999999808153e+00
-6.259999999999800835e+00
-6.269999999999798845e+00
-6.279999999999793303e+00
-6.289999999999805524e+00
-6.299999999999803535e+00
-6.309999999999796216e+00
-6.319999999999811990e+00
-6.329999999999810001e+00
-6.339999999999804459e+00
-6.349999999999796252e+00
-6.359999999999789821e+00
-6.369999999999788720e+00
-6.379999999999801830e+00
-6.389999999999795399e+00
-6.399999999999794298e+00
-6.409999999999810072e+00
-6.419983159999803846e+00
-6.429999999999799876e+00
-6.439999999999815650e+00
-6.449999999999809219e+00
-6.459999999999806342e+00
-6.469983059999799835e+00
-6.479999999999791704e+00
-6.489999999999790603e+00
-6.499999999999784173e+00
-6.509999999999797282e+00
-6.519999999999796181e+00
-6.529999999999789750e+00
-6.539999999999806413e+00
-6.549999999999799982e+00
-6.559999999999797993e+00
-6.569999999999811102e+00
-6.579999999999804672e+00
-6.589999999999801794e+00
-6.599999999999795364e+00
-6.609999999999788933e+00
-6.619999999999786056e+00
-6.629999999999778737e+00
-6.639999999999791847e+00
-6.649999999999790745e+00
-6.659999999999784315e+00
-6.669999999999801865e+00
-6.679999999999795435e+00
-6.689999999999794333e+00
-6.699999999999807443e+00
-6.709999999999801013e+00
-6.719999999999799023e+00
-6.729999999999790816e+00
-6.739999999999785274e+00
-6.749999999999781508e+00
-6.759999999999775078e+00
-6.769999999999788187e+00
-6.779999999999785310e+00
-6.789999999999777991e+00
-6.799999999999799094e+00
-6.809999999999796216e+00
-6.819999999999789786e+00
-6.829999999999802895e+00
-6.839999999999800906e+00
-6.849999999999794476e+00
-6.859999999999787157e+00
-6.869999999999779838e+00
-6.879999999999778737e+00
-6.889999999999790958e+00
-6.899999999999783640e+00
-6.909999999999781650e+00
-6.919999999999801865e+00
-6.929999999999796323e+00
-6.939999999999793445e+00
-6.949999999999786127e+00
-6.959999999999798348e+00
-6.969999999999796358e+00
-6.979999999999789928e+00
-6.989999999999781721e+00
