1.000000000000000000e+00
1.000000000000000000e+00
1.000000000000000000e+00
1.000000000000000000e+00
1.000000000000000000e+00
1.000000000000000000e+00
1.000000000000000000e+00
1.000000000000000000e+00
1.000000000000000000e+00
1.000000000000000000e+00
1.000000000000000000e+00
1.000000000000000000e+00
1.000000000000000000e+00
1.000000000000000000e+00
1.000000000000000000e+00
1.000000000000000000e+00
1.000000000000000000e+00
1.000000000000000000e+00
1.000000000000000000e+00
1.000000000000000000e+00
1.000000000000000000e+00
1.000000000000000000e+00
1.000000000000000000e+00
1.000000000000000000e+00
1.000000000000000000e+00
1.000000000000000000e+00
1.000000000000000000e+00
1.000000000000000000e+00
1.000000000000000000e+00
1.000000000000000000e+00
1.000000000000000000e+00
1.000000000000000000e+00
1.000000000000000000e+00
1.000000000000000000e+00
1.000000000000000000e+00
1.000000000000000000e+00
1.000000000000000000e+00
1.000000000000000000e+00
1.000000000000000000e+00
1.000000000000000000e+00
1.000000000000000000e+00
1.000000000000000000e+00
1.000000000000000000e+00
1.000000000000000000e+00
1.000000000000000000e+00
9.999980000000000535e-01
9.999980000000000535e-01
1.000000000000000000e+00
1.000000000000000000e+00
1.000000000000000000e+00
1.000000000000000000e+00
1.000000000000000000e+00
1.000000000000000000e+00
1.000000000000000000e+00
1.000000000000000000e+00
1.000000000000000000e+00
1.000000000000000000e+00
1.000000000000000000e+00
1.000000000000000000e+00
1.000000000000000000e+00
1.000000000000000000e+00
1.000000000000000000e+00
1.000000000000000000e+00
1.000000000000000000e+00
1.000000000000000000e+00
1.000000000000000000e+00
1.000000000000000000e+00
1.000000000000000000e+00
1.000000000000000000e+00
1.000000000000000000e+00
1.000000000000000000e+00
1.000000000000000000e+00
9.999980000000000535e-01
1.000000000000000000e+00
1.000000000000000000e+00
1.000000000000000000e+00
1.000000000000000000e+00
1.000000000000000000e+00
1.000000000000000000e+00
1.000000000000000000e+00
9.999980000000000535e-01
1.000000000000000000e+00
1.000000000000000000e+00
1.000000000000000000e+00
1.000000000000000000e+00
1.000000000000000000e+00
1.000000000000000000e+00
9.999980000000000535e-01
1.000000000000000000e+00
1.000000000000000000e+00
1.000000000000000000e+00
1.000000000000000000e+00
1.000000000000000000e+00
1.000000000000000000e+00
1.000000000000000000e+00
1.000000000000000000e+00
1.000000000000000000e+00
1.000000000000000000e+00
1.000000000000000000e+00
1.000000000000000000e+00
1.000000000000000000e+00
1.000000000000000000e+00
1.000000000000000000e+00
9.999980000000000535e-01
1.000000000000000000e+00
1.000000000000000000e+00
1.000000000000000000e+00
1.000000000000000000e+00
1.000000000000000000e+00
1.000000000000000000e+00
1.000000000000000000e+00
1.000000000000000000e+00
1.000000000000000000e+00
9.999959999999999960e-01
1.000000000000000000e+00
1.000000000000000000e+00
1.000000000000000000e+00
1.000000000000000000e+00
1.000000000000000000e+00
1.000000000000000000e+00
1.000000000000000000e+00
1.000000000000000000e+00
1.000000000000000000e+00
1.000000000000000000e+00
1.000000000000000000e+00
1.000000000000000000e+00
9.999980000000000535e-01
1.000000000000000000e+00
1.000000000000000000e+00
1.000000000000000000e+00
1.000000000000000000e+00
1.000000000000000000e+00
1.000000000000000000e+00
1.000000000000000000e+00
1.000000000000000000e+00
1.000000000000000000e+00
1.000000000000000000e+00
1.000000000000000000e+00
1.000000000000000000e+00
9.999980000000000535e-01
1.000000000000000000e+00
1.000000000000000000e+00
1.000000000000000000e+00
1.000000000000000000e+00
1.000000000000000000e+00
1.000000000000000000e+00
9.999980000000000535e-01
1.000000000000000000e+00
1.000000000000000000e+00
1.000000000000000000e+00
1.000000000000000000e+00
1.000000000000000000e+00
9.999980000000000535e-01
1.000000000000000000e+00
1.000000000000000000e+00
9.999980000000000535e-01
1.000000000000000000e+00
9.999980000000000535e-01
1.000000000000000000e+00
9.999980000000000535e-01
1.000000000000000000e+00
1.000000000000000000e+00
1.000000000000000000e+00
1.000000000000000000e+00
1.000000000000000000e+00
9.999980000000000535e-01
1.000000000000000000e+00
9.999980000000000535e-01
1.000000000000000000e+00
1.000000000000000000e+00
9.999980000000000535e-01
9.999980000000000535e-01
9.999980000000000535e-01
1.000000000000000000e+00
1.000000000000000000e+00
1.000000000000000000e+00
1.000000000000000000e+00
1.000000000000000000e+00
1.000000000000000000e+00
1.000000000000000000e+00
1.000000000000000000e+00
1.000000000000000000e+00
1.000000000000000000e+00
9.999980000000000535e-01
1.000000000000000000e+00
9.999980000000000535e-01
1.000000000000000000e+00
1.000000000000000000e+00
1.000000000000000000e+00
9.999980000000000535e-01
1.000000000000000000e+00
9.999980000000000535e-01
9.999980000000000535e-01
1.000000000000000000e+00
1.000000000000000000e+00
1.000000000000000000e+00
9.999959999999999960e-01
1.000000000000000000e+00
1.000000000000000000e+00
9.999940000000000495e-01
1.000000000000000000e+00
9.999980000000000535e-01
1.000000000000000000e+00
9.999980000000000535e-01
9.999980000000000535e-01
1.000000000000000000e+00
1.000000000000000000e+00
9.999980000000000535e-01
9.999940000000000495e-01
9.999980000000000535e-01
1.000000000000000000e+00
9.999980000000000535e-01
9.999980000000000535e-01
9.999980000000000535e-01
1.000000000000000000e+00
9.999959999999999960e-01
9.999959999999999960e-01
9.999980000000000535e-01
9.999959999999999960e-01
9.999940000000000495e-01
9.999959999999999960e-01
1.000000000000000000e+00
9.999919999999999920e-01
9.999959999999999960e-01
9.999940000000000495e-01
9.999919999999999920e-01
9.999940000000000495e-01
9.999959999999999960e-01
9.999980000000000535e-01
1.000000000000000000e+00
9.999959999999999960e-01
9.999959999999999960e-01
9.999980000000000535e-01
9.999919999999999920e-01
9.999959999999999960e-01
9.999959999999999960e-01
9.999980000000000535e-01
9.999959999999999960e-01
9.999959999999999960e-01
9.999959999999999960e-01
9.999959999999999960e-01
9.999919999999999920e-01
9.999940000000000495e-01
1.000000000000000000e+00
9.999980000000000535e-01
9.999879999999999880e-01
9.999980000000000535e-01
9.999959999999999960e-01
9.999980000000000535e-01
1.000000000000000000e+00
9.999959999999999960e-01
9.999959999999999960e-01
1.000000000000000000e+00
9.999900000000000455e-01
9.999959999999999960e-01
1.000000000000000000e+00
9.999959999999999960e-01
9.999959999999999960e-01
9.999919999999999920e-01
9.999919999999999920e-01
9.999959999999999960e-01
9.999940000000000495e-01
9.999959999999999960e-01
9.999980000000000535e-01
9.999919999999999920e-01
9.999919999999999920e-01
9.999919999999999920e-01
1.000000000000000000e+00
9.999900000000000455e-01
9.999980000000000535e-01
9.999959999999999960e-01
9.999959999999999960e-01
9.999980000000000535e-01
9.999959999999999960e-01
9.999900000000000455e-01
9.999900000000000455e-01
9.999919999999999920e-01
9.999959999999999960e-01
9.999900000000000455e-01
9.999919999999999920e-01
9.999919999999999920e-01
9.999959999999999960e-01
9.999919999999999920e-01
9.999860000000000415e-01
9.999860000000000415e-01
9.999980000000000535e-01
9.999940000000000495e-01
9.999919999999999920e-01
9.999879999999999880e-01
9.999860000000000415e-01
9.999879999999999880e-01
9.999940000000000495e-01
9.999900000000000455e-01
9.999860000000000415e-01
9.999919999999999920e-01
9.999839999999999840e-01
9.999860000000000415e-01
9.999900000000000455e-01
9.999900000000000455e-01
9.999860000000000415e-01
9.999860000000000415e-01
9.999860000000000415e-01
9.999860000000000415e-01
9.999820000000000375e-01
9.999879999999999880e-01
9.999839999999999840e-01
9.999860000000000415e-01
9.999860000000000415e-01
9.999919999999999920e-01
9.999799999999999800e-01
9.999940000000000495e-01
9.999759999999999760e-01
9.999900000000000455e-01
9.999799999999999800e-01
9.999780000000000335e-01
9.999919999999999920e-01
9.999759999999999760e-01
9.999860000000000415e-01
9.999919999999999920e-01
9.999879999999999880e-01
9.999820000000000375e-01
9.999799999999999800e-01
9.999860000000000415e-01
9.999860000000000415e-01
9.999799999999999800e-01
9.999700000000000255e-01
9.999740000000000295e-01
9.999740000000000295e-01
9.999799999999999800e-01
9.999740000000000295e-01
9.999799999999999800e-01
9.999719999999999720e-01
9.999879999999999880e-01
9.999580000000000135e-01
9.999660000000000215e-01
9.999799999999999800e-01
9.999719999999999720e-01
9.999679999999999680e-01
9.999719999999999720e-01
9.999780000000000335e-01
9.999919999999999920e-01
9.999740000000000295e-01
9.999700000000000255e-01
9.999799999999999800e-01
9.999719999999999720e-01
9.999900000000000455e-01
9.999639999999999640e-01
9.999759999999999760e-01
9.999559999999999560e-01
9.999660000000000215e-01
9.999759999999999760e-01
9.999540000000000095e-01
9.999679999999999680e-01
9.999400000000000510e-01
9.999620000000000175e-01
9.999580000000000135e-01
9.999679999999999680e-01
9.999599999999999600e-01
9.999639999999999640e-01
9.999700000000000255e-01
9.999419999999999975e-01
9.999700000000000255e-01
9.999719999999999720e-01
9.999540000000000095e-01
9.999460000000000015e-01
9.999460000000000015e-01
9.999400000000000510e-01
9.999740000000000295e-01
9.999540000000000095e-01
9.999460000000000015e-01
9.999519999999999520e-01
9.999440000000000550e-01
9.999460000000000015e-01
9.999479999999999480e-01
9.999419999999999975e-01
9.999320000000000430e-01
9.999419999999999975e-01
9.999400000000000510e-01
9.999240000000000350e-01
9.999479999999999480e-01
9.999559999999999560e-01
9.999479999999999480e-01
9.999379999999999935e-01
9.999379999999999935e-01
9.999500000000000055e-01
9.999280000000000390e-01
9.999320000000000430e-01
9.999240000000000350e-01
9.999379999999999935e-01
9.999160000000000270e-01
9.999339999999999895e-01
9.999099999999999655e-01
9.999139999999999695e-01
9.999200000000000310e-01
9.999099999999999655e-01
9.999339999999999895e-01
9.998780000000000445e-01
9.999059999999999615e-01
9.999080000000000190e-01
9.999280000000000390e-01
9.999120000000000230e-01
9.999000000000000110e-01
9.999099999999999655e-01
9.998799999999999910e-01
9.999200000000000310e-01
9.999040000000000150e-01
9.998920000000000030e-01
9.998839999999999950e-01
9.998979999999999535e-01
9.999059999999999615e-01
9.998759999999999870e-01
9.999080000000000190e-01
9.998979999999999535e-01
9.998979999999999535e-01
9.998519999999999630e-01
9.998719999999999830e-01
9.998580000000000245e-01
9.998719999999999830e-01
9.998460000000000125e-01
9.998519999999999630e-01
9.998660000000000325e-01
9.998620000000000285e-01
9.998660000000000325e-01
9.998719999999999830e-01
9.998399999999999510e-01
9.998559999999999670e-01
9.998320000000000540e-01
9.998299999999999965e-01
9.998299999999999965e-01
9.998200000000000420e-01
9.998599999999999710e-01
9.998160000000000380e-01
9.998120000000000340e-01
9.998200000000000420e-01
9.998259999999999925e-01
9.997840000000000060e-01
9.998099999999999765e-01
9.998040000000000260e-01
9.998320000000000540e-01
9.997599999999999820e-01
9.998320000000000540e-01
9.997479999999999700e-01
9.997899999999999565e-01
9.997819999999999485e-01
9.997599999999999820e-01
9.997979999999999645e-01
9.997840000000000060e-01
9.997700000000000475e-01
9.997380000000000155e-01
9.997840000000000060e-01
9.997439999999999660e-01
9.997439999999999660e-01
9.997380000000000155e-01
9.997239999999999460e-01
9.996939999999999715e-01
9.997080000000000410e-01
9.996979999999999755e-01
9.997179999999999955e-01
9.996639999999999970e-01
9.997059999999999835e-01
9.996399999999999730e-01
9.996760000000000090e-01
9.996800000000000130e-01
9.997160000000000490e-01
9.996519999999999850e-01
9.996620000000000505e-01
9.996639999999999970e-01
9.996220000000000105e-01
9.996279999999999610e-01
9.995800000000000241e-01
9.996159999999999490e-01
9.996460000000000345e-01
9.995920000000000361e-01
9.996199999999999530e-01
9.995579999999999465e-01
9.996099999999999985e-01
9.995739999999999625e-01
9.995699999999999585e-01
9.994979999999999976e-01
9.994880000000000431e-01
9.995840000000000281e-01
9.995720000000000161e-01
9.995079999999999520e-01
9.994739999999999736e-01
9.994920000000000471e-01
9.994960000000000511e-01
9.994399999999999951e-01
9.994480000000000031e-01
9.994260000000000366e-01
9.994079999999999631e-01
9.994560000000000111e-01
9.994260000000000366e-01
9.993659999999999766e-01
9.993480000000000141e-01
9.993520000000000181e-01
9.993020000000000236e-01
9.993060000000000276e-01
9.993720000000000381e-01
9.992900000000000116e-01
9.993339999999999446e-01
9.991839999999999611e-01
9.992320000000000091e-01
9.992480000000000251e-01
9.992360000000000131e-01
9.992280000000000051e-01
9.991980000000000306e-01
9.992079999999999851e-01
9.991379999999999706e-01
9.991379999999999706e-01
9.991919999999999691e-01
9.991320000000000201e-01
9.990219999999999656e-01
9.991160000000000041e-01
9.989980000000000526e-01
9.989740000000000286e-01
9.990019999999999456e-01
9.990139999999999576e-01
9.990580000000000016e-01
9.989339999999999886e-01
9.988120000000000331e-01
9.988899999999999446e-01
9.987859999999999516e-01
9.987779999999999436e-01
9.987779999999999436e-01
9.988040000000000251e-01
9.987300000000000066e-01
9.986840000000000162e-01
9.987319999999999531e-01
9.987500000000000266e-01
9.986420000000000297e-01
9.985559999999999992e-01
9.985800000000000232e-01
9.985479999999999912e-01
9.984699999999999687e-01
9.984739999999999727e-01
9.983640000000000292e-01
9.983459999999999557e-01
9.982020000000000337e-01
9.981980000000000297e-01
9.980679999999999552e-01
9.981740000000000057e-01
9.981640000000000512e-01
9.981200000000000072e-01
9.980580000000000007e-01
9.979799999999999782e-01
9.979580000000000117e-01
6.393320000000000114e-01
-9.997260000000000035e-01
-9.997580000000000355e-01
-9.997000000000000330e-01
-9.997460000000000235e-01
-9.997359999999999580e-01
-9.997219999999999995e-01
-9.997399999999999620e-01
-9.997179999999999955e-01
-9.998059999999999725e-01
-9.997880000000000100e-01
-9.997439999999999660e-01
-9.997740000000000515e-01
-9.997620000000000395e-01
-9.997859999999999525e-01
-9.997779999999999445e-01
-9.998059999999999725e-01
-9.997880000000000100e-01
-9.998160000000000380e-01
-9.997759999999999980e-01
-9.998120000000000340e-01
-9.998120000000000340e-01
-9.998620000000000285e-01
-9.998660000000000325e-01
-9.997840000000000060e-01
-9.998359999999999470e-01
-9.998580000000000245e-01
-9.998439999999999550e-01
-9.998420000000000085e-01
-9.998280000000000500e-01
-9.998280000000000500e-01
-9.998380000000000045e-01
-9.998599999999999710e-01
-9.998399999999999510e-01
-9.998679999999999790e-01
-9.998679999999999790e-01
-9.998460000000000125e-01
-9.998860000000000525e-01
-9.998839999999999950e-01
-9.998559999999999670e-01
-9.998519999999999630e-01
-9.998799999999999910e-01
-9.998960000000000070e-01
-9.998679999999999790e-01
-9.999040000000000150e-01
-9.998740000000000405e-01
-9.998960000000000070e-01
-9.999059999999999615e-01
-9.999019999999999575e-01
-9.999139999999999695e-01
-9.999059999999999615e-01
-9.998839999999999950e-01
-9.999040000000000150e-01
-9.998920000000000030e-01
-9.999320000000000430e-01
-9.998979999999999535e-01
-9.999299999999999855e-01
-9.999200000000000310e-01
-9.999059999999999615e-01
-9.999280000000000390e-01
-9.999120000000000230e-01
-9.999040000000000150e-01
-9.999200000000000310e-01
-9.999299999999999855e-01
-9.999339999999999895e-01
-9.999080000000000190e-01
-9.999259999999999815e-01
-9.999059999999999615e-01
-9.999259999999999815e-01
-9.999460000000000015e-01
-9.999219999999999775e-01
-9.999200000000000310e-01
-9.999460000000000015e-01
-9.999519999999999520e-01
-9.999460000000000015e-01
-9.999400000000000510e-01
-9.999519999999999520e-01
-9.999479999999999480e-01
-9.999440000000000550e-01
-9.999460000000000015e-01
-9.999580000000000135e-01
-9.999500000000000055e-01
-9.999719999999999720e-01
-9.999419999999999975e-01
-9.999540000000000095e-01
-9.999599999999999600e-01
-9.999479999999999480e-01
-9.999500000000000055e-01
-9.999440000000000550e-01
-9.999599999999999600e-01
-9.999580000000000135e-01
-9.999419999999999975e-01
-9.999660000000000215e-01
-9.999660000000000215e-01
-9.999599999999999600e-01
-9.999419999999999975e-01
-9.999540000000000095e-01
-9.999580000000000135e-01
-9.999660000000000215e-01
-9.999599999999999600e-01
-9.999679999999999680e-01
-9.999580000000000135e-01
-9.999580000000000135e-01
-9.999759999999999760e-01
-9.999540000000000095e-01
-9.999780000000000335e-01
-9.999639999999999640e-01
-9.999759999999999760e-01
-9.999700000000000255e-01
-9.999660000000000215e-01
-9.999820000000000375e-01
-9.999700000000000255e-01
-9.999759999999999760e-01
-9.999660000000000215e-01
-9.999700000000000255e-01
-9.999759999999999760e-01
-9.999700000000000255e-01
-9.999759999999999760e-01
-9.999820000000000375e-01
-9.999780000000000335e-01
-9.999799999999999800e-01
-9.999740000000000295e-01
-9.999759999999999760e-01
-9.999759999999999760e-01
-9.999660000000000215e-01
-9.999759999999999760e-01
-9.999860000000000415e-01
-9.999879999999999880e-01
-9.999759999999999760e-01
-9.999780000000000335e-01
-9.999780000000000335e-01
-9.999700000000000255e-01
-9.999820000000000375e-01
-9.999839999999999840e-01
-9.999879999999999880e-01
-9.999860000000000415e-01
-9.999879999999999880e-01
-9.999799999999999800e-01
-9.999719999999999720e-01
-9.999780000000000335e-01
-9.999879999999999880e-01
-9.999740000000000295e-01
-9.999780000000000335e-01
-9.999900000000000455e-01
-9.999919999999999920e-01
-9.999799999999999800e-01
-9.999919999999999920e-01
-9.999839999999999840e-01
-9.999839999999999840e-01
-9.999820000000000375e-01
-9.999919999999999920e-01
-9.999860000000000415e-01
-9.999839999999999840e-01
-9.999919999999999920e-01
-9.999940000000000495e-01
-9.999959999999999960e-01
-9.999820000000000375e-01
-9.999900000000000455e-01
-9.999940000000000495e-01
-9.999940000000000495e-01
-9.999980000000000535e-01
-9.999879999999999880e-01
-9.999799999999999800e-01
-9.999860000000000415e-01
-9.999900000000000455e-01
-9.999940000000000495e-01
-9.999940000000000495e-01
-9.999919999999999920e-01
-9.999980000000000535e-01
-9.999959999999999960e-01
-9.999940000000000495e-01
-9.999919999999999920e-01
-9.999940000000000495e-01
-9.999860000000000415e-01
-9.999919999999999920e-01
-9.999980000000000535e-01
-9.999900000000000455e-01
-9.999959999999999960e-01
-9.999900000000000455e-01
-9.999980000000000535e-01
-9.999839999999999840e-01
-9.999919999999999920e-01
-9.999919999999999920e-01
-9.999900000000000455e-01
-9.999940000000000495e-01
-9.999959999999999960e-01
-9.999879999999999880e-01
-9.999940000000000495e-01
-9.999879999999999880e-01
-1.000000000000000000e+00
-9.999919999999999920e-01
-9.999919999999999920e-01
-9.999919999999999920e-01
-9.999980000000000535e-01
-9.999940000000000495e-01
-9.999900000000000455e-01
-1.000000000000000000e+00
-9.999959999999999960e-01
-9.999980000000000535e-01
-9.999940000000000495e-01
-9.999959999999999960e-01
-9.999959999999999960e-01
-9.999879999999999880e-01
-9.999980000000000535e-01
-1.000000000000000000e+00
-9.999959999999999960e-01
-9.999940000000000495e-01
-1.000000000000000000e+00
-9.999980000000000535e-01
-9.999959999999999960e-01
-9.999959999999999960e-01
-9.999980000000000535e-01
-9.999959999999999960e-01
-9.999900000000000455e-01
-1.000000000000000000e+00
-9.999959999999999960e-01
-9.999959999999999960e-01
-1.000000000000000000e+00
-9.999959999999999960e-01
-9.999980000000000535e-01
-9.999980000000000535e-01
-1.000000000000000000e+00
-9.999940000000000495e-01
-9.999940000000000495e-01
-9.999940000000000495e-01
-9.999959999999999960e-01
-9.999980000000000535e-01
-9.999959999999999960e-01
-1.000000000000000000e+00
-1.000000000000000000e+00
-9.999980000000000535e-01
-1.000000000000000000e+00
-9.999959999999999960e-01
-9.999959999999999960e-01
-9.999959999999999960e-01
-9.999940000000000495e-01
-1.000000000000000000e+00
-9.999980000000000535e-01
-9.999959999999999960e-01
-9.999940000000000495e-01
-1.000000000000000000e+00
-9.999980000000000535e-01
-9.999959999999999960e-01
-9.999980000000000535e-01
-9.999980000000000535e-01
-9.999980000000000535e-01
-9.999980000000000535e-01
-1.000000000000000000e+00
-1.000000000000000000e+00
-1.000000000000000000e+00
-1.000000000000000000e+00
-1.000000000000000000e+00
-1.000000000000000000e+00
-9.999980000000000535e-01
-1.000000000000000000e+00
-9.999959999999999960e-01
-9.999980000000000535e-01
-1.000000000000000000e+00
-1.000000000000000000e+00
-1.000000000000000000e+00
-9.999959999999999960e-01
-1.000000000000000000e+00
-1.000000000000000000e+00
-9.999980000000000535e-01
-1.000000000000000000e+00
-9.999980000000000535e-01
-9.999980000000000535e-01
-9.999980000000000535e-01
-1.000000000000000000e+00
-1.000000000000000000e+00
-9.999940000000000495e-01
-9.999980000000000535e-01
-1.000000000000000000e+00
-1.000000000000000000e+00
-1.000000000000000000e+00
-1.000000000000000000e+00
-9.999980000000000535e-01
-9.999980000000000535e-01
-1.000000000000000000e+00
-1.000000000000000000e+00
-1.000000000000000000e+00
-1.000000000000000000e+00
-9.999980000000000535e-01
-1.000000000000000000e+00
-9.999980000000000535e-01
-1.000000000000000000e+00
-1.000000000000000000e+00
-1.000000000000000000e+00
-9.999980000000000535e-01
-1.000000000000000000e+00
-1.000000000000000000e+00
-9.999980000000000535e-01
-1.000000000000000000e+00
-1.000000000000000000e+00
-9.999980000000000535e-01
-1.000000000000000000e+00
-1.000000000000000000e+00
-9.999980000000000535e-01
-9.999980000000000535e-01
-1.000000000000000000e+00
-9.999980000000000535e-01
-9.999980000000000535e-01
-9.999980000000000535e-01
-9.999980000000000535e-01
-1.000000000000000000e+00
-1.000000000000000000e+00
-1.000000000000000000e+00
-1.000000000000000000e+00
-1.000000000000000000e+00
-1.000000000000000000e+00
-9.999980000000000535e-01
-1.000000000000000000e+00
-1.000000000000000000e+00
-1.000000000000000000e+00
-9.999980000000000535e-01
-9.999959999999999960e-01
-1.000000000000000000e+00
-1.000000000000000000e+00
-9.999959999999999960e-01
-1.000000000000000000e+00
-1.000000000000000000e+00
-1.000000000000000000e+00
-1.000000000000000000e+00
-9.999980000000000535e-01
-1.000000000000000000e+00
-1.000000000000000000e+00
-1.000000000000000000e+00
-1.000000000000000000e+00
-1.000000000000000000e+00
-1.000000000000000000e+00
-1.000000000000000000e+00
-1.000000000000000000e+00
-1.000000000000000000e+00
-1.000000000000000000e+00
-1.000000000000000000e+00
-1.000000000000000000e+00
-1.000000000000000000e+00
-1.000000000000000000e+00
-1.000000000000000000e+00
-9.999980000000000535e-01
-1.000000000000000000e+00
-1.000000000000000000e+00
-1.000000000000000000e+00
-1.000000000000000000e+00
-1.000000000000000000e+00
-1.000000000000000000e+00
-9.999980000000000535e-01
-1.000000000000000000e+00
-1.000000000000000000e+00
-1.000000000000000000e+00
-1.000000000000000000e+00
-1.000000000000000000e+00
-1.000000000000000000e+00
-1.000000000000000000e+00
-1.000000000000000000e+00
-1.000000000000000000e+00
-1.000000000000000000e+00
-1.000000000000000000e+00
-9.999980000000000535e-01
-1.000000000000000000e+00
-1.000000000000000000e+00
-1.000000000000000000e+00
-1.000000000000000000e+00
-1.000000000000000000e+00
-1.000000000000000000e+00
-1.000000000000000000e+00
-1.000000000000000000e+00
-1.000000000000000000e+00
-1.000000000000000000e+00
-1.000000000000000000e+00
-1.000000000000000000e+00
-1.000000000000000000e+00
-1.000000000000000000e+00
-1.000000000000000000e+00
-1.000000000000000000e+00
-1.000000000000000000e+00
-1.000000000000000000e+00
-1.000000000000000000e+00
-1.000000000000000000e+00
-1.000000000000000000e+00
-1.000000000000000000e+00
-1.000000000000000000e+00
-1.000000000000000000e+00
-1.000000000000000000e+00
-1.000000000000000000e+00
-1.000000000000000000e+00
-1.000000000000000000e+00
-1.000000000000000000e+00
-1.000000000000000000e+00
-1.000000000000000000e+00
-1.000000000000000000e+00
-1.000000000000000000e+00
-1.000000000000000000e+00
-1.000000000000000000e+00
-1.000000000000000000e+00
-1.000000000000000000e+00
-9.999980000000000535e-01
-1.000000000000000000e+00
-1.000000000000000000e+00
-1.000000000000000000e+00
-1.000000000000000000e+00
-9.999980000000000535e-01
-1.000000000000000000e+00
-1.000000000000000000e+00
-1.000000000000000000e+00
-1.000000000000000000e+00
-1.000000000000000000e+00
-1.000000000000000000e+00
-1.000000000000000000e+00
-1.000000000000000000e+00
-1.000000000000000000e+00
-1.000000000000000000e+00
-1.000000000000000000e+00
-1.000000000000000000e+00
-1.000000000000000000e+00
-1.000000000000000000e+00
-1.000000000000000000e+00
-1.000000000000000000e+00
-1.000000000000000000e+00
-1.000000000000000000e+00
-1.000000000000000000e+00
-1.000000000000000000e+00
-1.000000000000000000e+00
-1.000000000000000000e+00
-1.000000000000000000e+00
-1.000000000000000000e+00
-1.000000000000000000e+00
-1.000000000000000000e+00
-1.000000000000000000e+00
-1.000000000000000000e+00
-1.000000000000000000e+00
-1.000000000000000000e+00
-1.000000000000000000e+00
-1.000000000000000000e+00
-1.000000000000000000e+00
-1.000000000000000000e+00
-1.000000000000000000e+00
-1.000000000000000000e+00
-1.000000000000000000e+00
-1.000000000000000000e+00
-1.000000000000000000e+00
-1.000000000000000000e+00
-1.000000000000000000e+00
-1.000000000000000000e+00
-1.000000000000000000e+00
-1.000000000000000000e+00
-1.000000000000000000e+00
-1.000000000000000000e+00
-1.000000000000000000e+00
-1.000000000000000000e+00
-1.000000000000000000e+00
-1.000000000000000000e+00
-1.000000000000000000e+00
-1.000000000000000000e+00
