9.136641807009211443e-05
9.593418240955277419e-05
8.526851684718035368e-05
9.400668807623174166e-05
9.029904759285143712e-05
9.419508627003059058e-05
9.144812190862813990e-05
9.687839455733559136e-05
1.012848141371035460e-04
1.013887416191275309e-04
1.099481323119647411e-04
1.153005368928027556e-04
1.154162567091173228e-04
1.201463157474985254e-04
1.155011685799190715e-04
1.184572627731265895e-04
1.272939114795765779e-04
1.395798956142022126e-04
1.240349586621561134e-04
1.334604834532610257e-04
1.513277074427238236e-04
1.401168631155755371e-04
1.516107449243450482e-04
1.536188174151726640e-04
1.333002553011269605e-04
1.327668562461488085e-04
1.446667466595758292e-04
1.393175286758354986e-04
1.541975602782850172e-04
1.818998049423819151e-04
1.463474133531305461e-04
1.430610501525495036e-04
1.443193119409622493e-04
1.519105707089595566e-04
1.559329050699706943e-04
1.470596608205072039e-04
1.549622999340677875e-04
1.540870293962391766e-04
1.410763509834654249e-04
1.528335122326529463e-04
1.561038948863242425e-04
1.617348183007002787e-04
1.508494316651463277e-04
1.526395235585911888e-04
1.948182122830696803e-04
1.599587228124929941e-04
1.541196615365991339e-04
1.870924722812698142e-04
1.969973217140550791e-04
1.761275754846045125e-04
1.591462400317804327e-04
1.815115061478047708e-04
1.675134976691906820e-04
1.902255877337603440e-04
1.723090523406456995e-04
1.739824031965506526e-04
1.875372223758112232e-04
1.775660964760950847e-04
1.824687183268899426e-04
1.866402002718178625e-04
1.735446676157140721e-04
1.958454771230990247e-04
1.889937690361632940e-04
1.921763626343672075e-04
1.834068686850903577e-04
2.459935836343833497e-04
1.934311102247405069e-04
2.242523756797581427e-04
2.005774909256775927e-04
1.967775348229161547e-04
2.078308666958710981e-04
1.989140438858788855e-04
2.258382742201768003e-04
1.949326938808675688e-04
2.020923221950741034e-04
2.205421135402354312e-04
2.217016371284798680e-04
2.072733402649619373e-04
2.030145696513864235e-04
2.058339384287661384e-04
2.391184257115155963e-04
2.321076413332960999e-04
2.187971645917308552e-04
2.183045005609412777e-04
2.376085541387802647e-04
2.213873938421503256e-04
2.388977110328624031e-04
2.599876595829706959e-04
2.250736699479876344e-04
2.329997051737069265e-04
2.517847320531853912e-04
2.453074510039167768e-04
2.409213931911477783e-04
2.687188982269450642e-04
2.792847026736202764e-04
2.751966372290055233e-04
2.884727637174452539e-04
2.524258446632308755e-04
2.797378218306314970e-04
2.828893185897926577e-04
2.821608204300476248e-04
2.818633505788702772e-04
2.878862783243469150e-04
2.958174975082045861e-04
2.932401539916136275e-04
2.965049744689905319e-04
3.180882454384100552e-04
2.998764471050856207e-04
3.466372703566836634e-04
3.225326988765716261e-04
3.598122925783056483e-04
3.682458202365768564e-04
3.343152241842774924e-04
4.541040858001825389e-04
4.103923841745824291e-04
3.429296245240923352e-04
4.006641303580238660e-04
4.257843107452734407e-04
4.379180642946767644e-04
5.329437268205515759e-04
4.488072222186574979e-04
4.404286257007217361e-04
4.986946257822835694e-04
4.955611295188380857e-04
5.406040568443367224e-04
5.132575424126768759e-04
5.366103436569384915e-04
6.214747275617024062e-04
6.368473604449705928e-04
6.617963388407511159e-04
6.799594301790197384e-04
6.307973799987776683e-04
7.239145840052674122e-04
7.365794272502481027e-04
7.080800017121228855e-04
9.830221055557343546e-04
9.461906345172175960e-04
9.423967077297234259e-04
1.173237214309350365e-03
1.040620540490388036e-03
1.070914920037852177e-03
1.015455125137622663e-03
1.196514210959898506e-03
1.144176660647548823e-03
1.140405998285172343e-03
1.400809624391319503e-03
1.472170662197792770e-03
1.454853956789334268e-03
1.597641384196392704e-03
1.516834420552987074e-03
1.556492454238843836e-03
1.548005413293608839e-03
1.655274346107992291e-03
1.863977313884800265e-03
2.190230659088598843e-03
1.670202931785681787e-03
1.649136464823107136e-03
1.715289024734152710e-03
1.536411135643712522e-03
1.509715145298550550e-03
1.642473302705161698e-03
1.345465437485438183e-03
1.434367401151739191e-03
1.375303184500319348e-03
1.152985749409877504e-03
1.157513214119483200e-03
1.018941995875054501e-03
8.774964657564625478e-04
8.112733863877172281e-04
9.124846864444178824e-04
7.431296944464458026e-04
6.273940571483842005e-04
5.812659972977662600e-04
4.900722973118435809e-04
5.810749042532257916e-04
5.983683465184438770e-04
4.388390276931777249e-04
3.732271610943998195e-04
3.833803414028895797e-04
3.951220351289657924e-04
2.786441793933935158e-04
3.637097672129961873e-04
2.698833586653047630e-04
2.710085786636498659e-04
2.449602052301490772e-04
2.659932725088551210e-04
2.154755770210470386e-04
2.092662351235003663e-04
1.805422305649150136e-04
2.303638299099669236e-04
1.763484938214525334e-04
1.786060501234601689e-04
1.505387392134003720e-04
1.430399162228709799e-04
1.356715266269984885e-04
1.355157721607842391e-04
1.292190329014329046e-04
1.380511135650192424e-04
1.076248813796643733e-04
1.350172719947075983e-04
1.266239812809429738e-04
1.179574465005860795e-04
1.178375975862968564e-04
1.036480131303117193e-04
9.817800286748686815e-05
9.668650918442777819e-05
9.990441631157001307e-05
1.031279173156313768e-04
9.148073273623916820e-05
8.425276257280146016e-05
9.703757277760437130e-05
8.324538320222700982e-05
8.810301097580567958e-05
8.517919373245709774e-05
8.725592174362510167e-05
7.828089095901140479e-05
8.175536671808781414e-05
7.560051919796488898e-05
8.091790637782485642e-05
8.527758144274782091e-05
7.351849800574636513e-05
6.744179073053418506e-05
6.489494119067955747e-05
5.268258299509752531e-05
5.446920219582214098e-05
4.740888282578276439e-05
4.691061379858386883e-05
4.470165182858348401e-05
4.431329191949895044e-05
4.044954777866181127e-05
4.138877993867462945e-05
3.471353937042429157e-05
3.964696652421633322e-05
3.606648301664202682e-05
3.247415331203322902e-05
3.187017310639402435e-05
3.074231946204596008e-05
2.994828659470308681e-05
3.365916485697211256e-05
2.784591344420883060e-05
2.534869720234579854e-05
2.468320231001267962e-05
2.489918532260580590e-05
2.556067510060207844e-05
2.283536667180809045e-05
2.076033090814153665e-05
2.331906532471572765e-05
2.140561042644469484e-05
2.100277091510790729e-05
2.139900256454716973e-05
1.848441579867433852e-05
2.185650190538212230e-05
2.044591602758750459e-05
1.670782609427991087e-05
1.532496945230079279e-05
1.606372820955827876e-05
1.633555849094332017e-05
1.663936020793396357e-05
1.944552902912797371e-05
1.405908064829460726e-05
1.466846264609495966e-05
1.188922501578083333e-05
1.434468641958832794e-05
1.283533900328531446e-05
1.373459491246440523e-05
1.353787902766603625e-05
1.195107267922371783e-05
1.129512968332121000e-05
1.166839275366449335e-05
1.274373249773725165e-05
1.136856466099072024e-05
1.059799022338291544e-05
9.294980671034203852e-06
1.182294403138760574e-05
1.000621321216214421e-05
1.012263418685832262e-05
9.831898011138819732e-06
9.241477563821026898e-06
9.327663385298317510e-06
8.152209917705286149e-06
7.800792480333046324e-06
