1.202035002991523214e-03
1.312738383209478615e-03
1.255129950943650007e-03
1.485204307902345498e-03
1.423021996104739933e-03
1.828610962530750677e-03
1.872317197677853332e-03
1.832468884287739895e-03
1.896797426457560651e-03
2.134183581187718177e-03
2.270458988593122666e-03
2.657968231356056844e-03
2.914216503724137777e-03
2.951884437204582538e-03
3.099104690681086637e-03
3.060394550194360259e-03
3.433420538118884049e-03
3.572176451131767617e-03
3.496091831661210601e-03
3.987642843347324710e-03
4.371316050628317601e-03
4.586307587037097289e-03
4.907095827856527460e-03
5.479891240907124733e-03
4.774243952286988911e-03
4.588540421048701440e-03
4.948904161814241323e-03
4.849714454111683781e-03
5.081442418623140743e-03
6.159638053850423518e-03
5.508849764045189654e-03
5.495254247470850867e-03
5.544633018271316952e-03
5.888372574883509944e-03
5.852710242500165465e-03
5.145992650841405350e-03
5.826572017860089624e-03
6.143088122884296162e-03
6.426858920648806026e-03
6.291802512527622758e-03
5.698017177715427109e-03
6.295286687910529519e-03
6.818772037553728210e-03
6.966752013833274471e-03
8.164064605074867337e-03
7.243514836970827223e-03
6.645089300967337714e-03
7.261243841991550825e-03
7.435781724903227537e-03
7.187132299412075584e-03
7.279959691239783204e-03
8.245469640603401984e-03
8.338257167583304832e-03
8.180061786569301635e-03
8.463280480226566954e-03
8.392302035933512164e-03
8.507512619742918503e-03
8.948483596675707238e-03
8.831445376567175279e-03
8.996548055150998396e-03
1.002334856178567664e-02
8.956214392902233853e-03
9.439696135110895586e-03
8.957929990535224915e-03
9.183644326852499415e-03
9.939246912042901810e-03
1.173288294493655959e-02
1.018119458007479480e-02
1.091630824507006277e-02
1.245193564371062378e-02
1.108102957080636317e-02
1.100587389620829616e-02
1.206589657696073223e-02
1.211524564358026392e-02
1.207401183174758308e-02
1.178075188852456198e-02
1.232327163550850542e-02
1.419618444622934225e-02
1.316190637256522966e-02
1.339433604600057982e-02
1.425582124440096139e-02
1.589605924524487707e-02
1.387062650835272151e-02
1.561294955426395167e-02
1.868365386506350839e-02
1.479863058867028104e-02
1.535140631600541254e-02
1.627042700496391520e-02
1.594420317488575919e-02
1.757759975606213929e-02
1.733427742991595216e-02
2.034200736114237518e-02
2.308865244970500011e-02
1.896270773354790870e-02
1.938377329287585896e-02
2.083607291511819018e-02
2.195288272366510349e-02
2.133177589492875337e-02
2.335282558466819994e-02
2.333187630994456099e-02
2.189727916361785404e-02
2.195964696415380821e-02
2.215793448969904586e-02
2.510990640359062054e-02
2.428038183891527771e-02
2.703391755541861841e-02
3.229214995084064149e-02
2.813580966011788170e-02
2.806354438281197239e-02
3.484313503145593932e-02
3.427467693121337422e-02
3.290977831299747580e-02
3.456413942384996968e-02
3.910445545752901791e-02
3.971325775496387794e-02
4.276064429681097900e-02
3.799024023069321604e-02
4.214058589643078501e-02
4.754730178039984212e-02
5.064607843044025004e-02
4.653886377059022333e-02
4.878723319250616308e-02
5.015534013054975815e-02
5.360584375186362716e-02
5.031265302281765633e-02
5.464605593155386076e-02
6.271343784933809673e-02
6.537201796003803966e-02
6.689967963190986133e-02
6.823913497194508682e-02
6.377075840874028845e-02
7.656072035719528601e-02
8.613938727415627883e-02
8.136352030588024642e-02
9.636304197833064911e-02
9.117114595864794779e-02
8.198800753565264887e-02
9.892570640022593786e-02
9.714562007465482596e-02
1.014340514113146602e-01
1.003731725086650928e-01
1.052131652135047252e-01
1.005516564399505236e-01
9.978668180791280817e-02
9.731052650888985522e-02
1.183861948402464837e-01
1.104989469049227069e-01
1.152977883450024138e-01
1.183825244129566301e-01
1.377528507609425135e-01
1.563629829785023739e-01
1.698739944955877379e-01
1.863389165858692631e-01
2.404359048861522408e-01
2.634396881981714289e-01
2.650127401539263405e-01
2.939958127694535239e-01
3.222103458252448260e-01
3.095577837264762988e-01
3.346300346429064709e-01
3.717695828594998475e-01
3.123036057080048611e-01
3.627541778653449178e-01
3.447106390867781811e-01
3.248446709501101037e-01
3.299316584142068520e-01
2.871265228022445437e-01
2.585472162537990615e-01
2.700100610712385385e-01
2.717396896407924256e-01
1.956798274832609874e-01
1.894048589911052627e-01
1.760144180857593499e-01
1.508170424078314753e-01
1.648038295113019858e-01
1.880205008373992404e-01
1.212004370859619956e-01
1.133301089958272806e-01
1.126835524936722899e-01
1.088623416401800770e-01
7.590717883350596440e-02
1.075247022231110294e-01
5.585945240641432274e-02
8.387198296533963926e-02
5.746105196020857148e-02
4.665223137099732548e-02
3.587869078528230227e-02
4.166483339240372591e-02
2.098140673083654165e-02
7.430617243951651019e-02
1.704196850069221794e-02
2.420837461511062341e-02
1.550948814789424555e-02
1.481223166399428352e-02
1.307099137354445981e-02
1.169458666761728424e-02
1.130649598206773764e-02
1.823958214325339597e-02
8.777873533894278019e-03
9.485650283735578420e-03
6.573515756019780894e-03
1.079536106609951286e-02
9.119622992939391271e-03
5.478791728636742304e-03
5.683463367028210485e-03
6.870846338768342269e-03
5.205999430565611159e-03
4.881519404012588971e-03
5.544346191610333846e-03
4.212220391790437793e-03
4.202352626379607381e-03
4.112905127924622317e-03
3.722814440611645764e-03
3.678888300483276665e-03
3.622898022410028090e-03
4.147059117948034834e-03
3.267576128254428679e-03
3.567727497710065573e-03
2.985533978610085612e-03
2.990685774623279454e-03
3.026725788889951703e-03
4.966620254153933725e-03
1.906960831567975148e-03
1.691433491113002912e-03
1.526862632273627042e-03
1.315556693220575621e-03
1.160893970634550246e-03
9.136898758916423913e-04
9.196646281679606233e-04
8.490479168856646325e-04
7.461236345894441558e-04
6.513573842197018220e-04
6.025351248627766566e-04
5.743874736588393520e-04
5.589421523752399106e-04
4.912803348139668878e-04
4.442543385047828444e-04
4.168239761583352929e-04
3.563112509303355355e-04
3.612296428788604099e-04
3.734123637674594009e-04
2.979906443514870277e-04
2.958780958641558760e-04
2.818496532305693318e-04
2.530852313043435785e-04
2.446437331561359080e-04
2.298556938885469093e-04
2.240509878591918523e-04
2.009297969492696793e-04
2.025730240140188280e-04
1.831004835336601385e-04
1.852377138822155643e-04
1.728883099168669656e-04
1.629857542327359850e-04
1.251348244549052233e-04
1.325073952339673501e-04
1.416738773354244264e-04
1.321935790960677699e-04
1.221226101594001447e-04
1.283441858650894492e-04
1.060891908257413239e-04
1.050980768523797685e-04
9.931051205578568151e-05
9.301146655310544263e-05
9.165422937366214055e-05
8.366273998623721610e-05
7.922956076727392114e-05
7.752892943861563720e-05
8.253074327812273637e-05
7.873329768863164579e-05
7.088742510731954540e-05
6.397255579596403824e-05
5.941674685029041473e-05
6.848416950472301903e-05
6.112724825603444920e-05
6.365743122042298021e-05
5.266811976799872554e-05
4.887295261847522123e-05
5.897515878533710960e-05
4.415974504086465034e-05
4.307694268039041172e-05
