1.248808867555236540e-02
1.273676158052073140e-02
1.232379122174917692e-02
1.266702272934351094e-02
1.169653207835621989e-02
1.227510319183711812e-02
1.205398045236550503e-02
1.425916096808503043e-02
1.364846828471715824e-02
1.274892459346547817e-02
1.281413783468214260e-02
1.440416316659474082e-02
1.398470840010265955e-02
1.354254379365763331e-02
1.485819417678648988e-02
1.405329807259135012e-02
1.344535155472594869e-02
1.310499849431962828e-02
1.740369511583905390e-02
1.513736020355745983e-02
1.657068584814127069e-02
1.502162397706906065e-02
1.305959985540543558e-02
1.436452276091399090e-02
1.511037056358536558e-02
1.453083396438054238e-02
1.526092360299733351e-02
1.565019141862578067e-02
1.538469963466088455e-02
1.697473943789091361e-02
1.581828073172549323e-02
1.598175085345879612e-02
1.560257706786180067e-02
1.675679376194596018e-02
1.631938859770035860e-02
1.663013432061049776e-02
1.700778989648171757e-02
1.609026327367233181e-02
1.655289043396638085e-02
1.781729459005455124e-02
1.673621262108302213e-02
1.745217428696029666e-02
1.786430608015738067e-02
1.734628650282318829e-02
1.661486275580216151e-02
1.686124349712063430e-02
1.756477946549478766e-02
1.561435704174968415e-02
1.637877939594821128e-02
1.704386356042533052e-02
1.710599775468798697e-02
1.988613540613188430e-02
1.709448783401089356e-02
1.782399196614520981e-02
1.773270564171056801e-02
2.169831909373487119e-02
1.654786722544841771e-02
1.855018885510625187e-02
1.756114274564768776e-02
1.846963428494085430e-02
1.834535849283091755e-02
2.187188372431456834e-02
2.047562651959406246e-02
1.818286871538505114e-02
1.930778935018286763e-02
1.911110969106564680e-02
1.745186103179325807e-02
1.643726482065991507e-02
1.776931020972316588e-02
1.602517996218101246e-02
2.064569582931571542e-02
1.797569590489774341e-02
1.743387044834555227e-02
1.978952798602730268e-02
2.047415502227863462e-02
1.940791663045709006e-02
2.196775743740548084e-02
1.703331990052870878e-02
1.935566180737396252e-02
1.788147114022324916e-02
2.257285949361590924e-02
2.119058352398801859e-02
2.108693499450338751e-02
1.992985809104132547e-02
1.844563994805762872e-02
2.078591349224742646e-02
2.005661382103560500e-02
2.047107952775133535e-02
2.202838857261316466e-02
2.064263192808330621e-02
2.095272855383940869e-02
2.150693931000141612e-02
2.155189434686158312e-02
2.135823286898198836e-02
2.054071265944967112e-02
2.151625920025537070e-02
2.264268038498177052e-02
2.282658793643557379e-02
2.269662334055464956e-02
2.606694612493650962e-02
2.387936898789819185e-02
2.116053284614316521e-02
2.358296793975312583e-02
2.256938520137736701e-02
2.690276738708932691e-02
2.265855259517456088e-02
2.657267175928015521e-02
2.553836398339801375e-02
2.544264006229869993e-02
2.385662823595509005e-02
2.266993386279718414e-02
2.509532939805605989e-02
2.194778778133536085e-02
2.586848129323546935e-02
2.445330148874706386e-02
2.764661169079634176e-02
2.540516175664885717e-02
2.592709231576274809e-02
2.460393442684139995e-02
2.429364225012376963e-02
2.921859207932845856e-02
2.871083750639982779e-02
2.574023539550714113e-02
2.673564853176031361e-02
3.088741451332370838e-02
3.047895480140578109e-02
2.877310872210652945e-02
3.176874080143131385e-02
3.023587093268858758e-02
3.276433808076214399e-02
3.210595680613029940e-02
3.912786855527886770e-02
3.500782241193875488e-02
3.495548987617296682e-02
3.444159543328551010e-02
4.002602433986764824e-02
3.651162869905570652e-02
3.898762249554467429e-02
4.268371242751475836e-02
3.801907525539521826e-02
4.159131925110808731e-02
4.193176699374945998e-02
3.995651141358702585e-02
4.295562893430941026e-02
4.255036897553403363e-02
4.905760283048492265e-02
5.076603367302685160e-02
4.545898517801336830e-02
4.655517950307389019e-02
5.629439301389930345e-02
5.400690834686538294e-02
5.038714596138049034e-02
5.262618187440461920e-02
5.005450696787699244e-02
5.126696849784329740e-02
4.762161098332193948e-02
6.169110259675556623e-02
5.419295204372696906e-02
5.685189093034324903e-02
5.223633572876481418e-02
5.820840291365964730e-02
5.630234350673512383e-02
5.891813524368151589e-02
6.450622123176788514e-02
5.806636404934610585e-02
5.541746492095023929e-02
6.074981853600635445e-02
5.493618732094897317e-02
5.325446860659300424e-02
5.930614537867898162e-02
4.408569572064486436e-02
4.913627292342431091e-02
4.290917142188413469e-02
4.463681133226490849e-02
4.439940073915018409e-02
4.103460442578855255e-02
4.253516808985711994e-02
3.765188300886680717e-02
3.782747315133702659e-02
3.555566064019216599e-02
3.597880308698871848e-02
3.492087046776245346e-02
3.203452175595030565e-02
3.174085024210514944e-02
3.218687584869787260e-02
2.831257973552693194e-02
2.928337237325720835e-02
2.691612263272890118e-02
2.555127581353415847e-02
2.962965892260473882e-02
2.275871946100429394e-02
2.246757221774545177e-02
2.355207442742716234e-02
2.301195300297859472e-02
2.301552803702667030e-02
2.134513671138107277e-02
2.092368822848709314e-02
1.994360626436089690e-02
1.896461817369208408e-02
2.100137381733578265e-02
1.842897147247536324e-02
2.071687438402117915e-02
1.919202853143707824e-02
1.990456282248612152e-02
2.307521511626502500e-02
2.030728321610214548e-02
1.770796869153030972e-02
1.957142823940996590e-02
1.733856815484072916e-02
1.859128701711400267e-02
1.716369718746312695e-02
1.585528698723555688e-02
1.533165211424199724e-02
1.520326023353446403e-02
1.606394391512890041e-02
1.456195265905982361e-02
1.563450962213817214e-02
1.474821838947318504e-02
1.517737533212932914e-02
1.380484183266763969e-02
1.270055079453144553e-02
1.300306964476530616e-02
1.277534022707005855e-02
1.137337576327876638e-02
1.228764088848260591e-02
9.955704511679900823e-03
9.348056660286607061e-03
8.649577366320019764e-03
8.782946460820721668e-03
7.319993684434410522e-03
7.022232162525392229e-03
6.927110828617842088e-03
6.754287007406705769e-03
5.613645409011300096e-03
6.011960527766824387e-03
6.289837950676793743e-03
5.024363315875515421e-03
4.890821470340102860e-03
4.681271182159556406e-03
4.749204871041914737e-03
4.442408482360696645e-03
3.947952529973933894e-03
4.201517296930679796e-03
3.899253929910385767e-03
3.557620640605323615e-03
3.605693216069821849e-03
3.541125891020715979e-03
3.025047182904348677e-03
2.733520650460743127e-03
3.006477745180147210e-03
2.458270556213050691e-03
2.616992267671508065e-03
2.405992177170317506e-03
2.489778714934367566e-03
2.097512625682980848e-03
2.053487462495937488e-03
2.193222364982898385e-03
1.815434689144989006e-03
1.856548500425775220e-03
1.931927251964074121e-03
1.542507856890551823e-03
1.398427145005418960e-03
1.496805114957452118e-03
1.461476358654893726e-03
1.390069758821691533e-03
1.480345607092577479e-03
1.142552127920059115e-03
1.194030351230808331e-03
1.207237969775416331e-03
1.110835386638692537e-03
1.125019364474534860e-03
9.734121851078724949e-04
1.000304002782307407e-03
9.398167613587176100e-04
8.485149884279386467e-04
9.359917940700654025e-04
8.032449851006274229e-04
7.082063386334122882e-04
7.316276559687012260e-04
7.200701618736429169e-04
7.132468934858048277e-04
