1.358991999999999978e-01
1.381509999999999960e-01
1.400589999999999891e-01
1.435980000000000034e-01
1.458694000000000102e-01
1.489984000000000031e-01
1.524159999999999959e-01
1.562447999999999892e-01
1.588315999999999895e-01
1.622368000000000143e-01
1.663396000000000041e-01
1.700762000000000107e-01
1.744156000000000040e-01
1.788366000000000122e-01
1.831174000000000135e-01
1.885555999999999899e-01
1.936567999999999901e-01
1.994511999999999952e-01
2.057231999999999950e-01
2.125460000000000127e-01
2.182250000000000023e-01
2.192646000000000039e-01
2.210000000000000020e-01
2.224427999999999961e-01
2.235002000000000100e-01
2.248506000000000116e-01
2.272392000000000023e-01
2.285688000000000164e-01
2.297621999999999998e-01
2.316292000000000073e-01
2.322612000000000010e-01
2.347874000000000072e-01
2.363644000000000023e-01
2.377556000000000114e-01
2.392229999999999912e-01
2.419053999999999927e-01
2.419479999999999964e-01
2.447020000000000028e-01
2.466712000000000071e-01
2.480564000000000102e-01
2.497780000000000000e-01
2.512606000000000006e-01
2.534986000000000184e-01
2.558353999999999906e-01
2.575085999999999764e-01
2.599516000000000049e-01
2.615694000000000075e-01
2.641772000000000009e-01
2.651216000000000128e-01
2.677405999999999953e-01
2.697200000000000153e-01
2.724893999999999927e-01
2.741060000000000163e-01
2.770473999999999992e-01
2.797182000000000279e-01
2.813756000000000035e-01
2.838124000000000202e-01
2.862379999999999924e-01
2.889818000000000109e-01
2.909941999999999807e-01
2.935387999999999886e-01
2.948787999999999965e-01
2.985015999999999781e-01
3.011559999999999793e-01
3.046828000000000314e-01
3.062873999999999874e-01
3.097016000000000213e-01
3.115689999999999849e-01
3.138504000000000294e-01
3.174777999999999767e-01
3.199792000000000192e-01
3.240364000000000022e-01
3.270190000000000041e-01
3.304656000000000260e-01
3.335386000000000184e-01
3.370362000000000080e-01
3.401199999999999779e-01
3.426683999999999841e-01
3.466330000000000244e-01
3.522935999999999845e-01
3.524722000000000133e-01
3.580981999999999776e-01
3.597544000000000297e-01
3.640477999999999770e-01
3.678025999999999796e-01
3.717608000000000024e-01
3.758261999999999992e-01
3.799246000000000012e-01
3.821789999999999909e-01
3.875736000000000181e-01
3.903739999999999988e-01
3.942847999999999908e-01
3.996020000000000127e-01
4.043026000000000120e-01
4.065150000000000152e-01
4.108762000000000247e-01
4.169053999999999816e-01
4.224218000000000139e-01
4.251135999999999804e-01
4.302384000000000208e-01
4.335673999999999917e-01
4.387608000000000064e-01
4.448242000000000029e-01
4.494029999999999969e-01
4.542524000000000006e-01
4.583157999999999954e-01
4.632939999999999836e-01
4.692082000000000197e-01
4.732901999999999942e-01
4.788874000000000186e-01
4.841735999999999818e-01
4.896920000000000162e-01
4.947536000000000156e-01
4.996220000000000105e-01
5.051151999999999864e-01
5.124216000000000326e-01
5.149358000000000546e-01
5.227939999999999809e-01
5.272337999999999747e-01
5.323400000000000354e-01
5.383402000000000465e-01
5.431063999999999892e-01
5.497431999999999874e-01
5.541021999999999892e-01
5.596372000000000568e-01
5.666900000000000270e-01
5.733333999999999930e-01
5.786533999999999844e-01
5.835392000000000357e-01
5.888617999999999908e-01
5.953216000000000063e-01
6.004066000000000125e-01
6.062246000000000024e-01
6.127742000000000466e-01
6.169537999999999967e-01
6.246506000000000558e-01
6.307806000000000246e-01
6.355998000000000481e-01
6.403518000000000265e-01
6.458243999999999652e-01
6.507692000000000476e-01
6.569711999999999774e-01
6.622449999999999726e-01
6.677100000000000257e-01
6.740536000000000305e-01
6.789083999999999675e-01
6.833346000000000142e-01
6.888066000000000466e-01
6.954831999999999681e-01
7.001220000000000221e-01
7.054318000000000533e-01
7.101722000000000312e-01
7.153606000000000131e-01
7.203553999999999791e-01
7.259691999999999812e-01
7.300969999999999960e-01
7.354254000000000069e-01
7.391750000000000265e-01
7.427618000000000276e-01
7.483140000000000347e-01
7.539143999999999846e-01
7.572904000000000302e-01
7.623526000000000469e-01
7.669981999999999633e-01
7.705634000000000094e-01
7.757009999999999739e-01
7.782917999999999781e-01
7.820213999999999777e-01
7.875683999999999463e-01
7.903999999999999915e-01
7.943295999999999690e-01
7.985676000000000441e-01
8.019777999999999629e-01
8.053690000000000015e-01
8.084023999999999655e-01
8.122025999999999968e-01
8.154702000000000339e-01
8.190754000000000090e-01
8.215763999999999845e-01
8.252397999999999678e-01
8.286449999999999649e-01
8.315791999999999629e-01
8.343194000000000443e-01
8.371691999999999467e-01
8.403903999999999819e-01
8.434471999999999525e-01
8.465667999999999527e-01
8.487713999999999537e-01
8.509434000000000164e-01
8.536409999999999831e-01
8.564083999999999586e-01
8.593380000000000463e-01
8.611396000000000051e-01
8.637645999999999935e-01
8.656097999999999848e-01
8.680183999999999678e-01
8.695275999999999561e-01
8.723725999999999425e-01
8.746340000000000225e-01
8.767483999999999833e-01
8.784619999999999651e-01
8.803915999999999409e-01
8.823921999999999599e-01
8.844273999999999747e-01
8.868623999999999397e-01
8.883765999999999607e-01
8.895497999999999461e-01
8.916946000000000039e-01
8.926790000000000003e-01
8.947245999999999810e-01
8.961843999999999921e-01
8.978437999999999697e-01
8.995083999999999858e-01
9.008694000000000424e-01
9.025172000000000194e-01
9.045683999999999392e-01
9.058939999999999770e-01
9.072841999999999851e-01
9.085328000000000293e-01
9.098469999999999613e-01
9.111696000000000240e-01
9.174892000000000047e-01
9.230175999999999936e-01
9.281949999999999923e-01
9.328493999999999398e-01
9.371956000000000175e-01
9.409415999999999336e-01
9.444736000000000242e-01
9.476426000000000016e-01
9.507443999999999340e-01
9.540221999999999314e-01
9.562365999999999921e-01
9.588377999999999624e-01
9.613091999999999748e-01
9.633733999999999353e-01
9.653751999999999889e-01
9.671311999999999687e-01
9.689476000000000200e-01
9.706650000000000000e-01
9.721809999999999619e-01
9.735920000000000130e-01
9.748666000000000276e-01
9.761723999999999402e-01
9.776350000000000318e-01
9.786616000000000204e-01
9.797683999999999838e-01
9.806785999999999559e-01
9.817919999999999980e-01
9.824834000000000067e-01
9.832917999999999381e-01
9.841487999999999348e-01
9.848835999999999702e-01
9.856399999999999606e-01
9.862910000000000288e-01
9.868999999999999995e-01
9.875836000000000059e-01
9.882212000000000218e-01
9.886186000000000140e-01
9.891748000000000207e-01
9.897932000000000397e-01
9.901868000000000336e-01
9.905669999999999753e-01
9.910455999999999710e-01
9.914673999999999987e-01
9.918051999999999424e-01
9.921792000000000389e-01
9.925675999999999943e-01
9.928881999999999985e-01
9.932621999999999840e-01
9.935203999999999702e-01
9.938502000000000169e-01
9.940371999999999542e-01
9.943379999999999441e-01
9.945241999999999694e-01
9.948072000000000026e-01
9.950371999999999550e-01
9.952474000000000043e-01
9.954686000000000368e-01
9.956621999999999417e-01
9.958491999999999900e-01
9.960246000000000377e-01
