2.695793599999999832e-02
2.745687999999999948e-02
2.811319199999999865e-02
2.857308000000000070e-02
2.908451199999999987e-02
2.973187999999999873e-02
3.020334400000000002e-02
3.071493599999999824e-02
3.162325600000000236e-02
3.235978400000000255e-02
3.300640800000000097e-02
3.376710399999999918e-02
3.459049599999999836e-02
3.540183200000000113e-02
3.633750399999999964e-02
3.724316800000000011e-02
3.829646400000000228e-02
3.930938400000000277e-02
4.049158399999999713e-02
4.164269599999999988e-02
4.286207999999999685e-02
4.328244800000000114e-02
4.354408800000000163e-02
4.375976000000000171e-02
4.400659199999999716e-02
4.441086400000000128e-02
4.468137600000000181e-02
4.479199999999999848e-02
4.519891999999999660e-02
4.546813599999999927e-02
4.592996800000000157e-02
4.586760799999999721e-02
4.648172799999999993e-02
4.672474399999999861e-02
4.685746400000000145e-02
4.735451200000000138e-02
4.766839999999999966e-02
4.804431199999999874e-02
4.855272000000000060e-02
4.862433599999999717e-02
4.893075999999999676e-02
4.962944799999999962e-02
4.985404000000000224e-02
5.020827199999999824e-02
5.029677600000000137e-02
5.102020000000000166e-02
5.106107199999999902e-02
5.176674400000000342e-02
5.212336800000000325e-02
5.261834399999999745e-02
5.297962400000000294e-02
5.343173600000000051e-02
5.386018399999999845e-02
5.443198400000000270e-02
5.476647999999999933e-02
5.514793600000000157e-02
5.567640000000000089e-02
5.607970400000000105e-02
5.661130400000000118e-02
5.683157600000000170e-02
5.759930399999999701e-02
5.803660800000000342e-02
5.829881600000000330e-02
5.886860800000000282e-02
5.962851200000000157e-02
6.005969600000000269e-02
6.065336799999999917e-02
6.119448000000000248e-02
6.159954399999999913e-02
6.244059200000000309e-02
6.284560799999999725e-02
6.333236000000000421e-02
6.425071200000000149e-02
6.472908800000000407e-02
6.552101600000000137e-02
6.585777600000000676e-02
6.685306400000000371e-02
6.766856799999999839e-02
6.803359999999999963e-02
6.928612000000000659e-02
6.961469600000000368e-02
7.056253599999999515e-02
7.107943999999999374e-02
7.202384800000000142e-02
7.277291199999999516e-02
7.385095199999999749e-02
7.473124800000000012e-02
7.587424800000000524e-02
7.672018399999999683e-02
7.737985599999999686e-02
7.824312799999999513e-02
7.927131199999999656e-02
8.010227200000000214e-02
8.131700000000000039e-02
8.230081599999999886e-02
8.411254399999999742e-02
8.471411199999999420e-02
8.565894400000000075e-02
8.701017599999999463e-02
8.788614399999999938e-02
8.986760000000000581e-02
9.060590400000000100e-02
9.240924799999999939e-02
9.375140799999999441e-02
9.499200800000000278e-02
9.655695999999999724e-02
9.786956800000000400e-02
9.978081599999999440e-02
1.015111519999999934e-01
1.031417599999999990e-01
1.050160079999999940e-01
1.069871280000000008e-01
1.085542560000000017e-01
1.104706800000000017e-01
1.128458799999999956e-01
1.148258959999999967e-01
1.168450800000000039e-01
1.190726079999999965e-01
1.220604160000000049e-01
1.246349120000000005e-01
1.276664000000000132e-01
1.302580959999999899e-01
1.335197439999999958e-01
1.366804000000000074e-01
1.397954479999999888e-01
1.429736719999999961e-01
1.463909359999999993e-01
1.504920959999999919e-01
1.546623520000000029e-01
1.593046959999999956e-01
1.633575760000000043e-01
1.699662959999999889e-01
1.747893759999999963e-01
1.799045760000000105e-01
1.847206479999999873e-01
1.922224399999999944e-01
2.007557520000000095e-01
2.060711600000000032e-01
2.155447440000000103e-01
2.234414479999999870e-01
2.334930879999999875e-01
2.423715600000000137e-01
2.527177360000000261e-01
2.645756879999999756e-01
2.793685120000000133e-01
2.932936560000000137e-01
3.089149359999999733e-01
3.243341040000000119e-01
3.397005519999999890e-01
3.600191999999999837e-01
3.780322879999999941e-01
4.043303039999999737e-01
4.210475920000000261e-01
4.427941919999999754e-01
4.714743920000000199e-01
4.919311120000000037e-01
5.158841199999999461e-01
5.380734240000000224e-01
5.652271199999999718e-01
5.843492639999999794e-01
6.052055520000000355e-01
6.255629999999999802e-01
6.451559199999999938e-01
6.625575759999999814e-01
6.775805919999999816e-01
6.917924079999999698e-01
7.048936160000000006e-01
7.172961839999999478e-01
7.294716159999999894e-01
7.401212879999999883e-01
7.493243280000000395e-01
7.584983199999999481e-01
7.655781999999999865e-01
7.746059199999999478e-01
7.805744079999999974e-01
7.879777919999999547e-01
7.942255040000000266e-01
7.994566880000000264e-01
8.045985039999999922e-01
8.094927360000000460e-01
8.146691360000000159e-01
8.188867119999999611e-01
8.232149680000000469e-01
8.277000799999999492e-01
8.313903200000000160e-01
8.355435919999999461e-01
8.390264960000000105e-01
8.424685440000000414e-01
8.458924719999999509e-01
8.491702960000000466e-01
8.521114319999999465e-01
8.549335599999999813e-01
8.577973199999999743e-01
8.606948399999999610e-01
8.630776079999999961e-01
8.659280400000000100e-01
8.682879759999999614e-01
8.706837440000000372e-01
8.730304239999999716e-01
8.753166399999999792e-01
8.776076800000000011e-01
8.797168400000000554e-01
8.816120400000000412e-01
8.837796399999999775e-01
8.857657920000000518e-01
8.876288559999999661e-01
8.894382720000000297e-01
8.911179759999999783e-01
8.930597919999999634e-01
8.949527840000000012e-01
8.965782239999999792e-01
8.980942560000000352e-01
8.998167519999999975e-01
9.013762960000000213e-01
9.029482079999999744e-01
9.042129199999999756e-01
9.056774480000000516e-01
9.073762159999999577e-01
9.084897520000000393e-01
9.100428640000000069e-01
9.113754160000000493e-01
9.175823360000000539e-01
9.231930320000000245e-01
9.284101919999999675e-01
9.329511440000000100e-01
9.372582480000000160e-01
9.411486799999999597e-01
9.447112239999999606e-01
9.480383119999999941e-01
9.511472239999999578e-01
9.539556000000000147e-01
9.565685040000000416e-01
9.590147119999999914e-01
9.613207599999999964e-01
9.634059520000000099e-01
9.654272959999999904e-01
9.672795279999999440e-01
9.690174559999999992e-01
9.706360560000000248e-01
9.721837119999999777e-01
9.736442880000000244e-01
9.749537120000000279e-01
9.762281040000000409e-01
9.774188160000000236e-01
9.785623919999999476e-01
9.796246560000000381e-01
9.806142960000000519e-01
9.815839920000000163e-01
9.824845039999999807e-01
9.833144560000000034e-01
9.841358879999999587e-01
9.848902320000000321e-01
9.856129200000000035e-01
9.862872719999999926e-01
9.869291359999999846e-01
9.875366159999999782e-01
9.880993599999999821e-01
9.886886799999999864e-01
9.892073359999999926e-01
9.896940640000000400e-01
9.901687279999999980e-01
9.906116560000000071e-01
9.910453599999999863e-01
9.914332639999999808e-01
9.918264559999999674e-01
9.921885200000000182e-01
9.925460160000000309e-01
9.928807760000000204e-01
9.931919679999999806e-01
9.934928400000000437e-01
9.937844000000000122e-01
9.940612159999999697e-01
9.943271679999999835e-01
9.945750479999999616e-01
9.948084160000000287e-01
9.950287839999999440e-01
9.952519439999999440e-01
9.954462640000000251e-01
9.956560559999999560e-01
9.958378399999999742e-01
9.960158559999999772e-01
