6.760974999999999624e-02
6.878675000000000761e-02
6.991144999999999998e-02
7.115114999999999634e-02
7.276069999999999760e-02
7.425515000000000587e-02
7.606040000000000023e-02
7.757165000000000588e-02
7.902649999999999952e-02
8.087415000000000576e-02
8.260990000000000000e-02
8.468934999999999658e-02
8.681800000000000628e-02
8.878859999999999530e-02
9.114450000000000329e-02
9.364635000000000320e-02
9.602720000000000700e-02
9.886050000000000393e-02
1.011545499999999959e-01
1.045074000000000003e-01
1.075248500000000051e-01
1.085365999999999970e-01
1.091035000000000060e-01
1.099136000000000002e-01
1.105810500000000002e-01
1.111100500000000019e-01
1.119047999999999987e-01
1.131312000000000012e-01
1.128606000000000054e-01
1.144291500000000072e-01
1.147480000000000028e-01
1.156982000000000010e-01
1.166867000000000043e-01
1.175164499999999945e-01
1.181940000000000074e-01
1.190830999999999973e-01
1.195742999999999945e-01
1.206571500000000047e-01
1.216423999999999978e-01
1.225980500000000001e-01
1.232275000000000037e-01
1.242007499999999987e-01
1.252977000000000118e-01
1.261834500000000026e-01
1.268988500000000075e-01
1.281035500000000105e-01
1.285913499999999932e-01
1.302003499999999925e-01
1.308370000000000088e-01
1.322679499999999952e-01
1.330702500000000010e-01
1.339365000000000139e-01
1.353441499999999964e-01
1.367628499999999914e-01
1.376228499999999910e-01
1.386194000000000037e-01
1.397357499999999919e-01
1.410755499999999940e-01
1.417045500000000124e-01
1.436304999999999943e-01
1.441636000000000029e-01
1.457557499999999895e-01
1.470654500000000142e-01
1.487921500000000119e-01
1.500452499999999911e-01
1.516028000000000098e-01
1.525305999999999884e-01
1.539521500000000098e-01
1.557794500000000137e-01
1.571237500000000065e-01
1.591226000000000029e-01
1.606124999999999914e-01
1.613052500000000111e-01
1.633267499999999928e-01
1.657726499999999936e-01
1.678678000000000115e-01
1.691400500000000140e-01
1.706290000000000029e-01
1.720469000000000026e-01
1.744492500000000001e-01
1.761205999999999883e-01
1.782140000000000113e-01
1.807308499999999984e-01
1.823768500000000070e-01
1.845814500000000080e-01
1.865614499999999898e-01
1.885979000000000128e-01
1.910147500000000109e-01
1.935383999999999993e-01
1.963229499999999961e-01
1.988081999999999905e-01
2.011174500000000032e-01
2.030125500000000138e-01
2.067136499999999988e-01
2.097469999999999890e-01
2.116420999999999997e-01
2.150083999999999884e-01
2.178954499999999905e-01
2.207899000000000111e-01
2.238835500000000145e-01
2.263918500000000056e-01
2.304443999999999937e-01
2.350791999999999882e-01
2.384044999999999914e-01
2.410708000000000018e-01
2.440250499999999934e-01
2.490004000000000106e-01
2.540198499999999915e-01
2.585547999999999735e-01
2.614370999999999778e-01
2.667513499999999982e-01
2.707568000000000197e-01
2.756947499999999884e-01
2.802111999999999936e-01
2.860143500000000283e-01
2.921010499999999732e-01
2.962055499999999841e-01
3.016611499999999890e-01
3.096277499999999794e-01
3.139369000000000187e-01
3.195711500000000260e-01
3.255762999999999852e-01
3.330377999999999949e-01
3.390851000000000282e-01
3.462741999999999765e-01
3.532439500000000288e-01
3.615139500000000283e-01
3.681666499999999842e-01
3.760074500000000208e-01
3.841448000000000085e-01
3.939466500000000093e-01
4.003156500000000229e-01
4.109136500000000192e-01
4.194286500000000140e-01
4.285052500000000042e-01
4.369928000000000146e-01
4.481412499999999910e-01
4.567559999999999953e-01
4.659324000000000243e-01
4.769091500000000039e-01
4.857898999999999967e-01
4.956157999999999952e-01
5.070133999999999475e-01
5.178350999999999926e-01
5.291356499999999574e-01
5.388806999999999903e-01
5.480228999999999795e-01
5.590457500000000080e-01
5.703780999999999990e-01
5.809754999999999781e-01
5.911277499999999518e-01
6.015178500000000206e-01
6.116295000000000481e-01
6.217297499999999699e-01
6.324723500000000165e-01
6.416880000000000361e-01
6.509323500000000484e-01
6.612652500000000266e-01
6.701437000000000088e-01
6.777060499999999488e-01
6.871389500000000261e-01
6.972543500000000227e-01
7.053949999999999942e-01
7.150830500000000534e-01
7.211222000000000465e-01
7.297150500000000317e-01
7.356938499999999825e-01
7.430720499999999840e-01
7.490703499999999959e-01
7.563185500000000339e-01
7.634699499999999528e-01
7.686389500000000430e-01
7.755866999999999623e-01
7.805647999999999476e-01
7.874141999999999531e-01
7.921575499999999881e-01
7.972053500000000348e-01
8.020436499999999969e-01
8.063272500000000509e-01
8.110099499999999795e-01
8.162402500000000005e-01
8.201823499999999489e-01
8.243325999999999709e-01
8.279316500000000190e-01
8.315441500000000374e-01
8.359577999999999731e-01
8.393441499999999555e-01
8.420571500000000320e-01
8.450368999999999797e-01
8.489599500000000187e-01
8.521961000000000119e-01
8.538761000000000267e-01
8.577139500000000583e-01
8.603756999999999655e-01
8.628631500000000232e-01
8.657291000000000292e-01
8.681491500000000361e-01
8.700982999999999912e-01
8.727186000000000110e-01
8.749340500000000187e-01
8.776550499999999921e-01
8.798380999999999563e-01
8.816135000000000499e-01
8.836051499999999503e-01
8.853759500000000227e-01
8.875144499999999548e-01
8.892680499999999766e-01
8.914469499999999602e-01
8.934175500000000048e-01
8.949023999999999868e-01
8.962683500000000469e-01
8.980559999999999654e-01
8.995835500000000096e-01
9.010280499999999693e-01
9.026134500000000394e-01
9.045699999999999852e-01
9.058935000000000182e-01
9.071147499999999697e-01
9.086191999999999602e-01
9.097423500000000329e-01
9.112649499999999625e-01
9.172356499999999579e-01
9.232193499999999942e-01
9.285413000000000139e-01
9.330849500000000241e-01
9.371651500000000024e-01
9.412078000000000388e-01
9.446845999999999854e-01
9.479568999999999912e-01
9.511690499999999604e-01
9.540404499999999288e-01
9.566287500000000277e-01
9.591531500000000099e-01
9.611714000000000091e-01
9.634456499999999313e-01
9.654026999999999470e-01
9.672593499999999622e-01
9.688913999999999582e-01
9.706615499999999841e-01
9.722104000000000301e-01
9.736045500000000130e-01
9.748908499999999755e-01
9.762229000000000045e-01
9.774891999999999470e-01
9.785200499999999746e-01
9.796467999999999288e-01
9.806276499999999618e-01
9.814947499999999714e-01
9.824999500000000108e-01
9.832929999999999726e-01
9.841410499999999617e-01
9.849189999999999889e-01
9.855915499999999829e-01
9.863210999999999506e-01
9.869369500000000350e-01
9.875421500000000075e-01
9.880902000000000296e-01
9.886690499999999382e-01
9.891820999999999531e-01
9.896979999999999666e-01
9.901484000000000396e-01
9.905973500000000431e-01
9.910177500000000306e-01
9.914557499999999690e-01
9.918327500000000407e-01
9.921934500000000323e-01
9.925154499999999658e-01
9.928318499999999602e-01
9.931866000000000305e-01
9.934801500000000063e-01
9.937875499999999640e-01
9.940261999999999709e-01
9.943378000000000494e-01
9.945819500000000479e-01
9.948154500000000455e-01
9.950260499999999952e-01
9.952568999999999999e-01
9.954847999999999475e-01
9.956583999999999435e-01
9.958477500000000315e-01
9.960188500000000111e-01
