9.999995000000000411e-01
9.999989999999999712e-01
1.000000000000000000e+00
9.999985000000000124e-01
1.000000000000000000e+00
1.000000000000000000e+00
9.999985000000000124e-01
1.000000000000000000e+00
9.999995000000000411e-01
1.000000000000000000e+00
9.999974999999999836e-01
9.999989999999999712e-01
9.999974999999999836e-01
9.999995000000000411e-01
9.999964999999999549e-01
9.999995000000000411e-01
9.999974999999999836e-01
9.999980000000000535e-01
9.999980000000000535e-01
9.999974999999999836e-01
9.999974999999999836e-01
9.999959999999999960e-01
9.999974999999999836e-01
9.999980000000000535e-01
9.999964999999999549e-01
9.999949999999999672e-01
9.999934999999999796e-01
9.999940000000000495e-01
9.999970000000000248e-01
9.999905000000000044e-01
9.999945000000000084e-01
9.999919999999999920e-01
9.999919999999999920e-01
9.999919999999999920e-01
9.999934999999999796e-01
9.999955000000000371e-01
9.999915000000000331e-01
9.999940000000000495e-01
9.999905000000000044e-01
9.999890000000000168e-01
9.999854999999999716e-01
9.999829999999999552e-01
9.999839999999999840e-01
9.999869999999999592e-01
9.999820000000000375e-01
9.999789999999999512e-01
9.999749999999999472e-01
9.999765000000000459e-01
9.999755000000000171e-01
9.999670000000000503e-01
9.999740000000000295e-01
9.999700000000000255e-01
9.999710000000000543e-01
9.999670000000000503e-01
9.999580000000000135e-01
9.999599999999999600e-01
9.999535000000000506e-01
9.999525000000000219e-01
9.999445000000000139e-01
9.999409999999999688e-01
9.999375000000000346e-01
9.999329999999999607e-01
9.999265000000000514e-01
9.999240000000000350e-01
9.999130000000000518e-01
9.999034999999999451e-01
9.998989999999999823e-01
9.998924999999999619e-01
9.998920000000000030e-01
9.998734999999999706e-01
9.998645000000000449e-01
9.998550000000000493e-01
9.998304999999999554e-01
9.998320000000000540e-01
9.998320000000000540e-01
9.997749999999999693e-01
9.997675000000000312e-01
9.997454999999999536e-01
9.997314999999999952e-01
9.997245000000000159e-01
9.996969999999999468e-01
9.996610000000000218e-01
9.996249999999999858e-01
9.996080000000000521e-01
9.995895000000000197e-01
9.995675000000000532e-01
9.995020000000000016e-01
9.994975000000000387e-01
9.994155000000000122e-01
9.994060000000000166e-01
9.992794999999999872e-01
9.992990000000000483e-01
9.991925000000000390e-01
9.991320000000000201e-01
9.990590000000000304e-01
9.990040000000000031e-01
9.989175000000000137e-01
9.988255000000000328e-01
9.986985000000000445e-01
9.986190000000000344e-01
9.984589999999999854e-01
9.983634999999999593e-01
9.982379999999999587e-01
9.981320000000000192e-01
9.979485000000000161e-01
9.977080000000000393e-01
9.975714999999999444e-01
9.973184999999999967e-01
9.971160000000000023e-01
9.968540000000000179e-01
9.965979999999999839e-01
9.963324999999999543e-01
9.959554999999999936e-01
9.956004999999999994e-01
9.952984999999999749e-01
9.948949999999999738e-01
9.944840000000000346e-01
9.939400000000000457e-01
9.933625000000000371e-01
9.928529999999999855e-01
9.921434999999999560e-01
9.915585000000000093e-01
9.907030000000000003e-01
9.897114999999999663e-01
9.889989999999999615e-01
9.879820000000000269e-01
9.868850000000000122e-01
9.858725000000000405e-01
9.841170000000000195e-01
9.829164999999999708e-01
9.813614999999999977e-01
9.791695000000000260e-01
9.774384999999999879e-01
9.748415000000000274e-01
9.726374999999999327e-01
9.701079999999999703e-01
9.664880000000000138e-01
9.629794999999999883e-01
9.590894999999999282e-01
9.542134999999999367e-01
9.487149999999999750e-01
9.421134999999999371e-01
9.349165000000000392e-01
9.255894999999999539e-01
9.147754999999999637e-01
9.007939999999999836e-01
8.825534999999999908e-01
8.558890000000000109e-01
8.122715000000000352e-01
7.253340000000000343e-01
3.980500000000000531e-03
-7.252340000000000453e-01
-8.128874999999999851e-01
-8.550455000000000139e-01
-8.818610000000000060e-01
-9.004265000000000185e-01
-9.144740000000000091e-01
-9.258134999999999559e-01
-9.345394999999999675e-01
-9.423624999999999918e-01
-9.487295000000000034e-01
-9.544880000000000031e-01
-9.591239999999999766e-01
-9.631944999999999535e-01
-9.666224999999999401e-01
-9.699099999999999389e-01
-9.727799999999999780e-01
-9.751994999999999969e-01
-9.775414999999999521e-01
-9.792334999999999789e-01
-9.812729999999999508e-01
-9.828099999999999614e-01
-9.843899999999999872e-01
-9.858234999999999637e-01
-9.868609999999999882e-01
-9.879894999999999650e-01
-9.889459999999999917e-01
-9.898979999999999446e-01
-9.907329999999999748e-01
-9.914140000000000175e-01
-9.921219999999999484e-01
-9.927734999999999754e-01
-9.933174999999999644e-01
-9.938715000000000188e-01
-9.944264999999999910e-01
-9.948675000000000157e-01
-9.952005000000000434e-01
-9.955910000000000037e-01
-9.960069999999999757e-01
-9.963090000000000002e-01
-9.965680000000000094e-01
-9.968099999999999739e-01
-9.971695000000000420e-01
-9.973075000000000134e-01
-9.976005000000000011e-01
-9.978065000000000406e-01
-9.979559999999999542e-01
-9.981155000000000443e-01
-9.982090000000000130e-01
-9.983615000000000128e-01
-9.985024999999999595e-01
-9.985950000000000104e-01
-9.987300000000000066e-01
-9.988099999999999756e-01
-9.989360000000000461e-01
-9.990259999999999696e-01
-9.990310000000000024e-01
-9.991619999999999946e-01
-9.992265000000000175e-01
-9.992950000000000443e-01
-9.993140000000000356e-01
-9.993779999999999886e-01
-9.994420000000000526e-01
-9.994750000000000023e-01
-9.995169999999999888e-01
-9.995355000000000212e-01
-9.995874999999999622e-01
-9.996085000000000109e-01
-9.996559999999999890e-01
-9.996764999999999679e-01
-9.996985000000000454e-01
-9.997319999999999540e-01
-9.997509999999999453e-01
-9.997635000000000272e-01
-9.997835000000000472e-01
-9.998040000000000260e-01
-9.998129999999999518e-01
-9.998359999999999470e-01
-9.998200000000000420e-01
-9.998749999999999583e-01
-9.998740000000000405e-01
-9.998690000000000078e-01
-9.998799999999999910e-01
-9.998979999999999535e-01
-9.998964999999999659e-01
-9.998924999999999619e-01
-9.999099999999999655e-01
-9.999114999999999531e-01
-9.999350000000000183e-01
-9.999299999999999855e-01
-9.999379999999999935e-01
-9.999424999999999564e-01
-9.999590000000000423e-01
-9.999565000000000259e-01
-9.999535000000000506e-01
-9.999670000000000503e-01
-9.999614999999999476e-01
-9.999614999999999476e-01
-9.999734999999999596e-01
-9.999730000000000008e-01
-9.999749999999999472e-01
-9.999810000000000088e-01
-9.999774999999999636e-01
-9.999740000000000295e-01
-9.999789999999999512e-01
-9.999795000000000211e-01
-9.999824999999999964e-01
-9.999839999999999840e-01
-9.999865000000000004e-01
-9.999890000000000168e-01
-9.999890000000000168e-01
-9.999869999999999592e-01
-9.999900000000000455e-01
-9.999884999999999469e-01
-9.999930000000000208e-01
-9.999919999999999920e-01
-9.999905000000000044e-01
-9.999949999999999672e-01
-9.999924999999999509e-01
-9.999980000000000535e-01
-9.999949999999999672e-01
-9.999945000000000084e-01
-9.999970000000000248e-01
-9.999930000000000208e-01
-9.999955000000000371e-01
-9.999964999999999549e-01
-9.999989999999999712e-01
-9.999989999999999712e-01
-9.999964999999999549e-01
-9.999964999999999549e-01
-9.999974999999999836e-01
-9.999985000000000124e-01
-9.999985000000000124e-01
-9.999985000000000124e-01
-9.999995000000000411e-01
-9.999985000000000124e-01
-9.999985000000000124e-01
-9.999989999999999712e-01
-9.999985000000000124e-01
-1.000000000000000000e+00
-9.999980000000000535e-01
-9.999985000000000124e-01
-9.999989999999999712e-01
-1.000000000000000000e+00
-9.999995000000000411e-01
-9.999989999999999712e-01
-9.999995000000000411e-01
-9.999985000000000124e-01
-1.000000000000000000e+00
-1.000000000000000000e+00
