-1.699999049999999912e+01
-1.689998109999989495e+01
-1.680000000000011440e+01
-1.669997194999988466e+01
-1.660000000000010090e+01
-1.650000000000000000e+01
-1.639997239999990342e+01
-1.630000000000011440e+01
-1.619999089999988584e+01
-1.610000000000009024e+01
-1.599995500000000348e+01
-1.589998209999991197e+01
-1.579995550000011129e+01
-1.569999114999988876e+01
-1.559993840000008447e+01
-1.549999125000000078e+01
-1.539995649999992011e+01
-1.529996540000010974e+01
-1.519996559999989039e+01
-1.509995725000007205e+01
-1.499995750000000072e+01
-1.489993239999993158e+01
-1.479995800000010675e+01
-1.469996659999989319e+01
-1.459994190000006320e+01
-1.449991750000000224e+01
-1.439989339999994300e+01
-1.429990220000010304e+01
-1.419995139999989853e+01
-1.409984705000005434e+01
-1.399991200000000013e+01
-1.389987279999995451e+01
-1.379987360000010277e+01
-1.369987439999989931e+01
-1.359989860000004391e+01
-1.349993025000000202e+01
-1.339986909999996634e+01
-1.329990820000011098e+01
-1.319985559999990166e+01
-1.309983390000003212e+01
-1.299978250000000024e+01
-1.289974669999997836e+01
-1.279976320000010759e+01
-1.269980889999990659e+01
-1.259973720000001762e+01
-1.249969550000000140e+01
-1.239963999999999267e+01
-1.229966395000010770e+01
-1.219965209999991096e+01
-1.209953470000000131e+01
-1.199963600000000241e+01
-1.189958300000000868e+01
-1.179959980000010233e+01
-1.169954789999991540e+01
-1.159942879999998766e+01
-1.149946000000000090e+01
-1.139937690000002490e+01
-1.129936825000009826e+01
-1.119926739999992193e+01
-1.109922709999997181e+01
-1.099918750000000145e+01
-1.089913570000004306e+01
-1.079905920000009267e+01
-1.069903479999992513e+01
-1.059890379999995247e+01
-1.049879375000000259e+01
-1.039874760000006049e+01
-1.029867775000009189e+01
-1.019868239999992987e+01
-1.009846934999999668e+01
-9.998374000000001871e+00
-9.898275500000067950e+00
-9.798000900000085167e+00
-9.698035399999936246e+00
-9.598052199999999701e+00
-9.497413500000002173e+00
-9.397352500000067721e+00
-9.297124150000081855e+00
-9.196994799999941961e+00
-9.096942950000004302e+00
-8.996667000000002190e+00
-8.896304900000066240e+00
-8.795952000000074378e+00
-8.695806599999949427e+00
-8.595650700000012634e+00
-8.495460750000006556e+00
-8.394822800000063978e+00
-8.294824250000070620e+00
-8.194043099999959168e+00
-8.094004600000017646e+00
-7.992800000000007010e+00
-7.893065100000062451e+00
-7.792096500000062598e+00
-7.691587399999968433e+00
-7.590974400000025213e+00
-7.490548000000007534e+00
-7.389836500000080299e+00
-7.289094150000054562e+00
-7.188045199999979928e+00
-7.087447900000033663e+00
-6.986155000000008108e+00
-6.885466150000079111e+00
-6.784518400000044913e+00
-6.683781399999991102e+00
-6.582407100000041922e+00
-6.480581000000008807e+00
-6.379664600000078956e+00
-6.277818550000033859e+00
-6.176439200000006124e+00
-6.074610400000055144e+00
-5.972898000000009588e+00
-5.871160750000078643e+00
-5.768623900000027227e+00
-5.666298850000022647e+00
-5.564484600000068504e+00
-5.461964500000011213e+00
-5.359502600000077166e+00
-5.256108000000012659e+00
-5.152630000000043786e+00
-5.049778300000081543e+00
-4.945600500000013611e+00
-4.842442650000076121e+00
-4.737588400000012356e+00
-4.632105050000045132e+00
-4.528474400000074951e+00
-4.423237000000015406e+00
-4.317674000000073953e+00
-4.212865750000019283e+00
-4.103871400000044467e+00
-3.998555650000066741e+00
-3.891371000000017233e+00
-3.781101050000071240e+00
-3.673888300000028195e+00
-3.562602550000044221e+00
-3.453486000000055789e+00
-3.343794000000019917e+00
-3.229082200000067626e+00
-3.116028350000041414e+00
-3.001987400000043937e+00
-2.884807850000040030e+00
-2.766371000000024338e+00
-2.644828150000064770e+00
-2.523130200000057943e+00
-2.395846650000042821e+00
-2.267218300000028108e+00
-2.132235000000030301e+00
-1.990445400000054210e+00
-1.834855700000052048e+00
-1.660227300000037598e+00
-1.449630400000043506e+00
-1.117648000000000197e+00
-1.449707399999962787e+00
-1.659874499999946851e+00
-1.833298649999959506e+00
-1.988283399999955625e+00
-2.130233249999969214e+00
-2.265936399999939344e+00
-2.397029449999938500e+00
-2.521704599999955665e+00
-2.646085249999954758e+00
-2.766597499999975174e+00
-2.886080799999931390e+00
-3.002022799999952252e+00
-3.116951849999954671e+00
-3.229756499999938413e+00
-3.342628999999978756e+00
-3.454206999999926975e+00
-3.564187149999964888e+00
-3.674373699999954113e+00
-3.781672649999927138e+00
-3.890817999999944821e+00
-3.997898999999915048e+00
-4.105486999999975239e+00
-4.212653049999953936e+00
-4.317543399999918208e+00
-4.423291749999950895e+00
-4.528210599999913377e+00
-4.633295599999983416e+00
-4.737826399999952365e+00
-4.841422599999909870e+00
-4.945462999999955755e+00
-5.049191849999913551e+00
-5.152341999999987543e+00
-5.255607949999945738e+00
-5.359029099999915502e+00
-5.461742249999959498e+00
-5.563732799999913325e+00
-5.666236699999870119e+00
-5.768999599999926176e+00
-5.870985099999931123e+00
-5.972650999999962629e+00
-6.074250999999912359e+00
-6.176868899999865548e+00
-6.277750249999909826e+00
-6.379898199999943564e+00
-6.481391249999965964e+00
-6.582467599999912267e+00
-6.683633849999861987e+00
-6.784267199999895581e+00
-6.885444349999954028e+00
-6.986541499999968430e+00
-7.087230499999911615e+00
-7.188331999999858724e+00
-7.288943999999884404e+00
-7.390005399999963309e+00
-7.490757999999970274e+00
-7.590712599999911880e+00
-7.691877399999855314e+00
-7.792424699999873638e+00
-7.893028499999971359e+00
-7.993142999999970577e+00
-8.093726799999910071e+00
-8.194313399999852976e+00
-8.294594499999863757e+00
-8.394977799999978174e+00
-8.495123749999970997e+00
-8.595631499999909053e+00
-8.695814949999851606e+00
-8.796285799999854049e+00
-8.896474849999968626e+00
-8.996684499999973994e+00
-9.097026199999911356e+00
-9.197211199999850706e+00
-9.297328549999846814e+00
-9.397531899999975735e+00
-9.497745999999974487e+00
-9.597831799999910984e+00
-9.698081199999847968e+00
-9.797875999999838825e+00
-9.898512499999981173e+00
-9.998487999999976950e+00
-1.009841589999991029e+01
-1.019853599999984617e+01
-1.029874639999983543e+01
-1.039871659999997888e+01
-1.049865724999997418e+01
-1.059886599999992463e+01
-1.069887604999984454e+01
-1.079916799999985066e+01
-1.089909699999996384e+01
-1.099919399999997438e+01
-1.109924674999994387e+01
-1.119945879999984228e+01
-1.129942144999986553e+01
-1.139937689999995030e+01
-1.149955449999997548e+01
-1.159947639999996483e+01
-1.169947254999984132e+01
-1.179963429999988023e+01
-1.189962469999993644e+01
-1.199964999999997772e+01
-1.209973209999997579e+01
-1.219968049999984139e+01
-1.229962819999989243e+01
-1.239969759999992149e+01
-1.249970274999997777e+01
-1.259974449999999635e+01
-1.269976479999984065e+01
-1.279980019999990404e+01
-1.289983609999991110e+01
-1.299983499999997605e+01
-1.309980370000000782e+01
-1.319984799999983949e+01
-1.329982404999991452e+01
-1.339989219999990233e+01
-1.349987599999997911e+01
-1.359985179999979543e+01
-1.369992149999983866e+01
-1.379988149999992508e+01
-1.389996819999989341e+01
-1.399991999999997816e+01
-1.409991144999978552e+01
-1.419995139999983991e+01
-1.429988589999993209e+01
-1.439992619999988221e+01
-1.449994224999997883e+01
-1.459998339999977190e+01
-1.469998329999983611e+01
-1.479994119999994062e+01
-1.489994084999987400e+01
-1.499995749999998296e+01
-1.509997434999976207e+01
-1.519997419999983457e+01
-1.529997404999994792e+01
-1.539999129999986494e+01
-1.549997374999998279e+01
-1.559997359999975330e+01
-1.569998229999983330e+01
-1.579997329999995692e+01
-1.589999999999985825e+01
-1.599996399999998253e+01
-1.609997284999974099e+01
-1.619998179999983279e+01
-1.629999999999996518e+01
-1.639999079999985199e+01
-1.649998149999998276e+01
-1.659999069999973642e+01
-1.669997194999983137e+01
-1.679999999999996163e+01
-1.689999999999984226e+01
