2.461686792019555536e+00
2.451396463210666621e+00
2.511582378266666638e+00
2.521666511130666422e+00
2.542647909375999937e+00
2.574397226638222236e+00
2.611775094241777673e+00
2.640207633571555856e+00
2.679866867539555830e+00
2.716559083731555191e+00
2.751729187377777830e+00
2.767521776666666433e+00
2.789572890864000065e+00
2.869346488064000056e+00
2.880374102241777923e+00
2.941617606824888931e+00
2.991558521313777863e+00
3.041621852442666363e+00
3.076386474807110805e+00
3.132169936623999895e+00
3.165369685175110970e+00
3.196715323333333192e+00
3.190455449820444489e+00
3.232557930622222298e+00
3.230149084784000202e+00
3.237227189288888862e+00
3.233994202266666562e+00
3.258952314424889085e+00
3.248273923064889157e+00
3.285135628167111133e+00
3.279539283598222443e+00
3.305891022499555909e+00
3.317312043646222453e+00
3.326874908152888999e+00
3.330842766727111215e+00
3.365314047699555555e+00
3.372420196464000153e+00
3.361767751900444523e+00
3.379043031722666957e+00
3.419503219477333378e+00
3.440735114552889051e+00
3.450720945486222213e+00
3.423735615699555979e+00
3.467526221255111452e+00
3.435419952780444319e+00
3.492134525822222724e+00
3.506892512362666636e+00
3.536827559066666904e+00
3.554762036677333370e+00
3.561632611377778090e+00
3.549637132970666631e+00
3.560045802380444879e+00
3.582211731228444496e+00
3.603798615109333081e+00
3.619378350641778042e+00
3.623215231699556060e+00
3.658207493681777667e+00
3.660633352175999722e+00
3.708796656611555331e+00
3.724795394771555745e+00
3.714357279260444678e+00
3.742228175130667189e+00
3.730164701233777969e+00
3.793593978424889102e+00
3.773274435064888799e+00
3.788937204444444706e+00
3.822668545699555942e+00
3.850445162295110801e+00
3.843836435903999593e+00
3.882615594488888711e+00
3.893334293589333583e+00
3.930170284570666528e+00
3.928807255921777930e+00
3.942039638122666556e+00
3.977397494072888673e+00
3.980625575749333844e+00
4.013040761100444165e+00
4.031473942042667069e+00
4.042296369633777253e+00
4.080093527180443935e+00
4.097811168211555888e+00
4.128663804570666507e+00
4.162161109999999553e+00
4.194789091468444475e+00
4.183100958277333525e+00
4.196780673832888553e+00
4.209223551971555288e+00
4.285947689955555973e+00
4.327306991438222283e+00
4.336132685779555906e+00
4.339233103002666958e+00
4.406954614784000412e+00
4.395824467155555304e+00
4.414552591864888242e+00
4.449067049583999456e+00
4.502778288860444178e+00
4.506619802730666535e+00
4.545696037601777206e+00
4.570186620522666665e+00
4.621038957767111377e+00
4.665982591201777829e+00
4.703561619733332755e+00
4.698130534108443612e+00
4.702057987198222655e+00
4.793877102149332714e+00
4.816712434444443858e+00
4.867312799571555715e+00
4.886115072481777233e+00
4.949217104149333579e+00
4.951502254846221973e+00
4.998923092321778228e+00
5.029973161521777314e+00
5.123169471032889000e+00
5.161842609713778174e+00
5.224542880135111034e+00
5.267677566606222328e+00
5.359008488375110346e+00
5.398040408446222571e+00
5.451515618117332984e+00
5.530697482232888262e+00
5.585384572300444717e+00
5.705510889066665925e+00
5.725155770238221642e+00
5.810382785699555797e+00
5.942490636451555730e+00
6.020344911864889070e+00
6.057885553322666539e+00
6.234510539660443662e+00
6.350349693210666224e+00
6.438702637447110355e+00
6.563692199095110702e+00
6.624838456177777779e+00
6.830380795555555551e+00
6.975709929029332734e+00
7.160223587838222770e+00
7.313345926250666373e+00
7.422796711948445036e+00
7.623429183651555974e+00
7.772922367002666810e+00
7.868748904561777557e+00
8.097922915511110986e+00
8.341036897955554252e+00
8.549370318044443806e+00
8.818426140664888280e+00
8.889227215144888561e+00
9.047226039024000244e+00
9.177617462711110008e+00
9.379170540935110267e+00
9.427268933511109950e+00
9.583235998888888219e+00
9.730467427868443764e+00
9.876616213118222021e+00
9.825463447068445433e+00
9.934657880844444122e+00
9.910060508300444937e+00
9.875796129955555003e+00
9.806581722664889256e+00
9.806333912090666516e+00
9.654157068940445896e+00
9.510681211953777137e+00
9.345329715313777541e+00
9.259344720624000047e+00
9.087162014606223082e+00
8.994465126399999733e+00
8.745251108629334524e+00
8.547748543260444976e+00
8.368484246044443964e+00
8.189263753242666866e+00
7.955187892224000024e+00
7.770315929144889111e+00
7.606067719822222628e+00
7.433691501111112210e+00
7.197814805189333143e+00
7.011532999104000297e+00
6.820497167144888628e+00
6.690802900833777933e+00
6.491626145776000278e+00
6.371422466666667006e+00
6.157300252188444567e+00
6.062292741006222840e+00
5.898827683242666708e+00
5.790632570622222808e+00
5.647580943272889620e+00
5.528722110855111005e+00
5.413221506544000583e+00
5.325056473877333829e+00
5.204496346958221942e+00
5.065364013162667156e+00
4.952628064419555720e+00
4.813385791367110755e+00
4.786239820736000183e+00
4.689683863210666992e+00
4.589305279358222300e+00
4.470763951600000397e+00
4.477581636579555102e+00
4.342229614300444851e+00
4.265312283192889353e+00
4.177272033420444508e+00
4.105544211733333171e+00
4.057453898522666691e+00
3.978159829041777673e+00
3.900239575921777391e+00
3.849558146389333135e+00
3.769279894691555555e+00
3.702880820890666502e+00
3.645817671111110769e+00
3.584848306488888525e+00
3.540895033015110549e+00
3.472979278888888910e+00
3.393468902286222111e+00
3.368203014967111386e+00
3.281951791530666629e+00
3.270370204444444262e+00
3.242260739384888790e+00
3.146431430535110874e+00
3.146273946623999951e+00
3.067807503642666411e+00
3.027721402167110831e+00
2.965990266792888796e+00
2.940837999073777631e+00
2.907787544488888987e+00
2.711392912810666633e+00
2.540041605260444424e+00
2.371071732222222117e+00
2.190590771397333381e+00
2.087264655358222587e+00
1.958093358961777719e+00
1.814686487891555622e+00
1.704768102526222018e+00
1.598814405511110870e+00
1.506348919749332937e+00
1.426582244579555292e+00
1.346935630392888550e+00
1.264980101758222064e+00
1.208895107299555294e+00
1.148900335699555519e+00
1.076291099733333256e+00
1.023625241308444567e+00
9.692522447484445136e-01
9.113302879555557068e-01
8.679741939040002130e-01
8.241541919555557261e-01
7.877242438471112607e-01
7.457163383395558620e-01
7.040567773226669157e-01
6.671879544604447654e-01
6.406979900000002726e-01
6.062626522951114483e-01
5.734003367751113744e-01
5.484697158951115092e-01
5.244438442595558136e-01
4.941721704604447596e-01
4.732884895217781551e-01
4.491439642666670284e-01
4.289202905315558922e-01
4.106862952604448114e-01
3.888635893760003515e-01
3.721868485973336971e-01
3.552233272160003064e-01
3.401108741528892643e-01
3.204921099306669574e-01
3.062776380426669998e-01
2.944756085884447372e-01
2.817593962666669616e-01
2.658126429795558132e-01
2.561592183182224147e-01
2.441948055040001619e-01
2.330248881048890275e-01
2.218909275004445070e-01
2.125567752373333230e-01
2.031510626826666388e-01
1.952874478293332439e-01
1.856779138559998543e-01
1.785791047662220188e-01
1.702835644871108778e-01
1.620594964195553045e-01
1.555186908444441407e-01
1.480490661671107766e-01
1.416794526151107236e-01
1.344718556728884962e-01
1.290399302951107108e-01
