2.437833987184000240e+00
2.457625469243999827e+00
2.513379446896000236e+00
2.515019159836000107e+00
2.561117052016000262e+00
2.573266037595999922e+00
2.618559206400000061e+00
2.640967319100000044e+00
2.689141893616000090e+00
2.685452544443999834e+00
2.731898661375999904e+00
2.771451005183999783e+00
2.834047175663999774e+00
2.873078298235999917e+00
2.894096255215999669e+00
2.935383427899999731e+00
2.986946501055999903e+00
3.046742833135999806e+00
3.047103111355999872e+00
3.143696902399999882e+00
3.177074307100000272e+00
3.184169807900000038e+00
3.181255333375999861e+00
3.229494649600000322e+00
3.224832566076000440e+00
3.235428463099999874e+00
3.244025348975999812e+00
3.241911574364000348e+00
3.278269498096000323e+00
3.272299824924000067e+00
3.298608850204000298e+00
3.311802354624000078e+00
3.333470891996000329e+00
3.354349007600000210e+00
3.328524381695999956e+00
3.351846671599999716e+00
3.361299646399999563e+00
3.371611823900000360e+00
3.403163861616000041e+00
3.400219685375999834e+00
3.430731411644000417e+00
3.398337180316000072e+00
3.440918207424000119e+00
3.469605139184000375e+00
3.442600493436000164e+00
3.497936359024000019e+00
3.490486474223999824e+00
3.553473842844000252e+00
3.543530336764000310e+00
3.553580263935999906e+00
3.590017446399999645e+00
3.600215580016000061e+00
3.595244230656000184e+00
3.596512309883999947e+00
3.618909597724000005e+00
3.617311381183999863e+00
3.659687277499999780e+00
3.685867879423999849e+00
3.683284777983999891e+00
3.715407929599999992e+00
3.694058221756000293e+00
3.729113859836000078e+00
3.744271161276000015e+00
3.777786199196000450e+00
3.806799246784000612e+00
3.822902018304000116e+00
3.840263718044000019e+00
3.864899589376000311e+00
3.865100852224000239e+00
3.887458308284000186e+00
3.948179986416000542e+00
3.961843342684000291e+00
3.944150171900000057e+00
3.983240468736000572e+00
4.022405886844000023e+00
4.020512875036000189e+00
4.055799585276000485e+00
4.077589619135999932e+00
4.068550012924000647e+00
4.147955319100000260e+00
4.189017137600000495e+00
4.148829990844000726e+00
4.216288374256000893e+00
4.212581171824000492e+00
4.254927930816000625e+00
4.317452356096000976e+00
4.336720606576000669e+00
4.352644811376000789e+00
4.379109749503999893e+00
4.411532947100000435e+00
4.449663197500000500e+00
4.473062621696000996e+00
4.491321396736000615e+00
4.556383708955999978e+00
4.618984227836000045e+00
4.598998970364000627e+00
4.621922295664000480e+00
4.691094317276000680e+00
4.704912319644000362e+00
4.767696496444000509e+00
4.820300367216000303e+00
4.854285651164000015e+00
4.931956234875999989e+00
4.969252428735999594e+00
5.032094559999999994e+00
5.077954837243999542e+00
5.087196216943999261e+00
5.239113265903999839e+00
5.231055530863999437e+00
5.324941551803999751e+00
5.405180991599999984e+00
5.461536404603999806e+00
5.557704324863999901e+00
5.601321697083999851e+00
5.697007354815998958e+00
5.701808627003999597e+00
5.801188599899999687e+00
5.938111326399999612e+00
6.018472775899999405e+00
6.105356443503999309e+00
6.208084075503998989e+00
6.351341726143999722e+00
6.456400999615999226e+00
6.513777403099998864e+00
6.631024659823999023e+00
6.690057999899999608e+00
6.819593163503999023e+00
6.953723705599999860e+00
7.059863529435999041e+00
7.119983816175999181e+00
7.324925980399998870e+00
7.444230108655999878e+00
7.592479683099999654e+00
7.707990041599998676e+00
7.740763988315999988e+00
7.907788348143999890e+00
8.057369570496000222e+00
8.138938197883998527e+00
8.187887566783999205e+00
8.370172101104000006e+00
8.427336890096000843e+00
8.536044398335999261e+00
8.686496227899999312e+00
8.692296812399998629e+00
8.723856305264000355e+00
8.833983110000000138e+00
8.877119740143999849e+00
8.924201277915999597e+00
8.991340227824000664e+00
9.020911315899999394e+00
8.908360339135999340e+00
8.934767518043999601e+00
8.908073592944001362e+00
8.877335309276000785e+00
8.816647719900000624e+00
8.787406939135999906e+00
8.713727683355999787e+00
8.673161369343999283e+00
8.535832355004000505e+00
8.474206213083999017e+00
8.374236863004000497e+00
8.242071204444000543e+00
8.184703938684000590e+00
7.980317862876000312e+00
7.946464474863999428e+00
7.768343039743999867e+00
7.680224055100000058e+00
7.557868627899999581e+00
7.325952227515999837e+00
7.253581477500000041e+00
7.087075854575999756e+00
7.036705284635999647e+00
6.835076082076000148e+00
6.715273584924000616e+00
6.520232497264000671e+00
6.485666297435999539e+00
6.321617887215999154e+00
6.204750772923999236e+00
6.066262702336000068e+00
5.919554391899999324e+00
5.792555384795999629e+00
5.714347427483999375e+00
5.595871533423999900e+00
5.437938843583999926e+00
5.373717890715999701e+00
5.212790291099999251e+00
5.136737322863999644e+00
5.049642947183999198e+00
4.971569377499998943e+00
4.847865973503999726e+00
4.743119387899999317e+00
4.721192943100000150e+00
4.591365660655998937e+00
4.516412360703999873e+00
4.419482260223999148e+00
4.361134158395999272e+00
4.230708737984000045e+00
4.161021059644000708e+00
4.119933870335999337e+00
4.046468492224000180e+00
3.960476179100000493e+00
3.895806483195999981e+00
3.859090433276000098e+00
3.774456423196000276e+00
3.752198161404000309e+00
3.667292806524000692e+00
3.628068695900000584e+00
3.577742709616000383e+00
3.482595132400000626e+00
3.421872667964001025e+00
3.354044977856000642e+00
3.296004820764000698e+00
3.262816134336000928e+00
3.248477809264001426e+00
3.206758097600000745e+00
3.113734377404000941e+00
3.062914387824001494e+00
3.042350483004001127e+00
2.974329753724000991e+00
2.946489554876001282e+00
2.901922899100001452e+00
2.725010138204001287e+00
2.534583439516000958e+00
2.356408189724001012e+00
2.190406228464000460e+00
2.072214119004000210e+00
1.923151677183999819e+00
1.811737383643999610e+00
1.723794283899999114e+00
1.615595303023998897e+00
1.521368926555998646e+00
1.433231552923998287e+00
1.352411125723998353e+00
1.273677387675998141e+00
1.204926612475998304e+00
1.139804735423998183e+00
1.062622803099998459e+00
1.036262274415998608e+00
9.713627379039986298e-01
9.201324998999986793e-01
8.687556739159989494e-01
8.267930442239991295e-01
7.867322395999992724e-01
7.417888438999994394e-01
7.081353624959995097e-01
6.750682391039997121e-01
6.408918904159998098e-01
6.101847970839999746e-01
5.822067100000000162e-01
5.526930091360001684e-01
5.196015830360002363e-01
4.957154963040003026e-01
4.730224360960003094e-01
4.498729991000003370e-01
4.278935539160004242e-01
4.069518563840004433e-01
3.902595036000004458e-01
3.704555903840004438e-01
3.558493183360004752e-01
3.365658263040004483e-01
3.238734939160004545e-01
3.071289222040004541e-01
2.934695279000004153e-01
2.794949324640004229e-01
2.691949926360004408e-01
2.559002959360003882e-01
2.435917894240003656e-01
2.333361150560003539e-01
2.234857951000003840e-01
2.138276003840003658e-01
2.027863100000003582e-01
1.953598317440003451e-01
1.848947839840003327e-01
1.763799616000003012e-01
1.694467407640002921e-01
1.621380326240002834e-01
1.539028400000002628e-01
1.470542880640002548e-01
1.417466483160002566e-01
1.351758148960002515e-01
1.305451705560002340e-01
