2.448941406143999799e+00
2.478630015744000215e+00
2.497601731056000141e+00
2.521923785664000217e+00
2.555779334256000013e+00
2.595897276415999766e+00
2.639560679535999821e+00
2.638245955056000014e+00
2.691089878975999827e+00
2.707200001903999897e+00
2.759325336816000007e+00
2.795707442175999979e+00
2.818425051584000141e+00
2.871161672304000323e+00
2.907036694896000029e+00
2.973661465599999776e+00
3.020619854783999969e+00
3.078615499504000041e+00
3.148704486400000224e+00
3.222058823423999740e+00
3.273029071984000282e+00
3.250118316400000484e+00
3.291006796400000045e+00
3.307670022143999855e+00
3.369999276144000078e+00
3.336512443376000281e+00
3.335550438335999957e+00
3.418797052399999981e+00
3.388890839024000456e+00
3.412571900400000136e+00
3.423560369599999653e+00
3.443308239983999819e+00
3.469859627776000099e+00
3.505143315695999906e+00
3.521109659503999900e+00
3.546912408944000283e+00
3.504225172223999873e+00
3.562870361455999557e+00
3.552203864063999905e+00
3.602262151104000054e+00
3.614109976175999606e+00
3.650131051455999920e+00
3.673394991599999937e+00
3.672385539056000070e+00
3.693037361600000512e+00
3.740687625216000178e+00
3.755733399999999556e+00
3.798155380736000009e+00
3.788091867584000294e+00
3.850400574464000414e+00
3.831853000703999701e+00
3.886448725103999635e+00
3.889580134400000055e+00
3.955140966400000124e+00
4.018854268655999817e+00
4.020562073024000149e+00
3.992719912304000029e+00
4.061882107904000172e+00
4.105472799743999701e+00
4.122041214399999376e+00
4.193852977136000248e+00
4.178769105855999477e+00
4.223052423616000084e+00
4.293834622063999795e+00
4.276541530735999963e+00
4.318214446704000231e+00
4.354415455855999539e+00
4.367375447664000099e+00
4.464054603775999830e+00
4.475086954736000600e+00
4.514262894704000217e+00
4.558484423423999843e+00
4.609869080943999720e+00
4.646064191599999837e+00
4.710628942576000178e+00
4.714653724095999365e+00
4.781184318400000244e+00
4.795619453376000152e+00
4.881507909999999839e+00
4.932628620400000052e+00
4.970978090943999561e+00
5.017413880255999992e+00
5.034093061104000455e+00
5.150428809215999770e+00
5.165965030399999769e+00
5.231467359999999900e+00
5.271131685823999824e+00
5.332296496064000024e+00
5.372303149936000111e+00
5.438989916016000237e+00
5.489352736624000251e+00
5.519271974383999968e+00
5.588884049904000229e+00
5.657402828400000416e+00
5.664022024304000702e+00
5.712551727103999610e+00
5.799081104383999374e+00
5.854518790143999674e+00
5.899630076863999761e+00
6.016907399103999410e+00
6.055360004464000134e+00
6.073800534895999803e+00
6.197066474944000092e+00
6.182970994624000127e+00
6.184490191600000131e+00
6.308006460416000216e+00
6.393806189295999864e+00
6.443838063615999978e+00
6.508538616575999747e+00
6.532492575600000073e+00
6.575900200895999248e+00
6.659691760063999766e+00
6.718751839983999830e+00
6.759175531503999856e+00
6.863797005423998954e+00
6.865511586815999046e+00
6.908204569600000511e+00
6.958458366400000372e+00
7.018107596223998712e+00
7.052793509999998989e+00
7.080189780736000138e+00
7.115409783023999957e+00
7.106769564656000071e+00
7.195072049775999901e+00
7.170898928383999227e+00
7.274676842095999518e+00
7.223690567023998810e+00
7.304991816943999794e+00
7.300857637824000435e+00
7.310107873264000133e+00
7.342624748015999181e+00
7.379216947135999405e+00
7.417057269504000239e+00
7.355416563183999834e+00
7.368931193599999041e+00
7.372526484463999275e+00
7.375587042303999752e+00
7.373778736623999741e+00
7.408028793599999773e+00
7.342123484400000066e+00
7.366444723184000232e+00
7.345037482095999160e+00
7.287468161023999080e+00
7.324775314416000604e+00
7.285733850223999220e+00
7.209548605183998760e+00
7.182365109999999220e+00
7.189316649584000629e+00
7.150647820783999187e+00
7.144689383535999916e+00
7.035134918655999492e+00
7.042643660783999948e+00
6.982161507775999532e+00
6.979773236976000383e+00
6.854724025455999126e+00
6.812332841983999465e+00
6.780165440495999896e+00
6.720068231023999417e+00
6.714573169599999503e+00
6.568051092415999825e+00
6.495472062575998962e+00
6.433890585599999490e+00
6.402962354543999091e+00
6.303835396095999855e+00
6.269694460864000618e+00
6.211762991599999673e+00
6.139044702143999999e+00
6.081991628399999961e+00
5.991585999295999443e+00
5.954973862335999790e+00
5.916752051823999103e+00
5.747632778735999537e+00
5.698016629743999140e+00
5.648389096895999550e+00
5.577522498495999237e+00
5.534115356415999720e+00
5.410049986303999248e+00
5.349112550255999743e+00
5.277334649599999317e+00
5.227327009136000235e+00
5.142313919599999394e+00
5.082039121775999924e+00
5.006277496575999741e+00
4.952069329343999904e+00
4.842706243055999948e+00
4.769561072063999596e+00
4.680844624895999395e+00
4.610052485616000340e+00
4.584983495616000049e+00
4.556878893056000024e+00
4.442784640000000174e+00
4.386755800000000427e+00
4.344025841263999155e+00
4.253082261615999116e+00
4.229795537343999712e+00
4.156410489599999813e+00
4.114717447535999995e+00
4.030279027135999392e+00
3.960775358399999835e+00
3.884073322943999873e+00
3.858423971183999601e+00
3.833303846655999880e+00
3.738226988015999730e+00
3.697822630655999365e+00
3.621879534015999713e+00
3.576991839999999812e+00
3.507804784623999694e+00
3.455372639999999773e+00
3.457281735615999718e+00
3.421974598399999401e+00
3.348767293183999794e+00
3.290452959999999649e+00
3.249468581823999891e+00
3.187777885183999516e+00
3.174496783103999853e+00
3.090318859263999851e+00
3.049941462783999580e+00
2.997656945599999734e+00
2.975795033535999945e+00
2.919236792063999886e+00
2.875096496623999798e+00
2.688581683135999878e+00
2.515071996400000121e+00
2.357502894016000106e+00
2.195919621743999794e+00
2.075485510655999732e+00
1.937374193775999842e+00
1.827916019695999594e+00
1.716592236399999694e+00
1.629085512703999594e+00
1.525071486399999676e+00
1.452783345599999887e+00
1.358771340735999811e+00
1.279504491455999649e+00
1.204260984575999727e+00
1.136469132783999747e+00
1.078908094703999732e+00
1.019790073599999847e+00
9.715263533439998378e-01
9.213435454559998350e-01
8.760335486559998053e-01
8.321165599839999150e-01
7.869952655359998550e-01
7.342686279039998265e-01
7.026342645759998673e-01
6.667840760159999824e-01
6.342615023999998991e-01
5.992923775840000022e-01
5.741118257759999510e-01
5.527922609759999828e-01
5.217058539359999969e-01
4.989249244000000250e-01
4.709897438560000094e-01
4.468263935840000034e-01
4.301629976960000268e-01
4.081563423840000038e-01
3.880990847840000146e-01
3.728156400000000592e-01
3.550709759840000590e-01
3.363623618560001027e-01
3.197368037760001114e-01
3.105383315840001268e-01
2.931269784160001057e-01
2.785671370240000999e-01
2.681440000000001045e-01
2.563152211040001238e-01
2.441652924000001501e-01
2.324675558240001105e-01
2.187280997760001067e-01
2.112342795360001024e-01
2.010560358240001122e-01
1.960611839360001385e-01
1.853479104000001210e-01
1.796255600000001285e-01
1.701972272640001338e-01
1.619341489760001140e-01
1.555585542240001118e-01
1.479890660960000992e-01
1.413633572960001084e-01
1.349419692640001223e-01
1.290313981440001367e-01
