2.445267559423999870e+00
2.469752258093440123e+00
2.490712123693439750e+00
2.520175874784639891e+00
2.546844571181440031e+00
2.565956645823999960e+00
2.598530977904000228e+00
2.667427624344960169e+00
2.676137969776000158e+00
2.708447311165440130e+00
2.752295303104000279e+00
2.776141232732159736e+00
2.815880952498559964e+00
2.840077668786559872e+00
2.906044538848639558e+00
2.935366559149439780e+00
2.989118313584000042e+00
3.044618889215999769e+00
3.074467307544960004e+00
3.131752011923839785e+00
3.183764713855360196e+00
3.174658256624000252e+00
3.200509144032639863e+00
3.228080004874239961e+00
3.237251961599999728e+00
3.230040750258560411e+00
3.214957480037760273e+00
3.250817892124160391e+00
3.276202876784000129e+00
3.302433137333760094e+00
3.301520906352640061e+00
3.313246438359040091e+00
3.310587736191359820e+00
3.348571961594240420e+00
3.349827865600000010e+00
3.370851063807360326e+00
3.379719901347840061e+00
3.393537615861760059e+00
3.400985511315839815e+00
3.402029954200960216e+00
3.424673188551039971e+00
3.428073343840639886e+00
3.466287860141439747e+00
3.486572882716159949e+00
3.495248177600000172e+00
3.478340069959040104e+00
3.523635544471040326e+00
3.512664821503999946e+00
3.518618920032640318e+00
3.548713407999359859e+00
3.564451363583999832e+00
3.573854884837759815e+00
3.587270820656640158e+00
3.589440714915840047e+00
3.622660652687360372e+00
3.616182029797760045e+00
3.658149997872639947e+00
3.691262069907840004e+00
3.712141798144000138e+00
3.726615592903039786e+00
3.729731526757760207e+00
3.737497150400000301e+00
3.751971403283840267e+00
3.738486324213759815e+00
3.778240629114240079e+00
3.816737883863039915e+00
3.831916581549440259e+00
3.837629247794559717e+00
3.855520908159359994e+00
3.889728136498559863e+00
3.870156125285759696e+00
3.921248832152959718e+00
3.949101230483839764e+00
3.932231285859839609e+00
3.975003490892159874e+00
3.995766459504639823e+00
4.018616240813440044e+00
4.042214498304000259e+00
4.059817039047040055e+00
4.078266459850239833e+00
4.127471640621440230e+00
4.102790003347839942e+00
4.133818278860159623e+00
4.132942081751039609e+00
4.197339591730560038e+00
4.221284757861759829e+00
4.239963937994239984e+00
4.257653546997760330e+00
4.288036523456000282e+00
4.310557710448639668e+00
4.315039764183040027e+00
4.391741801346560337e+00
4.416807554908160682e+00
4.408993625184639775e+00
4.447422730828160198e+00
4.464009494896000518e+00
4.529084562892160548e+00
4.492945588336000107e+00
4.545340313640959806e+00
4.596882211304960109e+00
4.593116094591359833e+00
4.642568231485440400e+00
4.684471744429440143e+00
4.745270634280960742e+00
4.748619579258240186e+00
4.763505880000000303e+00
4.783993381847039927e+00
4.829313212495359942e+00
4.892528166991359839e+00
4.928978595731839718e+00
4.970412580413439585e+00
5.004189106685440258e+00
5.067363034908159314e+00
5.114680326266239696e+00
5.137655347136000472e+00
5.138163212981760708e+00
5.189892479855999774e+00
5.267136112383999702e+00
5.292081845615999924e+00
5.377088068188159653e+00
5.353270467731840121e+00
5.451296613964160542e+00
5.487255645296640338e+00
5.521823592384000001e+00
5.609015954093440115e+00
5.666356118197759528e+00
5.741691839423999966e+00
5.779034174645759414e+00
5.871827393427840214e+00
5.947345938247040387e+00
6.004829488637440704e+00
6.129032966189440046e+00
6.183654080919040119e+00
6.280495695421439706e+00
6.357612649568639362e+00
6.474920577530239640e+00
6.625644697778559689e+00
6.696816737509760031e+00
6.918597981516159123e+00
7.001118517002239194e+00
7.198744194007039354e+00
7.330049996026239967e+00
7.455708444874240115e+00
7.748547851263999142e+00
7.950657532154240315e+00
8.240097406400000324e+00
8.536506409277439644e+00
8.816522991306239732e+00
9.141449584220159963e+00
9.453847643155839364e+00
9.737727171199360043e+00
1.008611702604736138e+01
1.034647924615103953e+01
1.063352846833600118e+01
1.066267836307904027e+01
1.109899822632704058e+01
1.112689851801536101e+01
1.114477118461375937e+01
1.110426570319616069e+01
1.092400656108544155e+01
1.094984211409856023e+01
1.053439979982784003e+01
1.033529003292415993e+01
1.006748307483583993e+01
9.695823526138239501e+00
9.389893680637440454e+00
9.122269278525440228e+00
8.845722787061760073e+00
8.464121063127040046e+00
8.127530819356159952e+00
7.916701773823999311e+00
7.593576113551359974e+00
7.465699929047040051e+00
7.084805995360639486e+00
6.993265857120640305e+00
6.772955070872960448e+00
6.558141103599999688e+00
6.371063424588159663e+00
6.248713668735360827e+00
6.105865428968960451e+00
5.894715827184001000e+00
5.811597866178560778e+00
5.683642938735999905e+00
5.546097846146559540e+00
5.397653357516159822e+00
5.241368533191040235e+00
5.135977900128640528e+00
5.048461254400000264e+00
4.930842816255360361e+00
4.839276981941759814e+00
4.737361996784000162e+00
4.700371870474239877e+00
4.577584400460160019e+00
4.495276026162559724e+00
4.412410177228159647e+00
4.323205127618559906e+00
4.263225546863999682e+00
4.213566204413440097e+00
4.118595532400000536e+00
4.044054364031359761e+00
4.000548844994559872e+00
3.883209100143999670e+00
3.858510750002559941e+00
3.797501455103999835e+00
3.710401590351360301e+00
3.677800595453440291e+00
3.583914767328640227e+00
3.550186313687040407e+00
3.500080014995840205e+00
3.393972171504000102e+00
3.399182205040639726e+00
3.319943148400000155e+00
3.253378122647039739e+00
3.224850924389760287e+00
3.174246970736640083e+00
3.120177263613439944e+00
3.072857649599999963e+00
3.028365757232640121e+00
3.000234433135999801e+00
2.934916777551359601e+00
2.890300610431359996e+00
2.695141188576640090e+00
2.525940276627840042e+00
2.348084354508159333e+00
2.201178679490559897e+00
2.068578257263999909e+00
1.938562670575999958e+00
1.813525582488960008e+00
1.716913294786560185e+00
1.621209842787840305e+00
1.510305420674560306e+00
1.432830715376000263e+00
1.347733654640640211e+00
1.278813798973439830e+00
1.205026040754559880e+00
1.135765749103999855e+00
1.073224043824639873e+00
1.022508788367360033e+00
9.707664321638399541e-01
9.131243741081599419e-01
8.734867880697598785e-01
8.274438787865598943e-01
7.869200396486396576e-01
7.420206681881595934e-01
7.078343798553596855e-01
6.673873617759998877e-01
6.442971164358398672e-01
6.082967181721600225e-01
5.758926279065601506e-01
5.490356562118403616e-01
5.213642190822403988e-01
4.939547374694404080e-01
4.764689340665604345e-01
4.522233530777604593e-01
4.335791705702404797e-01
4.086378097433603918e-01
3.919521431545603951e-01
3.713321564409602926e-01
3.540678459385602217e-01
3.378925132160001121e-01
3.207190808345600219e-01
3.079514106310399235e-01
2.915981420537598345e-01
2.801707815910398081e-01
2.653698045382397175e-01
2.545609443782396730e-01
2.449314161657596411e-01
2.338176392185595809e-01
2.225912835865595796e-01
2.135798409926395747e-01
2.034694568902396250e-01
1.948297824153596147e-01
1.857023796326396636e-01
1.777422959999996610e-01
1.697179654239997226e-01
1.622155069439997210e-01
1.541403245305597580e-01
1.472415911833598046e-01
1.410472634342398168e-01
1.353478117113598445e-01
1.297027871225598372e-01
