2.425048331824000147e+00
2.476723795350999957e+00
2.488287020910999736e+00
2.522614745599999431e+00
2.543205223774999801e+00
2.578359328998999889e+00
2.585929961599999771e+00
2.647710053276000064e+00
2.666031079516000268e+00
2.698853414671000372e+00
2.737655409719000232e+00
2.770683399375000189e+00
2.826833099951000072e+00
2.870159362158999805e+00
2.906568656304000076e+00
2.932464342683999803e+00
2.961433055775000156e+00
3.027440197184000148e+00
3.087848828464000217e+00
3.148265075055999507e+00
3.182647473275999950e+00
3.194202595111000242e+00
3.194615893436000054e+00
3.223451997056000273e+00
3.246498608624000415e+00
3.241613050775000282e+00
3.240122771804000212e+00
3.248813626624000417e+00
3.283621746710999822e+00
3.286816455871000020e+00
3.316991377639000316e+00
3.297613741615999849e+00
3.345063379583999907e+00
3.332264886063999842e+00
3.350622235100000346e+00
3.359181800000000440e+00
3.356508868775000209e+00
3.395793143391000246e+00
3.424285454556000197e+00
3.412741412543999875e+00
3.418670438236000475e+00
3.425462685115999939e+00
3.466626999759000238e+00
3.449462008975000327e+00
3.476643941119000214e+00
3.507262116359000093e+00
3.485529024475999993e+00
3.515124007110999926e+00
3.526357809083999761e+00
3.554529600443999904e+00
3.570681015100000355e+00
3.573938809398999883e+00
3.604530643183999850e+00
3.617870456799000323e+00
3.650225624791000101e+00
3.628741699671000021e+00
3.654893055616000197e+00
3.667196924464000141e+00
3.672786532751000532e+00
3.724374893479000193e+00
3.732858139630999883e+00
3.734808276476000444e+00
3.773994959323999865e+00
3.733739933910999564e+00
3.790949918975999644e+00
3.790026882798999797e+00
3.784085572431000077e+00
3.849301417071000042e+00
3.854281057079000039e+00
3.945768160000000080e+00
3.872910240479000343e+00
3.906713295319000245e+00
3.936925169276000336e+00
3.950323481755999566e+00
3.975046415078999917e+00
4.003457191975000384e+00
3.989077450878999898e+00
4.052359315271000462e+00
4.074619384111000109e+00
4.059372289600000627e+00
4.112444823599999744e+00
4.098387861831000123e+00
4.138663667055999973e+00
4.160021348399999930e+00
4.174938790775000186e+00
4.189424082550999628e+00
4.235350204110999606e+00
4.304832241535999415e+00
4.310738353151000624e+00
4.320639764955999773e+00
4.356910374750999182e+00
4.318807206399999821e+00
4.348669081350999832e+00
4.449970011099999567e+00
4.453519399374999743e+00
4.471073960000000014e+00
4.514463671216000229e+00
4.514025835278999921e+00
4.566640639078999975e+00
4.584344406383999981e+00
4.636269120975000213e+00
4.631231790719000152e+00
4.696370974839000567e+00
4.692159472383999663e+00
4.725578741936000249e+00
4.765611494439000673e+00
4.847549256156000297e+00
4.848021180975999656e+00
4.882003405936000462e+00
4.957588202919000153e+00
4.962479744303999851e+00
5.008269726400000010e+00
5.038302848495999520e+00
5.073309627071000527e+00
5.163525975804000190e+00
5.177886099055999836e+00
5.258281067376000095e+00
5.252482787584000334e+00
5.292671936775000141e+00
5.367270940464000439e+00
5.491572550991000057e+00
5.460207507036000329e+00
5.503993379478999692e+00
5.650743254351000111e+00
5.621619593399000081e+00
5.750413903600000154e+00
5.827500863600000081e+00
5.829618073238999720e+00
5.993655531871000086e+00
6.046955112191000126e+00
6.145344178111000311e+00
6.330681937983999141e+00
6.363788376751000619e+00
6.485028561884000453e+00
6.567641757775000144e+00
6.707946758400000320e+00
6.881961604399999821e+00
7.030266223679000781e+00
7.237298910396000373e+00
7.385334856591000197e+00
7.558147751591000052e+00
7.740655075775000782e+00
7.950917933550999628e+00
8.161033032384001018e+00
8.437786365551000145e+00
8.631369446464001172e+00
8.943378280956000737e+00
9.119927095003999895e+00
9.418192688576001004e+00
9.606349200496000051e+00
9.944296258870998884e+00
1.016213394686399951e+01
1.026000520958399953e+01
1.045148607063099888e+01
1.056543860518399924e+01
1.059069432979899972e+01
1.056818002809600010e+01
1.057170258385600015e+01
1.043079478833599971e+01
1.038577169555099999e+01
1.020243202779099967e+01
1.005870319719899975e+01
9.882998548604000177e+00
9.543010189999998616e+00
9.260233425215998793e+00
9.100355270075999314e+00
8.793719051100000073e+00
8.526347405823999637e+00
8.196545082199000021e+00
8.040127357790998630e+00
7.725079895670999619e+00
7.615364769903999687e+00
7.333955506044000039e+00
7.088198514236000669e+00
6.923502738523999334e+00
6.746190167974999596e+00
6.526563982704000288e+00
6.342840852143999619e+00
6.290483059356000162e+00
6.058713197471000456e+00
5.955740335536000352e+00
5.805984217070999875e+00
5.628228876678999626e+00
5.572981109319000481e+00
5.404677691324000222e+00
5.286722476283999939e+00
5.209136523710999889e+00
5.130492130683999896e+00
4.992225568071000374e+00
4.871190931630999366e+00
4.756741223438999633e+00
4.694549091099999849e+00
4.606919841318999786e+00
4.488734510843999992e+00
4.393076214151000691e+00
4.313772781558999903e+00
4.249372277500000017e+00
4.194634467100000208e+00
4.111165209774999774e+00
4.048792034471000001e+00
3.972093150711000220e+00
3.885279936896000041e+00
3.866641734631000471e+00
3.787037995591000072e+00
3.726592416816000064e+00
3.684534446683999764e+00
3.578025667196000015e+00
3.505851697776000364e+00
3.485008873600000001e+00
3.418149440924000082e+00
3.382565629974999766e+00
3.324620397499999935e+00
3.244738890774999884e+00
3.200251764955999612e+00
3.168450940400000082e+00
3.132619090043999854e+00
3.097540407899999959e+00
3.013017739963999908e+00
3.002599625790999927e+00
2.937070691975000258e+00
2.878875344764000310e+00
2.713027831675999924e+00
2.535949384315999922e+00
2.352398022896000196e+00
2.201071959999999716e+00
2.071680938775000147e+00
1.937154337755999878e+00
1.811763177884000209e+00
1.720470799374999915e+00
1.611584820775000093e+00
1.531460963478999959e+00
1.426918267190999901e+00
1.346883445590999928e+00
1.270155334230999911e+00
1.204161260955999957e+00
1.139132096310999875e+00
1.076130951319000051e+00
1.026536481276000057e+00
9.659139139840001720e-01
9.173058679000001270e-01
8.626338530390001980e-01
8.272671705440002299e-01
7.860437375000001170e-01
7.473919641909999578e-01
7.081448809749999462e-01
6.752340875909997875e-01
6.358308558039997838e-01
6.059494190559997495e-01
5.729519343999998071e-01
5.507450357189997980e-01
5.231447953759997826e-01
4.964326646359999429e-01
4.760095438999999429e-01
4.508521017910000483e-01
4.281190957110001527e-01
4.087286542040002302e-01
3.907544207960003124e-01
3.706967678040003489e-01
3.540968442390004522e-01
3.373478698240005569e-01
3.223095817750005754e-01
3.075644831190005868e-01
2.933568749750006255e-01
2.805996065760006375e-01
2.658813436440006228e-01
2.557722784640006353e-01
2.465678711590006400e-01
2.312471376000006240e-01
2.226333843750006036e-01
2.117169572790005838e-01
2.018634499040005970e-01
1.942791891590006093e-01
1.853027899750005203e-01
1.789682856960005397e-01
1.705625899910005183e-01
1.615337500000004756e-01
1.543503224390004869e-01
1.469066493750004754e-01
1.419621407840004346e-01
1.350334782790004184e-01
1.290725894790004102e-01
