1.180552917031893641e-02
1.283754990990342709e-02
1.142862383104246635e-02
1.176520566075078648e-02
1.357464629140289411e-02
1.369268068601986812e-02
1.267775386275047170e-02
1.493931266735690211e-02
1.264945983606572885e-02
1.300296884442387994e-02
1.283923140967034408e-02
1.344921704546701499e-02
1.468978242799952143e-02
1.434820025432002356e-02
1.341306946164950477e-02
1.527310441151220020e-02
1.417424011308511186e-02
1.457670047265735049e-02
1.440026861849420803e-02
1.628331850780290191e-02
1.605392551949544333e-02
1.557102787079964711e-02
1.470055486603244997e-02
1.650411909513738173e-02
1.495379873828641196e-02
1.603836725523317269e-02
1.584994744534160352e-02
1.545285723486298363e-02
1.682281237217179287e-02
1.560373132298894898e-02
1.585284069506973439e-02
1.600167609475605310e-02
1.415856952908079759e-02
1.497694874049591840e-02
1.734658246813427715e-02
1.700526998392315470e-02
1.641892438985275565e-02
1.589524041701458751e-02
1.336555412209339613e-02
1.657359632389020232e-02
1.564862317505641767e-02
1.697441527009220866e-02
1.700862981260225365e-02
1.665576488740190889e-02
1.824368270556256735e-02
1.911369984494692628e-02
1.804273722170895641e-02
1.704063774196774503e-02
1.703032643632834686e-02
1.868227907610328642e-02
1.898673583742509913e-02
1.976572019612038433e-02
1.700059940003191550e-02
1.584688202320133632e-02
1.806290554854473110e-02
2.147545892561323125e-02
1.674825334623123579e-02
2.003590080604337673e-02
1.775760581589525336e-02
1.930726184695569225e-02
1.960532106725876994e-02
1.990654735160990452e-02
1.720134930424966832e-02
1.869115487843479861e-02
1.727623939144495163e-02
1.991325206086555152e-02
1.734097003740488543e-02
1.839413005394671327e-02
2.002902710864367525e-02
1.932087966323873390e-02
1.987467151798651480e-02
1.956129372143392692e-02
1.667251878630137893e-02
1.676437511726075469e-02
2.132280563085246425e-02
1.834388179339249345e-02
1.912556380593968819e-02
1.809373956947287615e-02
2.005851613640334541e-02
1.928625877692903209e-02
2.110498552102102812e-02
1.740830121393233815e-02
2.217765131135237405e-02
1.846577877850865551e-02
1.971166762783475163e-02
1.988533891187983446e-02
2.086158426974233857e-02
2.016763944589372928e-02
2.113686368080510899e-02
2.084649785820842302e-02
1.952223445457856518e-02
2.408130656624186267e-02
2.496537163818098037e-02
2.192522487318215862e-02
2.402937907455459862e-02
2.134494988437246610e-02
1.997458976356453544e-02
2.361742840971289142e-02
2.563785615278799460e-02
2.099235576613689078e-02
2.460578277233702038e-02
2.185334976464488668e-02
2.262813367788013910e-02
2.339767453913318279e-02
2.282720197926410566e-02
2.174689452520224900e-02
2.311707175069778811e-02
2.615631379745595939e-02
2.122132730898792369e-02
2.315984565743425122e-02
2.297640023430136402e-02
2.507412739340902572e-02
2.597293616724676707e-02
2.778618318350199387e-02
2.543912499393844590e-02
2.642491629145256662e-02
2.831042022302452874e-02
2.859611292013314668e-02
2.396146747396823984e-02
2.798395410640732925e-02
2.708029660500859900e-02
3.047804954932066893e-02
2.818128821129026879e-02
2.951818628948334883e-02
3.050514007365318775e-02
2.712090115070059024e-02
2.897833633517512761e-02
2.899247405453267770e-02
3.509924888741816629e-02
2.663161111827839697e-02
3.080765982683006388e-02
2.854516743932504139e-02
3.258625252858465132e-02
3.549403704600568449e-02
3.165476333597534025e-02
3.156645104633543780e-02
3.403152253458613385e-02
3.869972626221265116e-02
3.576052981485495358e-02
3.627712074647914536e-02
4.109464932926583380e-02
3.992492850900052070e-02
4.156162349408956680e-02
4.353176879589313458e-02
4.765285965939396184e-02
4.592065661809856258e-02
4.861690309251014835e-02
5.149425512478786326e-02
5.007104907438936214e-02
5.445883022202670926e-02
5.505271412160752525e-02
6.299697825882204227e-02
4.753147290511933881e-02
5.824453270713499803e-02
5.310161459011859125e-02
5.438548997435683346e-02
6.208103277323572672e-02
5.845892298516740943e-02
5.545062181435943260e-02
6.234787436191873561e-02
6.194362595541879485e-02
6.305929268341935179e-02
7.186527239664997069e-02
6.246019072740988110e-02
7.521360768617280090e-02
7.013271510939765585e-02
6.847386514294732940e-02
6.567020328479233893e-02
7.092149083826691791e-02
5.271368434224440319e-02
6.242998324842097962e-02
5.401733094037719507e-02
4.855778712725398322e-02
4.146611746119160252e-02
4.568666010802500260e-02
4.000782163110799122e-02
3.744800089713561791e-02
3.767417037448319433e-02
3.592230064723578309e-02
3.638492648138349356e-02
3.255349518829610961e-02
3.454375356356581550e-02
3.019450379879511440e-02
2.738934978693216907e-02
2.998757877230111973e-02
2.602430448258378701e-02
2.765972709789004877e-02
2.592101581001332589e-02
2.380376055786941059e-02
2.390334251226614026e-02
2.483977927255903717e-02
2.329761833320444231e-02
2.420234083681149437e-02
2.234667557548751168e-02
2.226288940950462564e-02
2.238142980775968682e-02
2.271831752574514363e-02
2.129983569098213222e-02
2.092525444347006006e-02
1.892214596840064225e-02
1.967123303627742528e-02
2.056759285537035700e-02
1.844143128350322902e-02
2.084932219925752020e-02
1.786959257721776329e-02
1.962715470346391988e-02
1.568833722596381375e-02
1.826588364270394227e-02
1.753997760078090246e-02
1.623687239037402419e-02
1.706957295773336644e-02
1.585141200818198856e-02
1.613099408456668618e-02
1.505196649799317270e-02
1.677787523930407421e-02
1.587434926877844335e-02
1.472767346347793674e-02
1.388555346576876223e-02
1.539789800435942442e-02
1.366852085103363243e-02
1.291335905116192118e-02
1.342059089744448291e-02
1.329459286951700792e-02
1.068500334539496631e-02
1.118393716930281973e-02
1.019803297503928466e-02
9.972168236136622413e-03
9.371913629494348086e-03
8.308381024439636178e-03
8.293034326298969958e-03
7.224425156587017255e-03
6.819789864333865477e-03
7.126129702123786339e-03
6.564824725286435431e-03
5.901060998910526850e-03
5.311767605713718123e-03
5.384851637418912318e-03
4.774514219163666050e-03
4.864493665568502337e-03
5.131013821924514801e-03
4.156542969525920533e-03
4.217888866560721983e-03
3.515492297917995664e-03
3.629126782978764169e-03
4.124408122671923381e-03
3.764306896816652873e-03
3.170318670717164194e-03
3.412467637169707812e-03
2.972169536900083186e-03
2.680461879269798765e-03
2.730915900856588103e-03
2.207835225315671508e-03
2.387639746181605214e-03
2.206016322758561510e-03
2.105937574453510801e-03
1.876579898201850968e-03
2.105851054394026773e-03
1.683556916765921105e-03
1.754461044655478879e-03
1.722945167589606287e-03
1.591401194921348043e-03
1.661573659788320723e-03
1.589624003856482826e-03
1.289417432195472720e-03
1.358074546821763998e-03
1.291079457682159414e-03
1.348158411117926286e-03
1.198192129767641995e-03
1.264947731526416255e-03
1.224429648881182695e-03
9.875281750453700127e-04
9.593638855714790728e-04
9.956073587738490868e-04
8.756067655962140482e-04
9.438020446354825803e-04
8.538609502649198262e-04
8.212226583368692099e-04
9.127957857710030515e-04
7.938980311884075635e-04
7.388624176103596652e-04
7.463934806515974425e-04
