1.350272938540147613e-02
1.295869413076637493e-02
1.142124487361444347e-02
1.392243370847649590e-02
1.113181317796325953e-02
1.333173085008316182e-02
1.327581179903059537e-02
1.341922789649596139e-02
1.261553240779882817e-02
1.290720707317602294e-02
1.352337078752639983e-02
1.400298125513632641e-02
1.419915547564752287e-02
1.337411247540537182e-02
1.415067227984448742e-02
1.594699384620374555e-02
1.328107479106535073e-02
1.469162271224087359e-02
1.594934905018053142e-02
1.710915526875673304e-02
1.731675318282479073e-02
1.549836554250115343e-02
1.423162059567433489e-02
1.637315870062345038e-02
1.541028909176673720e-02
1.405896357739816298e-02
1.639649070264018529e-02
1.553624761774370644e-02
1.540443330658412650e-02
1.642201435438413529e-02
1.717387742315772126e-02
1.639897201578013886e-02
1.452316617312831605e-02
1.570691421385125505e-02
1.750936565792843638e-02
1.618770754552891281e-02
1.559767904023831586e-02
1.594132828471138755e-02
1.680330796367952850e-02
1.620422015328432802e-02
1.641133296000888211e-02
1.682994811672965801e-02
1.599114816263512082e-02
1.812450463798202793e-02
1.684891954445619580e-02
1.817049793047537110e-02
1.672141513832552454e-02
1.633861028128312867e-02
1.670629000663146138e-02
1.714466490543464783e-02
1.720757500683894534e-02
2.039043931162843465e-02
1.757831431649211143e-02
1.973581213325549533e-02
1.592523332033422834e-02
2.238027639520267370e-02
1.718813985081713361e-02
1.701035929646629169e-02
1.730979907109351720e-02
1.867602242911479971e-02
1.929590782179838732e-02
2.153870389360649715e-02
1.843702678239058507e-02
1.723124386639211802e-02
1.829410249415349549e-02
1.886174918408555293e-02
1.805454245015363640e-02
1.817387515530358155e-02
1.949223866517315815e-02
1.787362316265969989e-02
2.052659649681486120e-02
1.823394411235517223e-02
1.859143386905947812e-02
1.786761120263332878e-02
1.851562948163785680e-02
1.843818108051011040e-02
2.203413386582555797e-02
1.794883695705479579e-02
2.031649936472200088e-02
1.869369079901580036e-02
2.144052205910559200e-02
2.066399904675776319e-02
2.053446397356865905e-02
2.068407807605271778e-02
1.875582054964074902e-02
2.152166116326241843e-02
1.870993171967119326e-02
1.870416513608444062e-02
2.084110919186757394e-02
2.068132566301261396e-02
2.013506779795123589e-02
2.229818775786575336e-02
2.167467116662473089e-02
2.164465390153848603e-02
1.993351248952898724e-02
2.169276203157366120e-02
2.128524748794604834e-02
2.396929877992166544e-02
2.327594238848374950e-02
2.633283313112160656e-02
2.324182520334515389e-02
2.379834555157124207e-02
2.182899351835707047e-02
2.417298628421005180e-02
2.527472678525901489e-02
2.431245264259559655e-02
2.389724267714980060e-02
2.688250106209850304e-02
2.343878740780543091e-02
2.341165495960539217e-02
2.364922612342649361e-02
2.518031642915053575e-02
2.255903566419411796e-02
2.448857184715072174e-02
2.317670670548348938e-02
2.432187137147589703e-02
2.511062385739229116e-02
2.602679025233431767e-02
2.580890659397486186e-02
2.764103690712587172e-02
2.731844627730650732e-02
3.006522902975817396e-02
2.686339174787042913e-02
2.718969600619284416e-02
3.591555031009013160e-02
2.936365022889898813e-02
3.045068565769157992e-02
2.896633497583348676e-02
3.545678890168430658e-02
3.090346204606551558e-02
3.366411191766202626e-02
3.397445259691788538e-02
3.796360822100542515e-02
3.004612200052802010e-02
3.283335212758780458e-02
3.932236782515944468e-02
3.323777065883216225e-02
3.739340639366277308e-02
4.158187160963602164e-02
4.021920755584827006e-02
3.892505048434086179e-02
4.467231836973375309e-02
3.965012071467614863e-02
4.844529204123006194e-02
4.384813334581654648e-02
4.267163510412372990e-02
4.782931972165312129e-02
4.380415991496177525e-02
4.614448866876382643e-02
5.536321046788245104e-02
4.617837670397767491e-02
5.375422935683778214e-02
5.939474113981237091e-02
4.467834357706285814e-02
5.284555180088084531e-02
4.959715169505432564e-02
5.861728456347983091e-02
5.624600952976949175e-02
5.969437711238666233e-02
5.217817785102497191e-02
5.561814896866733304e-02
5.780845099305393503e-02
6.256808760520753132e-02
6.376059981950510380e-02
5.924220846044752492e-02
5.815135122794632544e-02
5.342034119678149701e-02
5.397422377739845289e-02
5.431288562740153869e-02
5.400417475985052479e-02
4.898059586927112907e-02
5.158904654756505531e-02
4.750821885041150300e-02
4.278520360532548500e-02
4.341826987448634684e-02
3.838799257590631842e-02
3.987578647256142389e-02
3.844859290387318135e-02
3.774756625809629063e-02
3.389904712796759645e-02
3.319572255620977658e-02
3.386019337622559605e-02
2.869747345471388919e-02
2.954109075509649129e-02
3.213495353170856689e-02
2.764303283748000689e-02
2.658540009733329282e-02
2.639365719306256339e-02
2.754483605379610608e-02
2.840695050457954507e-02
2.403093033101007941e-02
2.295195533873749250e-02
2.433890410938106472e-02
2.110417768054138193e-02
2.110011507677226131e-02
1.965707108070813280e-02
2.057309892889661040e-02
2.151270314335755260e-02
1.930942697971217703e-02
1.715644519692206132e-02
1.957910152651114524e-02
1.986170982649718142e-02
1.897518448563533314e-02
1.950170208916577122e-02
1.985352709934198184e-02
1.865926313137733841e-02
1.648133394951357966e-02
1.739774754044676533e-02
1.694716732838707010e-02
1.780055604932856070e-02
1.689698513918914263e-02
1.555095425011270710e-02
1.754250845746425230e-02
1.525960556886819114e-02
1.651111304555699655e-02
1.506838386653621201e-02
1.588315659489542009e-02
1.427697043399212516e-02
1.517976860322661076e-02
1.259014590963146440e-02
1.369201943599081955e-02
1.344288760336418732e-02
1.240161192790799165e-02
1.201146735791636631e-02
1.161407139771406839e-02
1.001208156858556832e-02
9.424164209010267926e-03
9.083861588564286216e-03
7.740948855780290482e-03
8.682883688813754913e-03
7.781610489324774713e-03
7.486832808460171761e-03
6.344748141815602545e-03
6.129303795623107336e-03
6.528065785782946086e-03
6.377033734404313238e-03
5.481295183189722683e-03
5.219167970295398966e-03
4.836852760363773672e-03
4.874760212584740293e-03
4.220675922149457610e-03
4.171281144466047405e-03
3.817489501259265731e-03
3.884913325197158519e-03
3.205437590212704014e-03
3.610066244831120104e-03
3.284029775859802994e-03
3.219060332049522577e-03
2.720777097160422247e-03
3.216550423984785093e-03
2.539923670674981617e-03
2.598539231392378319e-03
2.473697912281118665e-03
2.308726930195112437e-03
2.256777508768688378e-03
2.032300385827780654e-03
2.027324292577505679e-03
1.820972801498991437e-03
1.862681914197317819e-03
1.800240336459081342e-03
1.786255217674368378e-03
1.568257223645850088e-03
1.600292542188922569e-03
1.425213175862705302e-03
1.384402042078376228e-03
1.282420406069550859e-03
1.202996352503917562e-03
1.199148974443199882e-03
1.242795995550430603e-03
1.185618161857370217e-03
1.009616716755861983e-03
1.078584595575186227e-03
9.790928580189154490e-04
9.284841262790210223e-04
9.524638832595827337e-04
8.284737704187237518e-04
7.738112012465150121e-04
7.921692495440629421e-04
7.510822758032429042e-04
6.669981163235250577e-04
6.984646657892400233e-04
