1.234547321189473183e-02
1.171403732170716618e-02
1.431647337790266372e-02
1.261364156605637200e-02
1.199515499492508422e-02
1.325020097469579126e-02
1.418375839755603093e-02
1.178113834045402090e-02
1.346327748993736764e-02
1.471718571376668533e-02
1.390688298949274010e-02
1.377224946246038279e-02
1.439176848274234533e-02
1.380644212263243582e-02
1.323721574201289393e-02
1.504427918751158680e-02
1.399356836482381489e-02
1.455459965397276970e-02
1.465022394860346702e-02
1.375649669351992552e-02
1.523663982857808089e-02
1.569750500684958389e-02
1.481102526622246965e-02
1.630063019335711502e-02
1.468048963509589050e-02
1.493393823305203851e-02
1.574170356974651311e-02
1.607545895921004553e-02
1.436645499557276905e-02
1.781044298871773540e-02
1.581589963963424272e-02
1.478465546954784056e-02
1.573002913281364851e-02
1.584929183474164879e-02
1.699501662013952474e-02
1.622125560469942634e-02
1.631233668014384769e-02
1.603232125846884917e-02
1.614829704982594788e-02
1.686364182633796893e-02
1.721095087667456544e-02
1.884240894303045033e-02
1.534678461282004518e-02
1.575718236273768516e-02
1.798917658142715897e-02
1.703264447684358154e-02
1.996179025759002579e-02
1.706471165970784715e-02
1.630429768307793681e-02
1.643601165602462041e-02
1.640915991690368794e-02
1.678535429286060962e-02
1.762270459989387361e-02
1.914068262123955894e-02
1.839870832943089896e-02
1.970420776683812214e-02
1.780828814820232739e-02
1.791827412172261255e-02
2.156381039001482869e-02
1.844407127493857129e-02
1.779811287609285933e-02
1.887570676378141563e-02
1.817176886126591756e-02
1.911617282127634973e-02
1.752825124741564169e-02
1.951772823668542628e-02
1.806859347654933903e-02
1.908840375936310049e-02
1.957283691083295044e-02
2.076932689839647642e-02
1.827534826906071150e-02
1.689166232569519477e-02
1.929529897343056077e-02
1.713025280365941885e-02
1.749353854000493605e-02
1.923430851477516551e-02
1.829862084559823882e-02
1.925432384601453648e-02
1.888395350157727470e-02
1.995648044828735729e-02
2.096240402106625683e-02
2.033501594600100118e-02
1.946739126246092855e-02
2.026157427152466828e-02
1.967398027257018234e-02
2.177189817671849534e-02
2.427533729958211012e-02
2.269637858495188870e-02
2.113424544417565401e-02
2.124942374920379268e-02
1.961117160824155450e-02
1.978735875883297010e-02
2.227921184426307627e-02
2.181020987211696946e-02
2.111341481578721951e-02
2.222626306929388965e-02
2.269336778424952891e-02
2.298179309879259599e-02
2.292805639158631767e-02
1.979000384798333331e-02
2.159219739880697056e-02
2.421486202893453898e-02
2.440750453464890848e-02
2.277551887624768359e-02
2.250091620847618698e-02
2.373361538823072839e-02
2.608650074093695967e-02
2.563909958873166611e-02
2.974587490771478382e-02
2.491523892443549618e-02
2.637440746181837076e-02
2.696408016227536120e-02
2.511341867303257258e-02
2.520525158953199410e-02
2.517749116289344155e-02
2.630023498723110115e-02
2.648204754300813660e-02
2.680050068902552207e-02
2.584015183825326412e-02
2.699148509504164031e-02
2.773082431811911899e-02
3.017667873265998668e-02
2.861088454878042003e-02
3.097313524874508589e-02
3.045071777981472883e-02
3.250929800905404121e-02
2.903121995134543346e-02
3.114266158140342744e-02
3.802302597165514719e-02
3.504457909905782376e-02
3.327037096671559696e-02
3.301524738993731611e-02
3.647570019287885851e-02
4.309470694368601473e-02
4.032009851600853317e-02
3.688214914303819536e-02
3.899062282932700546e-02
3.890951028002873763e-02
4.110286231407405538e-02
3.746800069808762373e-02
3.912790197162693134e-02
4.059859632185492534e-02
4.054719291144053689e-02
4.152943414513030757e-02
4.293718291529522585e-02
4.062178553657285612e-02
4.222109443685369973e-02
4.524607732451373793e-02
4.168310910918892470e-02
4.152294233112347605e-02
4.168964925611844119e-02
5.106421905277670759e-02
4.751818890312239918e-02
4.378634364627145836e-02
4.621293514063325863e-02
4.401491343195872846e-02
4.756559798962510521e-02
4.941099277366847037e-02
5.080002720064236144e-02
5.785837087496764619e-02
4.696005033737223056e-02
5.550772813158824648e-02
5.015479535910646880e-02
4.835572494542748206e-02
5.178700649811046608e-02
4.515121352190279436e-02
5.076386560654502778e-02
4.677935465078630201e-02
4.792493140997149820e-02
4.018419247100616515e-02
4.774742723422269186e-02
4.313025473738133636e-02
4.248323824111079755e-02
4.157398359881266797e-02
3.829839957198526851e-02
3.897307389621836038e-02
3.684903910878768729e-02
3.459958643322725430e-02
3.619472885765165349e-02
3.427301513132524624e-02
3.807917966072950355e-02
3.025235693985465352e-02
2.737235777878437026e-02
3.135356284997768694e-02
3.002845114102164689e-02
2.975648597573730611e-02
3.069719045171880739e-02
2.676744057606644453e-02
2.615903725862563436e-02
2.902800220277439169e-02
2.705714715654361155e-02
2.639220944770936592e-02
2.665664427952224580e-02
2.285328674545808111e-02
2.781758959092761607e-02
2.349337860196705138e-02
2.477423349252357715e-02
2.061170906564945698e-02
2.030753431146892912e-02
2.259442855207986073e-02
1.950875021412147581e-02
2.042746423607274403e-02
2.024950969280084681e-02
1.960873788824042674e-02
1.761622579267084487e-02
1.938314152969297308e-02
1.955370135950673660e-02
1.870685758947402896e-02
1.756686793043359118e-02
1.679043680662413093e-02
1.580843683791335538e-02
1.587651475296951789e-02
1.895306149432024467e-02
1.627435296140872234e-02
1.567701131569921441e-02
1.680024235621393677e-02
1.510672078688684965e-02
1.400932574559321693e-02
1.441715229410340908e-02
1.564627846252271415e-02
1.474399882554842944e-02
1.364646386897946234e-02
1.257494889685581776e-02
1.210092737550464044e-02
1.301246404843706822e-02
1.168095862162313314e-02
9.582779655334662874e-03
8.663448621186750284e-03
8.378246840048250363e-03
7.570854450950637200e-03
7.071367143081747249e-03
7.563615714418629385e-03
6.545577876729180046e-03
6.565669923548227149e-03
6.585757257229579893e-03
6.581452558721750945e-03
5.552015517258271360e-03
4.808562828851384828e-03
5.022046034452761452e-03
4.165084906682659828e-03
4.535948772517854957e-03
4.337827390202223660e-03
4.135029257749424370e-03
3.254573257844803856e-03
3.577109572967382932e-03
3.186938073640158478e-03
3.238694450186424892e-03
3.066797300913139904e-03
2.662909845071165151e-03
3.071849039557599578e-03
2.732580989485869187e-03
2.634792716980274146e-03
2.370213728031834392e-03
2.499949973304588843e-03
2.160204070965954237e-03
2.317013742677035033e-03
2.167004429618717490e-03
2.060107303558395692e-03
1.741867353244109986e-03
1.873119655295333967e-03
1.650515045206590826e-03
1.747356145856217118e-03
1.388948201253236824e-03
1.377997666138898762e-03
1.380698187251464199e-03
1.460745655313068405e-03
1.278221447804954317e-03
1.335650880964465948e-03
1.167406054009610108e-03
1.134248695848872907e-03
1.068888116493608856e-03
1.099599454940824311e-03
9.970694083130131249e-04
1.022064084722913409e-03
9.336965817654562568e-04
8.973967215135216294e-04
8.926864125337085395e-04
8.217067403865265657e-04
7.540521408493563310e-04
7.132500720693748988e-04
7.121573654829633842e-04
