1.234805158120963128e-02
1.096715805407874611e-02
1.315997661488023038e-02
1.253532876616072350e-02
1.166861866240898916e-02
1.327135775270547186e-02
1.262177232166595241e-02
1.316611656972959538e-02
1.327519483607251388e-02
1.513797280223217780e-02
1.341973877944589028e-02
1.367740297624277582e-02
1.664897814582504479e-02
1.426608710073534042e-02
1.384841480690625522e-02
1.572166955558450263e-02
1.665788334086334629e-02
1.443305886193021331e-02
1.459308424010560996e-02
1.567220838852640893e-02
1.632846821297772102e-02
1.604381838065068941e-02
1.807904440049790118e-02
1.751266518535227537e-02
1.625306663079642902e-02
1.499131620041885792e-02
1.632899024893362874e-02
1.493233767720190779e-02
1.748173560080382161e-02
1.522223532495615983e-02
1.555047912400409939e-02
1.641410985348156978e-02
1.545925519849660444e-02
1.721936927790953392e-02
1.657463051050973857e-02
1.548551768266344560e-02
1.556395486529785731e-02
1.599405900847095802e-02
1.671856023115292009e-02
1.618424608440039228e-02
1.672195489167377369e-02
1.663278458448833388e-02
1.720031016349465869e-02
1.751834314826980835e-02
1.652299502747607909e-02
1.584059991989600000e-02
1.791444407801650804e-02
1.861871817473846613e-02
1.892178292383285554e-02
1.745020987714240510e-02
1.636912920609530017e-02
1.707781944745888347e-02
1.790705111489346996e-02
1.707089272003966748e-02
1.567050985427442811e-02
1.636510877648374856e-02
1.682176891575926439e-02
1.880199790304228069e-02
2.012023895547740415e-02
2.142769730045215523e-02
1.680669357358136398e-02
1.677314763448015111e-02
1.854059819015148672e-02
1.735729294780213525e-02
1.902137581418722814e-02
1.841020704761543725e-02
1.912032237790382838e-02
1.982491398560808082e-02
1.756718112840403509e-02
1.649645541820263933e-02
1.940608529510127328e-02
1.956723147265958945e-02
1.836047741823540816e-02
1.965093512503745393e-02
2.070362462597844649e-02
1.959921201724093218e-02
1.932871950235190081e-02
2.065387886792266134e-02
1.706677430092639822e-02
1.983520723815606832e-02
2.495156937718607040e-02
2.013331118542094691e-02
2.288675111918905478e-02
2.243394302026448239e-02
2.140663448016792009e-02
2.187500248784529297e-02
2.393568664937438528e-02
2.297104169147778929e-02
2.148960346381341424e-02
2.401912669571631964e-02
2.395032801498146041e-02
2.274811083395977124e-02
2.164478507495690152e-02
2.473229724929492182e-02
2.345055797771474285e-02
2.360766513960330798e-02
2.144229871874234541e-02
2.652663501237818161e-02
2.364237667403246493e-02
2.411563839171636942e-02
2.646924469246544898e-02
2.372869470008839507e-02
2.565216639311862848e-02
2.439348003849903246e-02
2.679342414200727024e-02
2.744192787956653209e-02
2.307288429091317733e-02
3.031993943602958805e-02
2.881313138300137591e-02
2.790611469150291665e-02
2.884691994668514559e-02
3.661993044021820409e-02
2.572166260692588038e-02
3.026417976213133590e-02
3.421884259638973552e-02
3.151990818618231882e-02
3.102772356003485540e-02
3.271677598489931837e-02
3.262089097744436811e-02
3.440644846107016736e-02
3.369647045872872088e-02
3.208050116430113952e-02
3.240311054905167798e-02
3.828825749848971394e-02
3.886327818002332374e-02
3.623598969477580256e-02
3.318425925514335850e-02
3.423647448928320014e-02
3.533552488017988741e-02
3.515969235830226913e-02
3.521386727825024515e-02
4.389562510233446097e-02
4.247053342869089310e-02
3.143491721896178592e-02
3.639519712510471544e-02
3.660842192657105809e-02
3.666084295640080482e-02
3.654284200983104469e-02
3.673125323718443025e-02
3.859598738667195661e-02
3.859016739577248584e-02
4.483262407670716293e-02
3.954115148034755695e-02
4.071373405244957389e-02
4.304254159892893089e-02
3.857733655523149646e-02
4.011032526883769739e-02
3.817599579537339638e-02
4.417933591820759343e-02
4.399847052698467598e-02
4.049366058800909357e-02
3.930197228541794374e-02
3.734349850221201084e-02
4.500539469410137772e-02
3.725895019225245602e-02
3.965404262303261207e-02
4.094864721041621691e-02
4.185728967101956521e-02
4.151314494306349717e-02
3.853037497570226816e-02
3.577446352462370499e-02
4.036042312444210883e-02
3.344782834465984817e-02
3.571438551905648656e-02
4.408432178144233715e-02
3.947577447218320046e-02
3.841125452822927860e-02
3.582298142924118106e-02
3.740517116513680795e-02
3.975694597915952616e-02
3.895305523780432516e-02
3.657716741956430762e-02
3.816014168303746845e-02
3.720205724591665181e-02
3.365412214512028544e-02
3.854388888336490737e-02
3.322542992594280237e-02
3.671400495077468962e-02
2.942695879648008633e-02
3.283436232122562831e-02
3.143108896543917591e-02
3.029327265209867323e-02
2.938689404720336643e-02
2.774840147724247363e-02
2.909149545252441571e-02
3.187687044094116018e-02
2.876691840238657788e-02
2.923273065899710879e-02
2.573000312720656255e-02
2.822877136444355145e-02
2.614776362418268565e-02
2.715255697839473112e-02
2.476469131487384415e-02
2.650478575197456194e-02
2.406509569461545359e-02
2.495144526169196936e-02
2.324347011144763456e-02
2.237737237096826606e-02
2.239795480833033786e-02
2.225123065833638572e-02
2.438626090383224851e-02
2.266555615692700601e-02
2.062771936796705535e-02
1.768486531073640636e-02
1.898274253632933548e-02
2.003568520483364063e-02
1.881524518431567164e-02
2.115674025956266677e-02
1.637954266390613881e-02
1.734376554221473896e-02
1.765146139102958048e-02
1.939348863320861441e-02
1.696647642370389605e-02
1.568854397348934046e-02
1.594254533589268760e-02
1.699964237244585424e-02
1.707407281362968363e-02
1.564747743490845291e-02
1.437432321588267246e-02
1.540606832842979917e-02
1.490133347937928898e-02
1.511215534831373240e-02
1.242698032843267755e-02
1.230903846324173274e-02
1.091640131969012426e-02
1.106105698265433257e-02
9.902150240328326872e-03
8.414937286506884995e-03
9.557892761483065963e-03
9.932715092011617022e-03
8.182146339754494888e-03
7.345281633093281304e-03
7.629232908868719548e-03
6.752473369319878654e-03
7.351805269522466296e-03
5.524000141110761361e-03
5.546256581783701352e-03
6.074539010588454052e-03
5.337272668745537789e-03
5.255766590594495441e-03
4.888532072176966781e-03
4.115761627871934898e-03
3.819055485571348340e-03
3.759215220474194236e-03
3.868483776476005272e-03
3.945814994938471633e-03
3.808076327695185739e-03
3.543216037593141781e-03
3.226094433129781270e-03
3.119615875009467288e-03
3.051147819959809399e-03
2.801547718644290929e-03
2.926058032742972007e-03
2.520849142811821316e-03
2.225320066866953630e-03
2.374695312586303647e-03
2.318726842049687910e-03
2.106460445897450576e-03
2.040786673946474745e-03
1.990304892592303920e-03
1.757277617239514939e-03
1.618575429649052582e-03
1.959772597838830774e-03
1.723692062901211993e-03
1.495242776911113276e-03
1.454193227275907621e-03
1.447936071425764970e-03
1.375489970012705497e-03
1.282144935966620432e-03
1.426218598730856274e-03
1.176013999170541502e-03
1.230577041419663765e-03
1.196118898671418886e-03
1.317143760008197655e-03
1.068080088228646942e-03
1.010686457958601169e-03
9.915136685008569574e-04
1.003685267367623738e-03
1.011944254930368780e-03
8.953019096229930703e-04
8.383846490838555267e-04
