1.286366511399020425e-02
1.233325367665400948e-02
1.306375226401756962e-02
1.394710449229282466e-02
1.293668552503877446e-02
1.327604613997792303e-02
1.252105123099375543e-02
1.241556406695068157e-02
1.369864254238139546e-02
1.244858635046261659e-02
1.376493392141086430e-02
1.321227548871795401e-02
1.596134691665461458e-02
1.451399901912713009e-02
1.415264034963614227e-02
1.396437671911230326e-02
1.630289331421759524e-02
1.393657877828291362e-02
1.604718595060304620e-02
1.542537021912148733e-02
1.863142945120968910e-02
1.788593059702094090e-02
1.762595096213509516e-02
1.685710532367346026e-02
1.763071979064494837e-02
1.599540595520114461e-02
1.655944259335125068e-02
1.856557508403916534e-02
1.815577303086875552e-02
2.065916145747556318e-02
1.755574634572665618e-02
2.060080450180104203e-02
1.652064820789949512e-02
1.919314200091839367e-02
1.698851462982356106e-02
1.697883069492303609e-02
1.837418552746350117e-02
1.859089230029626130e-02
1.751499592183815637e-02
1.817037568675670609e-02
1.796899248748461478e-02
1.779124121159239916e-02
1.920043378049340888e-02
2.114648681716208012e-02
1.875970842436159788e-02
1.899457116640764290e-02
1.968020403586788480e-02
1.944128507283523696e-02
2.305794017103318314e-02
2.027722895634661085e-02
2.241468425245795454e-02
1.998164094605708874e-02
2.053255960782444586e-02
1.987846625555813804e-02
2.117326220620695601e-02
2.168173503731231702e-02
2.181669744977904682e-02
2.189449093241604277e-02
2.606076847524441825e-02
2.551386125195026847e-02
2.432662478794521063e-02
2.068661874084811586e-02
2.140888170447097227e-02
2.050191583263509532e-02
2.170170378476818027e-02
2.200057667704278380e-02
2.394288428146363126e-02
2.303692047149896033e-02
2.503358174867923239e-02
2.547133498423312381e-02
2.439950609969736978e-02
2.774373240674480462e-02
2.633791745163039516e-02
2.460937705948813142e-02
2.691120303654745416e-02
2.513012272664127619e-02
2.469638525191878917e-02
2.555655765455256551e-02
2.562911543141970297e-02
2.561265517627421204e-02
2.586402965627210629e-02
2.691727918739827974e-02
2.986772403006066751e-02
2.888637081594220071e-02
2.517948421440820497e-02
2.515323536360514894e-02
2.783063276102766201e-02
2.549682157898366594e-02
3.041328943870843030e-02
2.754589795034307481e-02
2.648578355345917318e-02
2.643706223266547445e-02
3.204321064877249658e-02
3.032929775794896907e-02
3.075984545049796279e-02
2.886978387541778296e-02
2.916429467009195448e-02
3.084032607062424380e-02
3.725228314017300230e-02
2.979921809705213948e-02
3.304298182169026349e-02
3.016135663113871448e-02
2.717674729702483638e-02
3.238080137069885428e-02
3.265614791212521212e-02
2.866349732006783640e-02
3.124811878506974366e-02
2.975360480149962655e-02
3.353959578310587025e-02
2.868056952047677924e-02
2.907525992053445335e-02
3.109696452975542480e-02
3.072288174407407715e-02
3.110299920790124059e-02
3.162352060476367882e-02
3.303519064826047208e-02
3.105423108029776308e-02
3.112247800530652114e-02
3.117496131828026776e-02
2.938030177379532745e-02
2.934406156551522954e-02
2.717168849058631402e-02
3.162746509138606582e-02
3.162108624531093093e-02
2.874694888063950363e-02
3.183788942763845359e-02
3.322879674628178431e-02
3.036047713479760740e-02
3.053897365930726901e-02
3.069180090387726295e-02
3.024124140230414343e-02
3.066612681833702156e-02
2.961084017415746561e-02
3.324088551668345076e-02
2.809089083278077520e-02
3.080932794172199993e-02
3.145426839996205703e-02
3.018827554674041735e-02
3.079659866995516221e-02
3.201376824283372335e-02
3.389443853317342797e-02
3.047450186445213247e-02
3.182814344547987839e-02
3.146244396928695591e-02
3.023011040261132723e-02
2.982066284483219157e-02
3.387356105303804266e-02
2.816072133540282671e-02
3.172190051688096590e-02
3.650792465776829532e-02
3.162302382989945482e-02
3.007949976976068834e-02
3.110901239772102117e-02
2.936785213583438872e-02
2.977685177668749211e-02
2.719280302168052693e-02
2.755663981299820778e-02
3.150885511603099959e-02
3.147469900904593249e-02
2.875978747321500037e-02
2.997164388933140633e-02
3.122068452545365483e-02
2.835134366486688484e-02
3.252364573959390381e-02
2.718285356309109446e-02
2.991530169886502666e-02
3.050828409901340521e-02
2.947684596764409831e-02
3.520906023139244723e-02
2.693023116686074289e-02
2.696820166558827614e-02
2.581587519310462459e-02
3.179664621792144263e-02
2.724746431947808537e-02
2.667506479167322184e-02
2.582230000795250960e-02
2.635975909401988213e-02
2.800589612023486955e-02
2.500337683139449915e-02
2.689037525093858003e-02
2.534654954195735693e-02
2.580327090187180955e-02
2.328178190029276881e-02
2.636776538898177522e-02
2.867841767488010091e-02
2.766108735409536154e-02
2.315106352454283228e-02
2.264991611578117195e-02
2.413324843582565632e-02
2.399392719903056109e-02
2.333606884904636594e-02
2.472994753879550339e-02
2.271704215595058904e-02
2.300074078695011140e-02
2.118091257303898051e-02
2.432726110247977400e-02
2.220013416306501272e-02
2.365516938167709984e-02
2.485217745678861001e-02
2.020050521611661473e-02
2.022715355784309582e-02
2.092783651224803046e-02
2.230848727185293784e-02
2.092505717079801500e-02
1.781444127096979205e-02
2.190639732772918166e-02
2.067615184653058547e-02
1.963647266349461545e-02
1.954916666499497205e-02
2.387957275474949376e-02
1.575488707324423573e-02
1.840568538245481237e-02
1.789211794122466670e-02
1.792567271396621267e-02
2.188014056852701297e-02
1.998664165086495512e-02
1.826725528203573465e-02
1.697682805575333881e-02
2.074933253338483857e-02
1.626154734153988785e-02
1.795706701992630036e-02
1.753765728982427385e-02
1.446805933247625152e-02
1.361750466122358186e-02
1.173148778849671635e-02
1.179394760900599921e-02
1.099055457128524094e-02
1.079120108559332783e-02
1.132599627611254392e-02
9.156614012440207270e-03
9.623657830732530380e-03
9.829544491602938000e-03
9.066431737640427702e-03
8.079530520494803206e-03
7.622235524592782183e-03
6.463515846455600462e-03
6.693670770219032305e-03
6.876817323755160180e-03
5.995208995090999318e-03
5.869107365733038616e-03
5.402086843365201847e-03
5.473749931082912135e-03
5.149701488534790331e-03
4.366068414199477526e-03
4.283322785136740342e-03
4.524615157824003059e-03
4.451629349951208119e-03
5.079919993421114048e-03
3.967042267384929786e-03
3.669394968760481858e-03
3.577033765995084064e-03
3.732563633298336889e-03
3.342836533385486458e-03
3.153846446675904677e-03
3.252094459917401550e-03
2.938843547759378231e-03
2.731610176855739456e-03
2.584439679808247462e-03
2.522037023239059959e-03
3.080641438677736779e-03
2.292679647506269246e-03
2.412789345973219077e-03
2.561313986084336105e-03
2.488087955272853813e-03
2.375680995506894173e-03
2.201325254445706762e-03
2.066601270140745652e-03
2.450682696538505727e-03
1.823478407763182933e-03
2.085795887578122641e-03
1.753032306783796354e-03
1.636547037394798110e-03
1.649652108313928722e-03
1.549681859117191252e-03
1.495906090199425591e-03
1.666371083568908996e-03
1.566289925966333997e-03
1.387911809166090821e-03
1.467141231636726875e-03
1.363754206420361714e-03
1.324677038945845696e-03
