1.142146258314556337e-02
1.258132355030420688e-02
1.236094833201144445e-02
1.225331175108053915e-02
1.214260830929050385e-02
1.244908907967834898e-02
1.217699813028360473e-02
1.292681809436462340e-02
1.303513235899453858e-02
1.391207316611282885e-02
1.435054033872781680e-02
1.414929516004860034e-02
1.622030134377087235e-02
1.447542555263482168e-02
1.414841884616554156e-02
1.423933957965194119e-02
1.712544645378661842e-02
1.500712408612206276e-02
1.560460807037390707e-02
1.634375406120478977e-02
1.970494263579291097e-02
1.739638452483680681e-02
1.789492739610737751e-02
1.837780637159618091e-02
1.595923303578856284e-02
1.778488796593021698e-02
1.522939119436440836e-02
1.775126781106289853e-02
1.690178530626041190e-02
1.852004628778982503e-02
1.672209500984480138e-02
1.917986967158819347e-02
1.781716083259091490e-02
1.786576747174921723e-02
1.884930804833482090e-02
1.854518538179299528e-02
1.910514976132263176e-02
1.910845718429545620e-02
1.706092196430522914e-02
1.750860863249227919e-02
1.850443495979860881e-02
1.911965311171087353e-02
1.786668713432066832e-02
2.004740644608761849e-02
1.977422282186057020e-02
1.848977084010568900e-02
2.267599210823471184e-02
1.983911991505328196e-02
1.967933681081323466e-02
1.920822496421221298e-02
2.187685789087089397e-02
1.943360988415525695e-02
1.953535492018236217e-02
2.243181657261842168e-02
2.040001459346871271e-02
2.367901813534576891e-02
2.316435382622493780e-02
2.325049940641900348e-02
2.531941673576853721e-02
2.290595327766074135e-02
2.309959357213304393e-02
2.201888936585189374e-02
2.221345052184274180e-02
2.127349621767634508e-02
2.177862720039948005e-02
2.346902752617481547e-02
2.323110917668724101e-02
2.660316390434374484e-02
2.530414535915265564e-02
2.496348185890367305e-02
2.319870358142038166e-02
2.639908396357189962e-02
3.026789062547614526e-02
2.275340302442404455e-02
2.845598669105248169e-02
2.645236459038042068e-02
2.394766775957144628e-02
2.607381933330336216e-02
2.501278383451880499e-02
2.708471107892701860e-02
2.841390485153322265e-02
2.724013929513480203e-02
2.783886656948280497e-02
2.771154093581703476e-02
2.886157217307513609e-02
2.585869691075355983e-02
2.715225294542042075e-02
2.774418803555065566e-02
2.682280208725559140e-02
2.575527692981191552e-02
2.725988132547610757e-02
2.557581860920473196e-02
3.031718137234872337e-02
2.777325282052052133e-02
2.948144646793315199e-02
3.080638693041688747e-02
2.911898108837349813e-02
2.897170220986413844e-02
3.045909374744767278e-02
2.993864825077053454e-02
3.478546699616687915e-02
2.635944116789578143e-02
2.753448440415834017e-02
3.792155236419654518e-02
2.948330901818349906e-02
2.962292904327177082e-02
3.190996838351659037e-02
3.150353871865633343e-02
3.309380810172154325e-02
2.801320409704257872e-02
3.193155375800939971e-02
3.014487216078407666e-02
2.985393172590709854e-02
3.179879136952787344e-02
2.995394090424264091e-02
3.211493832621666045e-02
3.627978732278127477e-02
3.191406238439616072e-02
3.378980611390014488e-02
2.911653853090698241e-02
3.030919991726943596e-02
2.794327020241781090e-02
3.268699673009423101e-02
3.305770704582622344e-02
3.256309329553556259e-02
3.100064727022756872e-02
3.172747652696768922e-02
2.814746652757934078e-02
3.016645689201086222e-02
3.104570440909645498e-02
3.058359773660834086e-02
3.181235329898077224e-02
3.144419793034253230e-02
3.255906669748091092e-02
2.811643974720159575e-02
3.109507407767281295e-02
3.740424974945865538e-02
3.062333447969074751e-02
3.223169677219723389e-02
3.130944105517586423e-02
3.218144515751098639e-02
2.915043991361518025e-02
2.973821836585913841e-02
2.847691548864228483e-02
3.015173138610062475e-02
3.086912282341125469e-02
2.970833797925466480e-02
2.870537269717392259e-02
3.419263695256454655e-02
3.308188264676765328e-02
3.008088119964527976e-02
3.173247967843854239e-02
3.306856542712475339e-02
3.244589298702030972e-02
3.119350896316226002e-02
2.988652686832093258e-02
2.890763036522942669e-02
2.915664842184411895e-02
2.917706489963291586e-02
2.728038978344498461e-02
3.059632016957958972e-02
2.741914372187246457e-02
2.815636536063255424e-02
2.774473730649059874e-02
3.014386535940890427e-02
2.981390358533327761e-02
2.653626264790387781e-02
2.769912197326889272e-02
3.217863986636704948e-02
2.612748111932139405e-02
2.921523841476678790e-02
2.442141280033773704e-02
3.060333201436253939e-02
2.676339265490191785e-02
2.819486279066971482e-02
2.560299284387373628e-02
2.782203354619938382e-02
2.689366634665671038e-02
2.563107725943351151e-02
2.412728667679829575e-02
2.755172819364335585e-02
2.694109137896699008e-02
2.442998626760689226e-02
2.516629111625588375e-02
2.418295851701463342e-02
2.706858767367437482e-02
2.379318526597866412e-02
2.448277656562530477e-02
2.238414191177509963e-02
2.336143453985523727e-02
2.197909839235155996e-02
2.317198051567856062e-02
2.191060342295883534e-02
2.181769281538789573e-02
2.295849062363383708e-02
2.384651624096674125e-02
2.084735462029398134e-02
2.454553746313782939e-02
2.448547822757164011e-02
2.087635479633666302e-02
2.071938791705087504e-02
1.999894454410383951e-02
2.192680529181950666e-02
2.271217078584861909e-02
1.854889671800700676e-02
2.437291210836119854e-02
2.007093701954723586e-02
2.045251902706014813e-02
1.887333830091107029e-02
2.393098503099470864e-02
1.881582619084406355e-02
2.123763909310875941e-02
1.771121620827822291e-02
1.887174972441610019e-02
2.033374344726388699e-02
1.787048681462632960e-02
1.834348697244433252e-02
1.681684924229040826e-02
1.976285061102831322e-02
1.727959670042309576e-02
1.613533771524436680e-02
1.506116054715535627e-02
1.464320102712448994e-02
1.328352825208210450e-02
1.262401854500753637e-02
1.121400515033097942e-02
1.106742505037325297e-02
1.174903271181199603e-02
1.059332211388399302e-02
9.039967480610386005e-03
8.529560837083479188e-03
1.099618649767731757e-02
8.541019726342195112e-03
7.255286228706401587e-03
7.691883294117561956e-03
6.620553212739662199e-03
7.047975506662779166e-03
7.050189084553053036e-03
6.615477057654903237e-03
6.009807267333472022e-03
5.261069029668524744e-03
5.589059914700659354e-03
5.301733895830538536e-03
4.346352235819694876e-03
4.785700183615424451e-03
4.571623406788739331e-03
4.197437846418863860e-03
5.028300963681242748e-03
3.716535146890815895e-03
3.708712577813370360e-03
3.459162816885012759e-03
3.637659680098048742e-03
3.334306730021449963e-03
2.804091815180155024e-03
3.273304322897586157e-03
2.851367311253169556e-03
2.737919759760019337e-03
2.685811857142898079e-03
2.604436530646777725e-03
2.664610698646672615e-03
2.281445149435769749e-03
2.459193735643639030e-03
2.800323288307756536e-03
2.198639988987706895e-03
2.157034095576961658e-03
2.308308400913481901e-03
1.902933679421798868e-03
2.041430200998770907e-03
1.798936367783917798e-03
1.933323882147938060e-03
1.674841924131348098e-03
1.786790020960782061e-03
1.672797758067780163e-03
1.472933381963331461e-03
1.487029086725698626e-03
1.717478064961319240e-03
1.616677969111251926e-03
1.375087478865475365e-03
1.422988990269830143e-03
1.346984925425358812e-03
1.291039367731780041e-03
