3.584766130081019496e-04
3.653356021685256528e-04
3.720726104200810028e-04
3.384076302185933904e-04
3.811867525017275347e-04
3.980382595569882339e-04
4.079160935383671855e-04
4.612192074127541438e-04
4.138244039776026455e-04
3.955209907934464269e-04
4.506789610527108664e-04
4.648819741824086207e-04
4.083608633082047904e-04
4.578215030287952330e-04
4.106892792885997860e-04
5.167059303649693168e-04
4.446586223890630954e-04
4.902948402177383265e-04
4.913307355489789302e-04
4.986302471369855873e-04
5.951244279568071883e-04
5.712586401896151307e-04
5.327359620245467227e-04
6.278673962636023868e-04
5.578117602189104629e-04
5.549278212419299101e-04
5.549455923985485576e-04
5.306922166872170320e-04
6.053626846738996295e-04
5.941123036733700260e-04
6.231636648366837899e-04
5.097464126031951486e-04
5.567637700707564518e-04
5.714815500739675895e-04
5.755862084750269564e-04
5.469551742520326271e-04
5.916114748345392260e-04
5.375291454542400387e-04
7.017892289342347141e-04
5.675894311508294108e-04
6.987177046311342146e-04
5.912808773370565370e-04
6.353585249559587323e-04
6.531674477464023080e-04
6.038400306734966394e-04
7.246349666958685782e-04
6.521513438115788272e-04
7.009904214107250770e-04
6.295045424788603579e-04
6.440908269499864012e-04
6.532497178107321383e-04
6.528212647274061640e-04
6.626761478870784065e-04
6.251152469289600073e-04
6.218644625962639963e-04
6.338438625970141448e-04
7.431042538339138141e-04
6.366616017908873675e-04
8.039035615264618481e-04
6.821456023148654048e-04
6.655277764288851199e-04
6.588773412474864186e-04
6.997602983050669632e-04
7.127692477839248130e-04
7.172300534266884365e-04
6.768463670246340370e-04
7.376439042686817014e-04
7.548090063873851441e-04
7.496809355912022405e-04
6.889471836131928761e-04
7.424078947360629585e-04
7.539249667319271493e-04
7.261265722026989666e-04
7.311988093795559595e-04
8.180965414284805358e-04
7.187213399261708352e-04
8.525277576514726525e-04
7.406090889546509742e-04
7.553801060538462009e-04
7.515978813164598139e-04
7.702965793033831081e-04
8.646796032801504781e-04
8.282332963897263978e-04
7.969966982851431521e-04
7.465531085253870880e-04
8.309044285510980765e-04
8.770264839688683874e-04
8.328697821968705046e-04
8.288933507361376501e-04
8.338287443187677528e-04
7.911436722432530454e-04
7.719052100773320796e-04
7.955585859561592737e-04
7.834860735490879486e-04
8.028279416715110479e-04
7.722087081074034730e-04
7.648189475606021479e-04
8.106362884978768422e-04
7.934593329932501009e-04
1.042392905540646866e-03
8.546551160343664232e-04
8.048390609842154091e-04
8.352028733214175195e-04
9.017160233580759961e-04
8.215893392692123981e-04
8.001917404657967609e-04
8.156199877906890458e-04
8.236597514412772811e-04
8.504133022073171724e-04
8.344170001199168298e-04
8.538153706389751962e-04
7.918261316125643030e-04
8.571622736467302385e-04
8.834378210452449674e-04
9.436169056173261249e-04
1.033709525816152398e-03
8.491146807606838156e-04
9.910343127321518189e-04
8.061935845632777452e-04
9.308345728642903596e-04
1.078481002068730011e-03
8.172227366540187532e-04
9.677840890436187945e-04
9.072619864742069266e-04
8.601915650709136222e-04
9.601489987107389695e-04
7.926239961769576594e-04
8.482653225108907798e-04
9.493808293116767251e-04
8.349429912101616683e-04
8.380705950769875819e-04
8.551409713513942858e-04
8.523304164182542554e-04
9.062744118583000589e-04
8.835011570695313959e-04
8.244118032914434999e-04
8.391360839605049816e-04
7.722096488245582544e-04
8.797772530001448038e-04
8.758149585543157159e-04
8.962996587976568676e-04
8.471989929127061178e-04
7.985000010787946618e-04
8.743240525175632145e-04
7.856365227167829823e-04
7.769503086034872672e-04
7.718242381436949242e-04
8.431888910961152228e-04
9.883682485070193185e-04
7.684061427038321648e-04
7.689500892913396371e-04
7.776722016498843759e-04
7.602462775892838195e-04
7.142890881197186664e-04
7.964394810625676250e-04
7.392310245875547813e-04
7.954042468009571562e-04
7.233358274096518331e-04
7.086078067977837330e-04
7.425920323142344397e-04
7.497745022970269237e-04
7.502301770827746099e-04
6.928284926083799105e-04
6.103069842974382818e-04
6.846440322596026359e-04
6.439849133419952481e-04
6.913187035824340781e-04
6.754903684995488536e-04
7.670463495990636343e-04
7.255887353129035489e-04
6.234659294889089310e-04
6.475828859436380666e-04
5.639141044137336222e-04
5.705000038677357109e-04
5.828784894464955927e-04
6.475402158106903332e-04
5.291837895321949582e-04
5.243395509295039171e-04
6.026947844354435492e-04
5.387059984579889221e-04
5.188694799022644478e-04
5.531606818833085214e-04
4.986982446807292383e-04
4.987798759122047225e-04
5.199524048736278541e-04
5.049728457073411961e-04
4.713413803986061818e-04
4.549813997945176681e-04
5.201471245901060194e-04
5.376469761550209869e-04
4.577990592303728297e-04
4.978969989026909822e-04
4.593211157940787549e-04
4.533158710296539273e-04
4.449374133376900425e-04
4.638206359164634635e-04
4.134824466780453100e-04
4.325083217581585419e-04
4.652563809349919842e-04
4.268226072027278095e-04
3.903658730071445961e-04
4.224072606242524003e-04
3.789310489288068556e-04
4.107710725026207025e-04
3.986070817409486863e-04
3.833958841203204365e-04
3.916782381836493034e-04
3.907904646593396143e-04
3.689478036619449385e-04
3.295068958020100705e-04
3.605884564912336591e-04
3.361884327672633372e-04
3.077893661101161718e-04
3.183224224724519932e-04
3.159837947222345674e-04
3.323464834243638729e-04
3.354868291461821799e-04
3.368477208076815364e-04
3.304101777552821760e-04
2.873228251803017046e-04
2.950158754974565754e-04
2.736563779663726608e-04
2.701335966718318806e-04
2.246774433432807108e-04
1.998155557576680459e-04
2.274477793379312452e-04
2.088388032018800963e-04
1.974238026660671405e-04
1.765966252033409495e-04
1.717971481854983589e-04
1.542934804112880702e-04
1.880096774086144134e-04
1.640047127791326566e-04
1.370238507904202984e-04
1.311570274262278111e-04
1.290455746565931936e-04
1.350231144508564371e-04
1.442191167804560560e-04
1.116247126695754400e-04
1.125690933672442330e-04
1.114031579386399941e-04
1.032965316948632352e-04
9.194810627297103568e-05
9.311025898067416720e-05
1.027363881347302617e-04
8.482137645424404568e-05
8.692007453641009923e-05
8.221270506808729347e-05
8.158226756214879375e-05
8.087930428688897596e-05
8.324540755140384587e-05
7.897645935015263903e-05
7.595299599774320450e-05
7.033295681201726113e-05
7.085238111173356704e-05
6.183072277631419117e-05
6.815591470636153117e-05
5.690310725933810343e-05
5.470536379942648894e-05
6.268072769909785523e-05
5.237382059043014138e-05
5.734786275651343945e-05
6.557510565112666307e-05
6.839336030349241191e-05
5.010374197371802551e-05
5.292909528130040832e-05
4.496058407137725133e-05
5.074563480186006741e-05
4.537318891022157976e-05
4.431583333566823068e-05
4.483622551455061236e-05
4.903428830325060186e-05
3.869685422175338783e-05
4.296560939671599749e-05
3.989842589269715660e-05
3.955417116298013915e-05
4.214630598841849452e-05
3.735293690229765044e-05
3.769846706244396823e-05
3.311622895751006179e-05
3.289550608074874198e-05
