1.116158658500586431e-03
1.502012241394903467e-03
1.232325782937899235e-03
1.261115109173459705e-03
1.541418016441589538e-03
1.737299919609553312e-03
1.818413655717543041e-03
1.963354563125736633e-03
1.810972347762446547e-03
1.904053620890870137e-03
2.185922237825057256e-03
2.182314165953532902e-03
2.265003039489741580e-03
2.175716889254903936e-03
2.514404295406585943e-03
2.514365827115574124e-03
2.473334407819854051e-03
3.039846038432065817e-03
3.061656372121015698e-03
3.671481081267261894e-03
4.404541023157617849e-03
3.671494487857603680e-03
3.854452855504698298e-03
4.168975079850431066e-03
3.885833485633172994e-03
3.620754831409450300e-03
3.552195618818452822e-03
4.203889703963080253e-03
3.923043498089375490e-03
4.043477593694725508e-03
4.380448312173098463e-03
4.144753909547663900e-03
4.307489579119007372e-03
4.499314102535009047e-03
4.066062640742479535e-03
4.156363607030973822e-03
4.827483711306881052e-03
4.370900539459041285e-03
4.536718474677510320e-03
4.863861499230411924e-03
4.317279002905176355e-03
4.321586549636457532e-03
4.662533929958433999e-03
4.759551010172711517e-03
4.957929877154276105e-03
5.907382694191167308e-03
5.035555961127690175e-03
5.524871530632466561e-03
5.020317819708017444e-03
5.094016913511659368e-03
5.160182753081743803e-03
5.386833832949036727e-03
4.965751606085522935e-03
5.636211762493627611e-03
5.476688627726261985e-03
5.593912411970799851e-03
6.291642873077540020e-03
5.847410899727163366e-03
5.544339247474627287e-03
5.744833007806381814e-03
5.623086981612381019e-03
5.154718186252955740e-03
6.001977328937046358e-03
5.894517776289645572e-03
6.422944286897109244e-03
5.335626983181429930e-03
6.040826751824214871e-03
6.712510691774123753e-03
6.656752819860764503e-03
5.994738871865158518e-03
5.791733355816173698e-03
5.767484070059347885e-03
6.851701015311174175e-03
5.874933530534408657e-03
6.261467876701970296e-03
6.483765543623155013e-03
6.280374198904634109e-03
6.957219716652758568e-03
6.356984627382324463e-03
6.404692666330444838e-03
7.102347119926532421e-03
6.604925223661738641e-03
6.830272703863298454e-03
6.999355968904007880e-03
7.357018792083160237e-03
6.977172775427104706e-03
6.422978187063989493e-03
6.488598145483343189e-03
6.834748673067865196e-03
6.717035858990604014e-03
6.594228030279420186e-03
7.573033413758472644e-03
8.358734929034581512e-03
7.034301616734245886e-03
8.357355786905197592e-03
7.313048080068984373e-03
6.972154893656734923e-03
7.440743639905166712e-03
8.014309471808112387e-03
7.902990360917187124e-03
8.135651995632120839e-03
8.407532366317723230e-03
7.730914844884240016e-03
8.210908631468812405e-03
7.679690230018949501e-03
7.994706258695163242e-03
8.585190798130143061e-03
9.299986785748916990e-03
7.953524426940541958e-03
7.740856853693750192e-03
8.537072603248391928e-03
9.079013716700765069e-03
9.663197035286709424e-03
8.271248210162687742e-03
9.030777817170489510e-03
8.730588355567735909e-03
8.752880690910371658e-03
8.863872402603362177e-03
9.077198035174384103e-03
9.648849080660042155e-03
8.427720906374171553e-03
9.735804770439060452e-03
1.087416755534185812e-02
9.415844383205742782e-03
1.079217151057772564e-02
9.510905251956006459e-03
1.078326947125372165e-02
9.834096465255114453e-03
1.041898292256695883e-02
1.058722962054400168e-02
1.017730119514758183e-02
1.125355702519692351e-02
1.251304681862128003e-02
1.073169392556317520e-02
1.099481577364759717e-02
1.116788467233823662e-02
1.172010099798142906e-02
1.100481008796139713e-02
1.307417147607392929e-02
1.201125116181752522e-02
1.231772068603704563e-02
1.291393230846092643e-02
1.135701660724374069e-02
1.217098670567836466e-02
1.242522507082816259e-02
1.390692759431888872e-02
1.368036578053646000e-02
1.247699515690661211e-02
1.321107926865759327e-02
1.202647389337150631e-02
1.163115628373453080e-02
1.348991021300716478e-02
1.198062393245850378e-02
1.212482254888433419e-02
1.316174165592365504e-02
1.183100124059385631e-02
1.273588133531458610e-02
1.253701149755056914e-02
1.188234555848450939e-02
1.154496582033146847e-02
1.384790818635424359e-02
1.305112198683607179e-02
1.272761808889352059e-02
1.185940596248588261e-02
1.193094173697829136e-02
1.242821094076407805e-02
1.148911997089398576e-02
1.259432621810486173e-02
1.366942916308493822e-02
1.236264878314803119e-02
1.233803197892455183e-02
1.135714153390015267e-02
1.275832687460547003e-02
1.157545030137912406e-02
1.140532671364620325e-02
1.188151336705277339e-02
1.148054657666607893e-02
1.175013054498890049e-02
1.189198242412810476e-02
1.037767747391154551e-02
1.064948627715274487e-02
1.239363464892911243e-02
1.040978741679992638e-02
1.072020737134140797e-02
1.084218894400221060e-02
1.108402018221479705e-02
9.302082512701861580e-03
9.634784072968839708e-03
1.133156052688008564e-02
1.044648612790915511e-02
9.008575778141326984e-03
1.035451935738649146e-02
9.096216679443273195e-03
9.758907450479996012e-03
9.194127587758465017e-03
9.720618068165400721e-03
8.910942782335907683e-03
8.947077949067579195e-03
8.653392611358775438e-03
8.605376419872801108e-03
7.849453884006287602e-03
8.539923504738838878e-03
8.705899488164975039e-03
7.502079097200517639e-03
7.639679247056250372e-03
8.035659774742144254e-03
7.864174097188337056e-03
7.615934297781575858e-03
8.245332997420517021e-03
6.758192731824256248e-03
6.487605977989532695e-03
6.763329202518114473e-03
7.001348849054634012e-03
6.464176430949541106e-03
6.004756573806790260e-03
6.240663320940896715e-03
5.978446580162445970e-03
6.797848686811894248e-03
7.557420511959509965e-03
5.811108689530095073e-03
6.121445556192873540e-03
4.647684137331871586e-03
4.909349202613337917e-03
4.049723678032093876e-03
3.235403376024509250e-03
4.064524886678478818e-03
2.959219893965721673e-03
2.663960572317584756e-03
2.918314311600321044e-03
2.122668123966046927e-03
1.680877057779574420e-03
2.122371082808495804e-03
1.677784199644265619e-03
1.373055183449675785e-03
1.388620133935335827e-03
1.020542713098341161e-03
1.219887181538670609e-03
1.117059238455961898e-03
1.005205379517454256e-03
7.284151755666087207e-04
1.066689180367021671e-03
6.139115789074658805e-04
7.093827008518270322e-04
5.623104867999642728e-04
5.201171772717746869e-04
5.264135928672451954e-04
4.857662756386537176e-04
5.685441437107058077e-04
4.580096235809283747e-04
4.494303223586009247e-04
4.360940175634623922e-04
3.671203013080476534e-04
3.027953445135329533e-04
2.975032811236441263e-04
3.507960162702224269e-04
2.550779724800601679e-04
2.597991857736749372e-04
2.772379642223401033e-04
2.422745995854046327e-04
2.734881482945291167e-04
2.087982221398978144e-04
2.308723126657887621e-04
2.360659949568989443e-04
2.220933126879028898e-04
2.119162431584040651e-04
2.011076701904156801e-04
1.779151072969162859e-04
1.793260969924486293e-04
1.526005301039740319e-04
1.577531648729603962e-04
1.744133499016129450e-04
1.563262543662039699e-04
1.397003551410657058e-04
1.280551871456673098e-04
1.406443866690687430e-04
1.648976524022009239e-04
1.574924697757671853e-04
1.041733211058526215e-04
1.229135700492365408e-04
1.050762932126333266e-04
1.073756041013259639e-04
