-7.000000000000000000e+00
-6.990000000000006430e+00
-6.980000000000010196e+00
-6.970000000000016627e+00
-6.960000000000004405e+00
-6.950000000000006395e+00
-6.940000000000013713e+00
-6.929999999999990834e+00
-6.919999999999998153e+00
-6.910000000000000142e+00
-6.899999999999987921e+00
-6.889999999999994351e+00
-6.879999999999996341e+00
-6.870000000000004547e+00
-6.860000000000010090e+00
-6.850000000000013856e+00
-6.840000000000020286e+00
-6.830000000000007176e+00
-6.820000000000010054e+00
-6.810000000000017373e+00
-6.799999999999995381e+00
-6.789999999999999147e+00
-6.780000000000005578e+00
-6.769999999999992468e+00
-6.759999999999994458e+00
-6.750000000000000888e+00
-6.740000000000008207e+00
-6.730000000000015525e+00
-6.720000000000016627e+00
-6.710000000000003517e+00
-6.700000000000009948e+00
-6.690000000000013713e+00
-6.680000000000020144e+00
-6.669999999999999929e+00
-6.660000000000003695e+00
-6.650000000000010125e+00
-6.639999999999997016e+00
-6.629999999999999005e+00
-6.620000000000005436e+00
-6.610000000000012754e+00
-6.600000000000019185e+00
-6.590000000000021174e+00
-6.580000000000008065e+00
-6.570000000000014495e+00
-6.560000000000015596e+00
-6.549999999999998046e+00
-6.540000000000004476e+00
-6.530000000000009130e+00
-6.519999999999993356e+00
-6.509999999999999787e+00
-6.500000000000003553e+00
-6.490000000000009983e+00
-6.480000000000017302e+00
-6.470000000000018403e+00
-6.460000000000024833e+00
-6.450000000000011724e+00
-6.440000000000012825e+00
-6.430000000000019256e+00
-6.420000000000003482e+00
-6.410000000000009912e+00
-6.400000000000012790e+00
-6.389999999999997904e+00
-6.380000000000004334e+00
-6.370000000000007212e+00
-6.360000000000013642e+00
-6.350000000000020073e+00
-6.340000000000022951e+00
-6.330000000000029381e+00
-6.320000000000014495e+00
-6.310000000000015596e+00
-6.300000000000022027e+00
-6.290000000000008917e+00
-6.280000000000016236e+00
-6.270000000000017337e+00
-6.260000000000002451e+00
-6.250000000000008882e+00
-6.240000000000009983e+00
-6.230000000000018190e+00
-6.220000000000024620e+00
-6.210000000000027498e+00
-6.200000000000033928e+00
-6.190000000000017266e+00
-6.180000000000019256e+00
-6.170000000000026574e+00
-6.160000000000014353e+00
-6.150000000000014566e+00
-6.140000000000022773e+00
-6.130000000000006999e+00
-6.120000000000008100e+00
-6.110000000000014531e+00
-6.100000000000021849e+00
-6.090000000000029168e+00
-6.080000000000029381e+00
-6.070000000000013607e+00
-6.060000000000020037e+00
-6.050000000000022915e+00
-6.040000000000011582e+00
-6.030000000000018012e+00
-6.020000000000020890e+00
-6.010000000000027320e+00
-6.000000000000011546e+00
-5.990000000000012648e+00
-5.980000000000019078e+00
-5.970000000000026397e+00
-5.960000000000032827e+00
-5.950000000000033928e+00
-5.940000000000018154e+00
-5.930000000000023697e+00
-5.920000000000023910e+00
-5.910000000000017017e+00
-5.900000000000023448e+00
-5.890000000000025437e+00
-5.880000000000007887e+00
-5.870000000000015206e+00
-5.860000000000017195e+00
-5.850000000000023626e+00
-5.840000000000030944e+00
-5.830000000000030269e+00
-5.820000000000037588e+00
-5.810000000000020037e+00
-5.800000000000022027e+00
-5.790000000000027569e+00
-5.780000000000022453e+00
-5.770000000000029772e+00
-5.760000000000029985e+00
-5.750000000000012434e+00
-5.740000000000017977e+00
-5.730000000000020854e+00
-5.720000000000027285e+00
-5.710000000000032827e+00
-5.700000000000034817e+00
-5.690000000000042135e+00
-5.680000000000024585e+00
-5.670000000000024798e+00
-5.660000000000030340e+00
-5.650000000000028777e+00
-5.640000000000034319e+00
-5.630000000000035421e+00
-5.620000000000016982e+00
-5.610000000000024301e+00
-5.600000000000023626e+00
-5.590000000000030944e+00
-5.580000000000037375e+00
-5.570000000000039364e+00
-5.560000000000045794e+00
-5.550000000000026468e+00
-5.540000000000027569e+00
-5.530000000000033999e+00
-5.520000000000033324e+00
-5.510000000000032649e+00
-5.500000000000039968e+00
-5.490000000000021529e+00
-5.480000000000021743e+00
-5.470000000000028173e+00
-5.460000000000035492e+00
-5.450000000000041922e+00
-5.440000000000042135e+00
-5.430000000000022808e+00
-5.420000000000029239e+00
-5.410000000000030340e+00
-5.400000000000036771e+00
-5.390000000000037872e+00
-5.380000000000039861e+00
-5.370000000000045404e+00
-5.360000000000026077e+00
-5.350000000000026290e+00
-5.340000000000032720e+00
-5.330000000000040039e+00
-5.320000000000046469e+00
-5.310000000000046683e+00
-5.300000000000027356e+00
-5.290000000000032898e+00
-5.280000000000033111e+00
-5.270000000000035989e+00
-5.260000000000043308e+00
-5.250000000000044409e+00
-5.240000000000022418e+00
-5.230000000000029736e+00
-5.220000000000030838e+00
-5.210000000000036380e+00
-5.200000000000044587e+00
-5.190000000000043912e+00
-5.180000000000050342e+00
-5.170000000000029239e+00
-5.160000000000029452e+00
-5.150000000000034994e+00
-5.140000000000042313e+00
-5.130000000000048743e+00
-5.120000000000048068e+00
-5.110000000000026965e+00
-5.100000000000034284e+00
-5.090000000000034497e+00
-5.080000000000040927e+00
-5.070000000000047358e+00
-5.060000000000047571e+00
-5.050000000000054001e+00
-5.040000000000033786e+00
-5.030000000000033111e+00
-5.020000000000039542e+00
-5.010000000000046860e+00
-5.000000000000053291e+00
-4.990000000000052616e+00
-4.980000000000032401e+00
-4.970000000000038831e+00
-4.960000000000037268e+00
-4.950000000000044587e+00
-4.940000000000051017e+00
-4.930000000000052118e+00
-4.920000000000057661e+00
-4.910000000000036557e+00
-4.900000000000037659e+00
-4.890000000000043201e+00
-4.880000000000051408e+00
-4.870000000000049845e+00
-4.860000000000055387e+00
-4.850000000000036948e+00
-4.840000000000035385e+00
-4.830000000000041815e+00
-4.820000000000050022e+00
-4.810000000000055564e+00
-4.800000000000054001e+00
-4.790000000000035563e+00
-4.780000000000041105e+00
-4.770000000000041318e+00
-4.760000000000047748e+00
-4.750000000000054179e+00
-4.740000000000054392e+00
-4.730000000000059934e+00
-4.720000000000041496e+00
-4.710000000000039933e+00
-4.700000000000046363e+00
-4.690000000000053682e+00
-4.680000000000060112e+00
-4.670000000000057661e+00
-4.660000000000040110e+00
-4.650000000000045652e+00
-4.640000000000044089e+00
-4.630000000000051408e+00
-4.620000000000057838e+00
-4.610000000000058051e+00
-4.600000000000038725e+00
-4.590000000000044267e+00
-4.580000000000044480e+00
-4.570000000000050022e+00
-4.560000000000058229e+00
-4.550000000000056666e+00
-4.540000000000061320e+00
-4.530000000000044658e+00
-4.520000000000042206e+00
-4.510000000000048637e+00
-4.500000000000055955e+00
-4.490000000000062386e+00
-4.480000000000059934e+00
-4.470000000000043272e+00
-4.460000000000048814e+00
-4.450000000000049027e+00
-4.440000000000054570e+00
-4.430000000000060112e+00
-4.420000000000060325e+00
-4.410000000000065867e+00
-4.400000000000049205e+00
-4.390000000000046754e+00
-4.380000000000052296e+00
-4.370000000000060503e+00
-4.360000000000066933e+00
-4.350000000000063594e+00
-4.340000000000048708e+00
-4.330000000000053362e+00
-4.320000000000050910e+00
-4.310000000000059117e+00
-4.300000000000064659e+00
-4.290000000000063984e+00
-4.280000000000069527e+00
-4.270000000000051976e+00
-4.260000000000051301e+00
-4.250000000000056843e+00
-4.240000000000065050e+00
-4.230000000000061711e+00
-4.220000000000067253e+00
-4.210000000000052367e+00
-4.200000000000049916e+00
-4.190000000000055458e+00
-4.180000000000063665e+00
-4.170000000000068319e+00
-4.160000000000064979e+00
-4.150000000000051870e+00
-4.140000000000056524e+00
-4.130000000000055849e+00
-4.120000000000061391e+00
-4.110000000000066933e+00
-4.100000000000066258e+00
-4.090000000000070912e+00
-4.080000000000057803e+00
-4.070000000000054463e+00
-4.060000000000059117e+00
-4.050000000000067324e+00
-4.040000000000072866e+00
-4.030000000000069527e+00
-4.020000000000056417e+00
-4.010000000000061071e+00
-4.000000000000057732e+00
-3.990000000000065938e+00
-3.980000000000070592e+00
-3.970000000000069473e+00
-3.960000000000054587e+00
-3.950000000000060130e+00
-3.940000000000059011e+00
-3.930000000000063665e+00
-3.920000000000071427e+00
-3.910000000000068088e+00
-3.900000000000072742e+00
-3.890000000000060965e+00
-3.880000000000056737e+00
-3.870000000000062723e+00
-3.860000000000070486e+00
-3.850000000000075140e+00
-3.840000000000070912e+00
-3.830000000000059579e+00
-3.820000000000064677e+00
-3.810000000000062670e+00
-3.800000000000068212e+00
-3.790000000000073310e+00
-3.780000000000071747e+00
-3.770000000000076845e+00
-3.760000000000065956e+00
-3.750000000000061284e+00
-3.740000000000065938e+00
-3.730000000000073701e+00
-3.720000000000078799e+00
-3.710000000000074571e+00
-3.700000000000065015e+00
-3.690000000000069225e+00
-3.680000000000064997e+00
-3.670000000000072760e+00
-3.660000000000077414e+00
-3.650000000000074962e+00
-3.640000000000079616e+00
-3.630000000000068283e+00
-3.620000000000065832e+00
-3.610000000000070486e+00
-3.600000000000077804e+00
-3.590000000000073133e+00
-3.580000000000077787e+00
-3.570000000000069562e+00
-3.560000000000064446e+00
-3.550000000000069544e+00
-3.540000000000077307e+00
-3.530000000000081073e+00
-3.520000000000075957e+00
-3.510000000000068177e+00
-3.500000000000072831e+00
-3.490000000000069935e+00
-3.480000000000075033e+00
-3.470000000000080131e+00
-3.460000000000077236e+00
-3.450000000000081446e+00
-3.440000000000074110e+00
-3.430000000000068994e+00
-3.420000000000073204e+00
-3.410000000000080522e+00
-3.400000000000085176e+00
-3.390000000000080060e+00
-3.380000000000073168e+00
-3.370000000000077822e+00
-3.360000000000071818e+00
-3.350000000000079581e+00
-3.340000000000083347e+00
-3.330000000000080007e+00
-3.320000000000071783e+00
-3.310000000000076881e+00
-3.300000000000073541e+00
-3.290000000000077307e+00
-3.280000000000085070e+00
-3.270000000000078622e+00
-3.260000000000082832e+00
-3.250000000000077716e+00
-3.240000000000071712e+00
-3.230000000000076810e+00
-3.220000000000083684e+00
-3.210000000000087450e+00
-3.200000000000081446e+00
-3.190000000000077218e+00
-3.180000000000081428e+00
-3.170000000000077200e+00
-3.160000000000081855e+00
-3.150000000000086509e+00
-3.140000000000082281e+00
-3.130000000000086047e+00
-3.120000000000083151e+00
-3.110000000000076259e+00
-3.100000000000080025e+00
-3.090000000000086899e+00
-3.080000000000091998e+00
-3.070000000000084661e+00
-3.060000000000082210e+00
-3.050000000000086420e+00
-3.040000000000078639e+00
-3.030000000000086402e+00
-3.020000000000089724e+00
-3.010000000000085052e+00
-3.000000000000089706e+00
-2.990000000000085922e+00
-2.980000000000080806e+00
-2.970000000000084128e+00
-2.960000000000091891e+00
-2.950000000000083666e+00
-2.940000000000086988e+00
-2.930000000000086757e+00
-2.920000000000078977e+00
-2.910000000000083631e+00
-2.900000000000090505e+00
-2.890000000000093827e+00
-2.880000000000086047e+00
-2.870000000000087148e+00
-2.860000000000090026e+00
-2.850000000000084910e+00
-2.840000000000088676e+00
-2.830000000000092442e+00
-2.820000000000086882e+00
-2.810000000000090203e+00
-2.800000000000092193e+00
-2.790000000000083524e+00
-2.780000000000086846e+00
-2.770000000000094165e+00
-2.760000000000097931e+00
-2.750000000000088818e+00
-2.740000000000091696e+00
-2.730000000000095017e+00
-2.720000000000085905e+00
-2.710000000000093223e+00
-2.700000000000096101e+00
-2.690000000000089209e+00
-2.680000000000090754e+00
-2.670000000000094964e+00
-2.660000000000088072e+00
-2.650000000000090949e+00
-2.640000000000098268e+00
-2.630000000000088711e+00
-2.620000000000091145e+00
-2.610000000000096687e+00
-2.600000000000086242e+00
-2.590000000000090452e+00
-2.580000000000097327e+00
-2.570000000000100204e+00
-2.560000000000089315e+00
-2.550000000000096634e+00
-2.540000000000099067e+00
-2.530000000000092175e+00
-2.520000000000095497e+00
-2.510000000000098819e+00
-2.500000000000091926e+00
-2.490000000000094804e+00
-2.480000000000101679e+00
-2.470000000000091234e+00
-2.460000000000093667e+00
-2.450000000000100542e+00
-2.440000000000103864e+00
-2.430000000000093863e+00
-2.420000000000100737e+00
-2.410000000000102727e+00
-2.400000000000092726e+00
-2.390000000000100044e+00
-2.380000000000102034e+00
-2.370000000000095586e+00
-2.360000000000098908e+00
-2.350000000000102229e+00
-2.340000000000096225e+00
-2.330000000000098215e+00
-2.320000000000105089e+00
-2.310000000000095088e+00
-2.300000000000097078e+00
-2.290000000000103952e+00
-2.280000000000094396e+00
-2.270000000000097273e+00
-2.260000000000104148e+00
-2.250000000000105693e+00
-2.240000000000096136e+00
-2.230000000000103011e+00
-2.220000000000105000e+00
-2.210000000000099440e+00
-2.200000000000102318e+00
-2.190000000000105196e+00
-2.180000000000099636e+00
-2.170000000000101625e+00
-2.160000000000108500e+00
-2.150000000000099387e+00
-2.140000000000100489e+00
-2.130000000000107363e+00
-2.120000000000109797e+00
-2.110000000000100684e+00
-2.100000000000107558e+00
-2.090000000000108660e+00
-2.080000000000099991e+00
-2.070000000000106866e+00
-2.060000000000107523e+00
-2.049991900000103229e+00
-2.040000000000105729e+00
-2.030000000000108162e+00
-2.020000000000103935e+00
-2.010000000000104592e+00
-1.999992000000111458e+00
-1.989992020000103556e+00
-1.980000000000104121e+00
-1.970000000000110330e+00
-1.960000000000102327e+00
-1.950000000000104539e+00
-1.940000000000110747e+00
-1.930000000000111404e+00
-1.920000000000103402e+00
-1.909992180000110285e+00
-1.899984400000110485e+00
-1.890000000000107372e+00
-1.880000000000109139e+00
-1.870000000000110907e+00
-1.860000000000108011e+00
-1.850000000000108225e+00
-1.840000000000114433e+00
-1.829992340000107465e+00
-1.820000000000107532e+00
-1.810000000000113740e+00
-1.800000000000114841e+00
-1.790000000000107949e+00
-1.779992440000114140e+00
-1.770000000000113705e+00
-1.760000000000107256e+00
-1.749992500000113749e+00
-1.740000000000113012e+00
-1.730000000000111449e+00
-1.720000000000112550e+00
-1.709992580000113671e+00
-1.700000000000112310e+00
-1.690000000000111413e+00
-1.679985280000117820e+00
-1.670000000000112061e+00
-1.659992680000111021e+00
-1.650000000000116707e+00
-1.640000000000110925e+00
-1.630000000000111804e+00
-1.619992760000117604e+00
-1.609992780000116142e+00
-1.600000000000110889e+00
-1.590000000000117097e+00
-1.580000000000115090e+00
-1.569992860000115842e+00
-1.560000000000115961e+00
-1.549985800000115876e+00
-1.539992920000116783e+00
-1.530000000000115046e+00
-1.520000000000121032e+00
-1.510000000000116138e+00
-1.500000000000114353e+00
-1.489993020000119905e+00
-1.479993040000119553e+00
-1.470000000000115437e+00
-1.459993080000120846e+00
-1.449993100000118273e+00
-1.440000000000114522e+00
-1.429979420000120349e+00
-1.419993160000117660e+00
-1.409993180000119972e+00
-1.399993200000119398e+00
-1.389993220000118157e+00
-1.379993240000121357e+00
-1.370000000000118456e+00
-1.360000000000123999e+00
-1.349993300000121188e+00
-1.339993320000117949e+00
-1.329980020000123053e+00
-1.319986720000120517e+00
-1.309986760000119155e+00
-1.299986800000124232e+00
-1.289993420000120627e+00
-1.279986880000118177e+00
-1.269986920000123698e+00
-1.259986960000119671e+00
-1.249980500000124284e+00
-1.239974080000122880e+00
-1.229954780000120929e+00
-1.219980680000125828e+00
-1.209967900000121777e+00
-1.199974400000126895e+00
-1.189993620000125318e+00
-1.179980920000121447e+00
-1.169980980000125736e+00
-1.159993680000124483e+00
-1.149987400000123117e+00
-1.139974880000127477e+00
-1.129993740000123648e+00
-1.119962560000122176e+00
-1.109981340000127048e+00
-1.099987600000123189e+00
-1.089956740000127322e+00
-1.079981520000126149e+00
-1.069981580000124888e+00
-1.059957160000129184e+00
-1.049975600000125242e+00
-1.039981760000129984e+00
-1.029969700000128885e+00
-1.019975840000125089e+00
-1.009929660000128848e+00
-9.999580000001279112e-01
-9.899760800001270455e-01
-9.799503600001308046e-01
-9.699703000001270725e-01
-9.599350400001261940e-01
-9.499450000001303795e-01
-9.399649600001267480e-01
-9.299589800001302198e-01
-9.199649600001296168e-01
-9.099439800001293266e-01
-8.999594000001321925e-01
-8.899248600001288256e-01
-8.799003200001324076e-01
-2.135712919999988468e+00
-3.139999999999872227e+00
-3.149999999999864908e+00
-3.159999999999860254e+00
-3.169999999999867146e+00
-3.179999999999870930e+00
-3.189999999999867164e+00
-3.199999999999873612e+00
-3.209999999999866294e+00
-3.219999999999862084e+00
-3.229999999999865867e+00
-3.239999999999872760e+00
-3.249999999999868106e+00
-3.259999999999871889e+00
-3.269999999999868123e+00
-3.279999999999860361e+00
-3.289999999999866365e+00
-3.299999999999862599e+00
-3.309999999999868159e+00
-3.319999999999873719e+00
-3.329999999999869065e+00
-3.339999999999861746e+00
-3.349999999999857536e+00
-3.359999999999863540e+00
-3.369999999999869988e+00
-3.379999999999865334e+00
-3.389999999999868674e+00
-3.399999999999863576e+00
-3.409999999999858478e+00
-3.419999999999861817e+00
-3.429999999999857163e+00
-3.439999999999864500e+00
-3.449999999999869615e+00
-3.459999999999865405e+00
-3.469999999999858087e+00
-3.479999999999852989e+00
-3.489999999999858549e+00
-3.499999999999865885e+00
-3.509999999999861675e+00
-3.519999999999866347e+00
-3.529999999999859028e+00
-3.539999999999854374e+00
-3.549999999999857270e+00
-3.559999999999852172e+00
-3.569999999999863061e+00
-3.579999999999865068e+00
-3.589999999999860858e+00
-3.599999999999853983e+00
-3.609999999999858655e+00
-3.619999999999854001e+00
-3.629999999999863114e+00
-3.639999999999867342e+00
-3.649999999999862244e+00
-3.659999999999854925e+00
-3.669999999999850715e+00
-3.679999999999854943e+00
-3.689999999999864055e+00
-3.699999999999859401e+00
-3.709999999999861853e+00
-3.719999999999856755e+00
-3.729999999999851656e+00
-3.739999999999853220e+00
-3.749999999999849010e+00
-3.759999999999859011e+00
-3.769999999999863682e+00
-3.779999999999858584e+00
-3.789999999999851266e+00
-3.799999999999846167e+00
-3.809999999999849951e+00
-3.819999999999860840e+00
-3.829999999999856186e+00
-3.839999999999859970e+00
-3.849999999999852207e+00
-3.859999999999847553e+00
-3.869999999999848672e+00
-3.879999999999862226e+00
-3.889999999999857128e+00
-3.899999999999859135e+00
-3.909999999999854481e+00
-3.919999999999846718e+00
-3.929999999999850058e+00
-3.939999999999845404e+00
-3.949999999999858069e+00
-3.959999999999861409e+00
-3.969999999999855422e+00
-3.979999999999847660e+00
-3.989999999999843006e+00
-3.999999999999846345e+00
-4.009999999999859455e+00
-4.019999999999854801e+00
-4.029999999999855476e+00
-4.039999999999849933e+00
-4.049999999999844391e+00
-4.059999999999845066e+00
-4.069999999999840412e+00
-4.079999999999853522e+00
-4.089999999999856861e+00
-4.099999999999852207e+00
-4.109999999999844000e+00
-4.119999999999838458e+00
-4.129999999999841798e+00
-4.139999999999855795e+00
-4.149999999999850253e+00
-4.159999999999853593e+00
-4.169999999999845386e+00
-4.179999999999839844e+00
-4.189999999999840519e+00
-4.199999999999834976e+00
-4.209999999999852527e+00
-4.219999999999853202e+00
-4.229999999999847660e+00
-4.239999999999839453e+00
-4.249999999999842792e+00
-4.259999999999837250e+00
-4.269999999999852136e+00
-4.279999999999854587e+00
-4.289999999999849045e+00
-4.299999999999841727e+00
-4.309999999999835296e+00
-4.319999999999838636e+00
-4.329999999999853522e+00
-4.339999999999848868e+00
-4.349999999999848654e+00
-4.359999999999843112e+00
-4.369999999999837570e+00
-4.379999999999837357e+00
-4.389999999999831815e+00
-4.399999999999848477e+00
-4.409999999999850928e+00
-4.419999999999844498e+00
-4.429999999999837179e+00
-4.439999999999830749e+00
-4.449999999999833200e+00
-4.459999999999849862e+00
-4.469999999999845208e+00
-4.479999999999846771e+00
-4.489999999999838565e+00
-4.499999999999833022e+00
-4.509999999999833697e+00
-4.519999999999852136e+00
-4.529999999999845706e+00
-4.539999999999846381e+00
-4.549999999999840838e+00
-4.559999999999832632e+00
-4.569999999999834195e+00
-4.579999999999828653e+00
-4.589999999999846203e+00
-4.599999999999848654e+00
-4.609999999999842224e+00
-4.619999999999834905e+00
-4.629999999999828475e+00
-4.639999999999830038e+00
-4.649999999999848477e+00
-4.659999999999842935e+00
-4.669999999999842721e+00
-4.679999999999836291e+00
-4.689999999999829861e+00
-4.699999999999829647e+00
-4.709999999999824105e+00
-4.719999999999842544e+00
-4.729999999999844107e+00
-4.739999999999838565e+00
-4.749999999999830358e+00
-4.759999999999823928e+00
-4.769999999999825491e+00
-4.779999999999843929e+00
-4.789999999999838387e+00
-4.799999999999839950e+00
-4.809999999999831743e+00
-4.819999999999826201e+00
-4.829999999999825988e+00
-4.839999999999819558e+00
-4.849999999999840661e+00
-4.859999999999839559e+00
-4.869999999999834017e+00
-4.879999999999825810e+00
-4.889999999999827374e+00
-4.899999999999821831e+00
-4.909999999999841158e+00
-4.919999999999841833e+00
-4.929999999999835403e+00
-4.939999999999828084e+00
-4.949999999999821654e+00
-4.959999999999822329e+00
-4.969999999999842544e+00
-4.979999999999836113e+00
-4.989999999999835900e+00
-4.999999999999829470e+00
-5.009999999999823039e+00
-5.019999999999821938e+00
-5.029999999999816396e+00
-5.039999999999836611e+00
-5.049999999999837286e+00
-5.059999999999830855e+00
-5.069999999999823537e+00
-5.079999999999817106e+00
-5.089999999999817781e+00
-5.099999999999838884e+00
-5.109999999999832454e+00
-5.119999999999833129e+00
-5.129999999999825810e+00
-5.139999999999819380e+00
-5.149999999999818279e+00
-5.159999999999839382e+00
-5.169999999999833840e+00
-5.179999999999832738e+00
-5.189999999999827196e+00
-5.199999999999818989e+00
-5.209999999999819664e+00
-5.219999999999813234e+00
-5.229999999999832561e+00
-5.239999999999834124e+00
-5.249999999999826805e+00
-5.259999999999823039e+00
-5.269999999999816609e+00
-5.279999999999817284e+00
-5.289999999999836611e+00
-5.299999999999830180e+00
-5.309999999999829079e+00
-5.319999999999822649e+00
-5.329999999999816218e+00
-5.339999999999815117e+00
-5.349999999999808686e+00
-5.359999999999828013e+00
-5.369999999999828688e+00
-5.379999999999821370e+00
-5.389999999999820268e+00
-5.399999999999813838e+00
-5.409999999999813625e+00
-5.419999999999832063e+00
-5.429999999999825633e+00
-5.439999999999826308e+00
-5.449999999999818989e+00
-5.459999999999812559e+00
-5.469999999999811457e+00
-5.479999999999804139e+00
-5.489999999999823466e+00
-5.499999999999822364e+00
-5.509999999999815934e+00
-5.519999999999816609e+00
-5.529999999999817284e+00
-5.539999999999809965e+00
-5.549999999999828404e+00
-5.559999999999828191e+00
-5.569999999999821760e+00
-5.579999999999814442e+00
-5.589999999999808011e+00
-5.599999999999807798e+00
-5.609999999999826237e+00
-5.619999999999818918e+00
-5.629999999999816929e+00
-5.639999999999820268e+00
-5.649999999999814726e+00
-5.659999999999812736e+00
-5.669999999999806306e+00
-5.679999999999824745e+00
-5.689999999999823643e+00
-5.699999999999817213e+00
-5.709999999999809894e+00
-5.719999999999803464e+00
-5.729999999999803251e+00
-5.739999999999820801e+00
-5.749999999999813483e+00
-5.759999999999812381e+00
-5.769999999999818385e+00
-5.779999999999811067e+00
-5.789999999999809965e+00
-5.799999999999828404e+00
-5.809999999999821085e+00
-5.819999999999819096e+00
-5.829999999999812665e+00
-5.839999999999805347e+00
-5.849999999999806022e+00
-5.859999999999798703e+00
-5.869999999999814477e+00
-5.879999999999814264e+00
-5.889999999999806946e+00
-5.899999999999814726e+00
-5.909999999999808296e+00
-5.919999999999808082e+00
-5.929999999999823856e+00
-5.939999999999818314e+00
-5.949999999999815437e+00
-5.959999999999809006e+00
-5.969999999999802576e+00
-5.979999999999799698e+00
-5.989999999999794156e+00
-5.999999999999809930e+00
-6.009999999999808828e+00
-6.019999999999802398e+00
-6.029999999999811067e+00
-6.039999999999804636e+00
-6.049999999999804423e+00
-6.059999999999820197e+00
-6.069999999999813767e+00
-6.079999999999812665e+00
-6.089999999999804459e+00
-6.099999999999798916e+00
-6.109999999999796927e+00
-6.119999999999789608e+00
-6.129999999999805382e+00
-6.139999999999803393e+00
-6.149999999999796074e+00
-6.159999999999809184e+00
-6.169999999999808082e+00
-6.179999999999800764e+00
-6.189999999999815650e+00
-6.199999999999814548e+00
-6.209999999999808118e+00
-6.219999999999799911e+00
-6.229999999999793481e+00
-6.239999999999793268e+00
-6.249999999999808153e+00
-6.259999999999800835e+00
-6.269999999999798845e+00
-6.279999999999793303e+00
-6.289999999999805524e+00
-6.299999999999803535e+00
-6.309999999999796216e+00
-6.319999999999811990e+00
-6.329999999999810001e+00
-6.339999999999804459e+00
-6.349999999999796252e+00
-6.359999999999789821e+00
-6.369999999999788720e+00
-6.379999999999801830e+00
-6.389999999999795399e+00
-6.399999999999794298e+00
-6.409999999999810072e+00
-6.419999999999803642e+00
-6.429999999999799876e+00
-6.439999999999815650e+00
-6.449999999999809219e+00
-6.459999999999806342e+00
-6.469999999999799911e+00
-6.479999999999791704e+00
-6.489999999999790603e+00
-6.499999999999784173e+00
-6.509999999999797282e+00
-6.519999999999796181e+00
-6.529999999999789750e+00
-6.539999999999806413e+00
-6.549999999999799982e+00
-6.559999999999797993e+00
-6.569999999999811102e+00
-6.579999999999804672e+00
-6.589999999999801794e+00
-6.599999999999795364e+00
-6.609999999999788933e+00
-6.619999999999786056e+00
-6.629999999999778737e+00
-6.639999999999791847e+00
-6.649999999999790745e+00
-6.659999999999784315e+00
-6.669999999999801865e+00
-6.679999999999795435e+00
-6.689999999999794333e+00
-6.699999999999807443e+00
-6.709999999999801013e+00
-6.719999999999799023e+00
-6.729999999999790816e+00
-6.739999999999785274e+00
-6.749999999999781508e+00
-6.759999999999775078e+00
-6.769999999999788187e+00
-6.779999999999785310e+00
-6.789999999999777991e+00
-6.799999999999799094e+00
-6.809999999999796216e+00
-6.819999999999789786e+00
-6.829999999999802895e+00
-6.839999999999800906e+00
-6.849999999999794476e+00
-6.859999999999787157e+00
-6.869999999999779838e+00
-6.879999999999778737e+00
-6.889999999999790958e+00
-6.899999999999783640e+00
-6.909999999999781650e+00
-6.919999999999801865e+00
-6.929999999999796323e+00
-6.939999999999793445e+00
-6.949999999999786127e+00
-6.959999999999798348e+00
-6.969999999999796358e+00
-6.979999999999789928e+00
-6.989999999999781721e+00
